0.000000000e+00	1.000000000e+00	3.500000000e+02	0.000000000e+00	0.000000000e+00	0.000000000e+00	0.000000000e+00	0.000000000e+00	0.000000000e+00	0.000000000e+00	3.500000000e+01	0.000000000e+00	0.000000000e+00	0.000000000e+00	0.000000000e+00	0.000000000e+00	0.000000000e+00	0.000000000e+00	0.000000000e+00	0.000000000e+00	0.000000000e+00	0.000000000e+00	0.000000000e+00	0.000000000e+00	
8.400000000e+01	0.000000000e+00	3.800000000e+01	0.000000000e+00	1.000000000e+00	1.000000000e+00	9.000000000e+00	0.000000000e+00	0.000000000e+00	1.000000000e+00	3.690000000e+02	1.300000000e+01	6.000000000e+00	1.670000000e+02	4.300000000e+01	9.800000000e+01	3.200000000e+01	0.000000000e+00	0.000000000e+00	2.000000000e+00	1.000000000e+00	8.818000000e+03	0.000000000e+00	9.990000000e+02	
1.680000000e+02	0.000000000e+00	3.100000000e+01	0.000000000e+00	1.000000000e+00	0.000000000e+00	1.400000000e+01	0.000000000e+00	1.000000000e+00	2.000000000e+00	2.080000000e+02	3.300000000e+01	2.000000000e+01	5.270000000e+02	1.640000000e+02	4.890000000e+02	3.890000000e+02	2.000000000e+00	0.000000000e+00	1.000000000e+01	8.000000000e+00	1.033690000e+05	1.000000000e+01	1.230050000e+05	
2.520000000e+02	1.000000000e+00	4.200000000e+01	0.000000000e+00	0.000000000e+00	0.000000000e+00	2.000000000e+01	0.000000000e+00	0.000000000e+00	1.000000000e+00	2.820000000e+02	4.500000000e+01	3.600000000e+01	9.360000000e+02	3.170000000e+02	1.589000000e+03	1.240000000e+03	6.000000000e+00	0.000000000e+00	2.700000000e+01	1.600000000e+01	1.292280000e+05	4.500000000e+01	1.125206000e+06	
3.360000000e+02	1.000000000e+00	4.200000000e+01	0.000000000e+00	0.000000000e+00	0.000000000e+00	1.900000000e+01	1.000000000e+00	2.000000000e+00	1.000000000e+00	2.960000000e+02	4.800000000e+01	4.300000000e+01	1.138000000e+03	4.780000000e+02	2.981000000e+03	2.653000000e+03	2.300000000e+01	1.500000000e+01	4.800000000e+01	3.100000000e+01	1.494010000e+05	9.500000000e+01	3.654296000e+06	
4.200000000e+02	0.000000000e+00	4.600000000e+01	1.000000000e+00	0.000000000e+00	0.000000000e+00	1.200000000e+01	0.000000000e+00	2.000000000e+00	0.000000000e+00	2.650000000e+02	4.700000000e+01	5.000000000e+01	1.147000000e+03	5.230000000e+02	4.501000000e+03	4.268000000e+03	4.500000000e+01	4.300000000e+01	6.700000000e+01	5.000000000e+01	1.655290000e+05	1.420000000e+02	8.037255000e+06	
5.040000000e+02	0.000000000e+00	4.200000000e+01	1.000000000e+00	0.000000000e+00	1.000000000e+00	1.900000000e+01	0.000000000e+00	1.000000000e+00	1.000000000e+00	3.460000000e+02	5.500000000e+01	4.900000000e+01	1.438000000e+03	5.620000000e+02	6.005000000e+03	5.885000000e+03	7.600000000e+01	6.900000000e+01	8.400000000e+01	7.100000000e+01	1.790680000e+05	1.980000000e+02	1.404069800e+07	
5.880000000e+02	1.000000000e+00	5.100000000e+01	0.000000000e+00	0.000000000e+00	1.000000000e+00	1.100000000e+01	0.000000000e+00	0.000000000e+00	0.000000000e+00	3.450000000e+02	4.900000000e+01	5.300000000e+01	1.417000000e+03	5.500000000e+02	7.692000000e+03	7.580000000e+03	1.090000000e+02	1.150000000e+02	1.030000000e+02	8.900000000e+01	1.850030000e+05	2.400000000e+02	2.194471500e+07	
6.720000000e+02	0.000000000e+00	5.000000000e+01	1.000000000e+00	0.000000000e+00	0.000000000e+00	1.500000000e+01	0.000000000e+00	2.000000000e+00	2.000000000e+00	3.890000000e+02	5.200000000e+01	5.000000000e+01	1.297000000e+03	5.580000000e+02	9.293000000e+03	9.178000000e+03	1.640000000e+02	1.600000000e+02	1.250000000e+02	1.100000000e+02	1.915220000e+05	3.140000000e+02	3.181658700e+07	
7.560000000e+02	0.000000000e+00	4.600000000e+01	0.000000000e+00	1.000000000e+00	1.000000000e+00	1.700000000e+01	0.000000000e+00	2.000000000e+00	1.000000000e+00	3.610000000e+02	5.500000000e+01	5.100000000e+01	1.334000000e+03	5.760000000e+02	1.086400000e+04	1.076400000e+04	2.120000000e+02	2.100000000e+02	1.460000000e+02	1.320000000e+02	1.983220000e+05	3.360000000e+02	4.354850400e+07	
8.400000000e+02	0.000000000e+00	5.200000000e+01	0.000000000e+00	1.000000000e+00	1.000000000e+00	1.200000000e+01	1.000000000e+00	0.000000000e+00	1.000000000e+00	3.560000000e+02	5.300000000e+01	5.500000000e+01	1.377000000e+03	5.830000000e+02	1.247700000e+04	1.239100000e+04	2.810000000e+02	2.800000000e+02	1.670000000e+02	1.530000000e+02	2.042660000e+05	4.280000000e+02	5.716490800e+07	
9.240000000e+02	1.000000000e+00	5.300000000e+01	0.000000000e+00	0.000000000e+00	0.000000000e+00	9.000000000e+00	0.000000000e+00	2.000000000e+00	0.000000000e+00	7.900000000e+01	5.100000000e+01	4.500000000e+01	1.357000000e+03	5.590000000e+02	1.415400000e+04	1.402000000e+04	3.570000000e+02	3.630000000e+02	1.840000000e+02	1.790000000e+02	2.092050000e+05	4.510000000e+02	7.271197000e+07	
1.008000000e+03	1.000000000e+00	5.000000000e+01	0.000000000e+00	0.000000000e+00	1.000000000e+00	1.100000000e+01	0.000000000e+00	0.000000000e+00	1.000000000e+00	5.800000000e+01	5.400000000e+01	4.700000000e+01	1.432000000e+03	5.150000000e+02	1.584500000e+04	1.538100000e+04	4.390000000e+02	4.540000000e+02	1.990000000e+02	1.960000000e+02	2.118840000e+05	4.750000000e+02	9.002706100e+07	
1.092000000e+03	1.000000000e+00	5.200000000e+01	0.000000000e+00	0.000000000e+00	2.000000000e+00	1.200000000e+01	0.000000000e+00	1.000000000e+00	0.000000000e+00	4.640000000e+02	5.400000000e+01	4.300000000e+01	1.454000000e+03	4.950000000e+02	1.745800000e+04	1.678700000e+04	5.250000000e+02	5.600000000e+02	2.150000000e+02	2.150000000e+02	2.144220000e+05	5.770000000e+02	1.089447880e+08	
1.176000000e+03	0.000000000e+00	5.200000000e+01	1.000000000e+00	0.000000000e+00	2.000000000e+00	1.200000000e+01	0.000000000e+00	0.000000000e+00	1.000000000e+00	1.910000000e+02	5.000000000e+01	5.100000000e+01	1.476000000e+03	4.890000000e+02	1.920600000e+04	1.826000000e+04	6.210000000e+02	6.530000000e+02	2.410000000e+02	2.300000000e+02	2.178860000e+05	5.880000000e+02	1.295387320e+08	
1.260000000e+03	1.000000000e+00	5.300000000e+01	0.000000000e+00	0.000000000e+00	1.000000000e+00	1.600000000e+01	0.000000000e+00	2.000000000e+00	0.000000000e+00	2.680000000e+02	5.600000000e+01	4.900000000e+01	1.553000000e+03	5.420000000e+02	2.083400000e+04	1.974700000e+04	7.100000000e+02	7.460000000e+02	2.600000000e+02	2.500000000e+02	2.235960000e+05	6.350000000e+02	1.518826390e+08	
1.344000000e+03	0.000000000e+00	5.300000000e+01	1.000000000e+00	0.000000000e+00	1.000000000e+00	2.000000000e+01	0.000000000e+00	2.000000000e+00	0.000000000e+00	6.070000000e+02	5.800000000e+01	4.800000000e+01	1.562000000e+03	5.150000000e+02	2.258600000e+04	2.123300000e+04	8.200000000e+02	8.550000000e+02	2.790000000e+02	2.680000000e+02	2.273710000e+05	7.070000000e+02	1.760023590e+08	
1.428000000e+03	0.000000000e+00	5.900000000e+01	0.000000000e+00	1.000000000e+00	0.000000000e+00	2.000000000e+01	0.000000000e+00	1.000000000e+00	0.000000000e+00	5.420000000e+02	7.300000000e+01	5.700000000e+01	1.719000000e+03	6.810000000e+02	2.448500000e+04	2.295900000e+04	9.330000000e+02	9.690000000e+02	2.910000000e+02	2.860000000e+02	2.317770000e+05	6.950000000e+02	2.019123160e+08	
1.512000000e+03	0.000000000e+00	5.900000000e+01	1.000000000e+00	0.000000000e+00	1.000000000e+00	2.400000000e+01	0.000000000e+00	1.000000000e+00	1.000000000e+00	5.100000000e+02	7.400000000e+01	5.600000000e+01	1.865000000e+03	6.780000000e+02	2.646900000e+04	2.472600000e+04	1.068000000e+03	1.089000000e+03	3.140000000e+02	3.080000000e+02	2.363180000e+05	8.240000000e+02	2.299356990e+08	
1.596000000e+03	1.000000000e+00	7.000000000e+01	0.000000000e+00	0.000000000e+00	2.000000000e+00	1.900000000e+01	0.000000000e+00	1.000000000e+00	0.000000000e+00	5.370000000e+02	6.800000000e+01	6.200000000e+01	1.832000000e+03	6.700000000e+02	2.864400000e+04	2.659300000e+04	1.185000000e+03	1.214000000e+03	3.400000000e+02	3.280000000e+02	2.405130000e+05	8.990000000e+02	2.601119860e+08	
1.680000000e+03	0.000000000e+00	6.100000000e+01	1.000000000e+00	0.000000000e+00	0.000000000e+00	2.300000000e+01	0.000000000e+00	0.000000000e+00	0.000000000e+00	5.410000000e+02	7.100000000e+01	5.200000000e+01	1.793000000e+03	6.280000000e+02	3.071000000e+04	2.850800000e+04	1.326000000e+03	1.365000000e+03	3.590000000e+02	3.550000000e+02	2.452140000e+05	9.480000000e+02	2.925085520e+08	
1.764000000e+03	0.000000000e+00	6.300000000e+01	0.000000000e+00	1.000000000e+00	1.000000000e+00	1.800000000e+01	0.000000000e+00	0.000000000e+00	2.000000000e+00	4.160000000e+02	6.800000000e+01	6.300000000e+01	1.826000000e+03	6.330000000e+02	3.271500000e+04	3.023000000e+04	1.515000000e+03	1.539000000e+03	3.810000000e+02	3.690000000e+02	2.501970000e+05	9.730000000e+02	3.270427410e+08	
1.848000000e+03	1.000000000e+00	6.800000000e+01	0.000000000e+00	0.000000000e+00	2.000000000e+00	1.900000000e+01	1.000000000e+00	0.000000000e+00	0.000000000e+00	3.370000000e+02	6.200000000e+01	5.900000000e+01	1.808000000e+03	6.220000000e+02	3.483700000e+04	3.202700000e+04	1.723000000e+03	1.685000000e+03	4.110000000e+02	3.960000000e+02	2.550200000e+05	9.900000000e+02	3.636532290e+08	
1.932000000e+03	0.000000000e+00	6.300000000e+01	0.000000000e+00	1.000000000e+00	1.000000000e+00	1.800000000e+01	0.000000000e+00	2.000000000e+00	2.000000000e+00	6.620000000e+02	6.600000000e+01	5.900000000e+01	1.779000000e+03	7.020000000e+02	3.669800000e+04	3.387100000e+04	1.907000000e+03	1.859000000e+03	4.330000000e+02	4.210000000e+02	2.598200000e+05	1.120000000e+03	4.023811210e+08	
2.016000000e+03	0.000000000e+00	6.400000000e+01	0.000000000e+00	1.000000000e+00	2.000000000e+00	1.900000000e+01	0.000000000e+00	1.000000000e+00	2.000000000e+00	3.470000000e+02	6.200000000e+01	5.800000000e+01	1.694000000e+03	6.990000000e+02	3.862600000e+04	3.565000000e+04	2.117000000e+03	2.048000000e+03	4.590000000e+02	4.450000000e+02	2.645030000e+05	1.177000000e+03	4.432480740e+08	
2.100000000e+03	0.000000000e+00	7.000000000e+01	0.000000000e+00	1.000000000e+00	0.000000000e+00	1.900000000e+01	1.000000000e+00	1.000000000e+00	0.000000000e+00	5.820000000e+02	6.600000000e+01	5.500000000e+01	1.718000000e+03	6.730000000e+02	4.041300000e+04	3.745000000e+04	2.324000000e+03	2.229000000e+03	4.780000000e+02	4.680000000e+02	2.708910000e+05	1.286000000e+03	4.862383680e+08	
