2406	13909	13500	
2438	13957	13641	
2372	14111	13377	
2468	14001	13391	
2516	13849	13534	
2454	13897	13596	
2362	13881	13599	
2393	13922	13516	
2385	14028	13446	
2436	13979	13584	
2420	13941	13521	
2483	13906	13450	
2443	14032	13370	
2460	13989	13398	
2470	13905	13470	
2486	13919	13461	
2493	13948	13688	
2479	14002	13724	
2441	13858	13633	
2318	13989	13528	
2390	14009	13515	
2391	13836	13557	
2445	13906	13542	
2427	14054	13583	
2423	13864	13488	
2470	13827	13467	
2404	14089	13432	
2316	13803	13628	
2342	13965	13519	
2461	13838	13632	
2449	13864	13610	
2425	13942	13452	
2371	14014	13572	
2468	14045	13364	
2474	14083	13304	
2370	13991	13587	
2340	14097	13417	
2401	14096	13406	
2436	14077	13449	
2430	13899	13573	
2439	13888	13652	
2423	14052	13479	
2436	14091	13464	
2459	13906	13576	
2460	13887	13546	
2415	14012	13327	
2478	13925	13614	
2442	13827	13604	
2538	13875	13556	
2386	14029	13292	
2313	14136	13524	
2442	13975	13531	
2483	14020	13497	
2494	13857	13527	
2424	14005	13442	
2423	13796	13486	
2352	13955	13558	
2507	13992	13570	
2484	14169	13388	
2369	13898	13531	
2377	14056	13472	
2447	13804	13644	
2523	13828	13555	
2376	13983	13692	
2433	14050	13410	
2481	13894	13582	
2491	14072	13361	
2405	14110	13398	
2443	13854	13552	
2448	13941	13503	
2429	14012	13545	
2406	14007	13355	
2415	14014	13455	
2431	13984	13458	
2411	13778	13562	
2435	14010	13457	
2442	13979	13366	
2395	14086	13343	
2444	14111	13536	
2317	14108	13472	
2414	14047	13471	
2390	13881	13509	
2460	14083	13498	
3708	29742	7635	
2423	14004	13477	
2435	13858	13548	
2519	14000	13338	
2509	13922	13433	
2365	13896	13598	
2359	13974	13443	
2331	13978	13467	
2370	13685	13824	
2387	14002	13447	
2510	13835	13473	
2384	13933	13472	
2446	13877	13523	
2475	14072	13405	
2457	14004	13512	
2408	14009	13660	
2269	14038	13500	
2440	13973	13454	
2508	13951	13437	
2359	13822	13567	
2369	13988	13524	
2332	14019	13535	
2331	14080	13464	
2459	13770	13757	
2440	13903	13465	
2405	14004	13517	
2468	14029	13579	
2365	13880	13699	
2440	14065	13477	
2391	14004	13576	
2452	13999	13501	
2317	13868	13612	
2372	13979	13532	
2376	13963	13583	
2400	14071	13466	
3873	32575	6416	
2377	13920	13491	
2410	13907	13618	
2405	13986	13538	
2423	13952	13626	
2451	13912	13558	
2413	13956	13498	
2514	13913	13464	
2386	14125	13412	
2361	13876	13583	
2391	14022	13477	
2410	13865	13550	
2475	14062	13455	
2384	13911	13532	
2284	14003	13610	
2346	14029	13597	
2453	14042	13372	
2483	13734	13708	
2436	13815	13504	
2343	13914	13583	
2329	14054	13513	
2449	13970	13591	
2377	13818	13646	
2409	13988	13486	
2382	13845	13526	
2328	14051	13521	
2349	13844	13714	
2456	13929	13495	
2454	14013	13494	
2378	14071	13422	
2388	13999	13628	
2389	13882	13612	
2368	13971	13491	
2482	14087	13396	
2398	14051	13432	
2406	13943	13563	
2430	13997	13384	
2412	13863	13554	
2437	13818	13587	
2394	13995	13504	
2440	13913	13718	
2383	13848	13643	
2406	13901	13645	
2379	13904	13542	
2483	13926	13399	
2439	13912	13483	
2394	13891	13520	
2341	13922	13506	
2381	13920	13569	
2363	13780	13664	
2450	13809	13621	
2483	14024	13412	
2396	13913	13576	
2396	14019	13565	
2459	14002	13507	
2333	14116	13490	
2426	13871	13627	
2406	14103	13476	
2418	14021	13511	
2451	14072	13370	
2449	14002	13547	
2305	14088	13390	
2388	13903	13600	
2452	13833	13523	
2351	13934	13471	
2318	13995	13518	
2407	13804	13458	
2488	13867	13588	
2500	13985	13565	
2501	13886	13440	
2395	13984	13553	
2433	13806	13635	
2277	13932	13610	
2454	13911	13622	
2441	13664	13600	
2408	14057	13494	
2360	14127	13449	
2467	13886	13637	
2364	13987	13458	
2593	13786	13522	
2419	14006	13566	
2371	13954	13488	
2481	14100	13425	
2388	13961	13519	
2503	13932	13599	
2415	13764	13619	
2453	13882	13534	
2434	13873	13460	
2363	13948	13533	
2429	13774	13588	
2341	13906	13658	
2303	13924	13475	
2339	14124	13373	
2341	13910	13554	
2426	14017	13435	
2436	13823	13684	
2339	13910	13604	
2464	13895	13591	
2430	13863	13648	
2414	14111	13493	
2463	13954	13367	
2425	13668	13662	
2454	13751	13649	
2463	13858	13564	
2520	14095	13379	
2396	13937	13584	
2440	14073	13329	
2414	13959	13445	
2324	13993	13482	
2569	13842	13544	
2543	13986	13517	
2424	13929	13613	
2480	14121	13397	
3998	37827	4231	
2378	13853	13658	
2436	13867	13543	
2356	14103	13376	
2369	14130	13470	
2353	13946	13651	
2328	14053	13466	
2438	13993	13378	
2430	13899	13560	
2450	13915	13514	
2398	13957	13576	
2456	13917	13430	
2462	13901	13486	
2392	13869	13499	
2541	13916	13503	
2476	13919	13565	
2434	13929	13435	
2368	13959	13578	
2384	14157	13437	
2421	14076	13306	
2426	13701	13725	
2475	13862	13546	
2389	13972	13503	
2509	14024	13550	
2400	14005	13463	
2381	13854	13697	
2457	13926	13524	
2440	13839	13645	
2414	13979	13541	
2370	13799	13555	
2477	13980	13557	
2443	14084	13408	
2399	13978	13538	
2373	13970	13469	
2556	13799	13573	
2303	14000	13608	
2350	13863	13559	
2360	14145	13414	
2414	13935	13488	
2444	14029	13601	
2488	14023	13343	
2456	13803	13515	
2454	13885	13543	
2348	13855	13600	
2418	14035	13409	
2387	13926	13579	
2372	13953	13621	
2468	13969	13387	
2349	13968	13443	
2414	13877	13683	
2481	13954	13505	
2398	13921	13568	
2325	13828	13662	
2423	13928	13481	
2390	13759	13648	
2448	13845	13616	
2401	13942	13474	
2487	13920	13546	
2386	13955	13476	
2491	13914	13445	
2503	13956	13334	
2408	13967	13546	
2338	14039	13464	
2465	13976	13374	
2427	14000	13414	
2431	13884	13503	
2410	13905	13437	
2442	13925	13603	
2423	13926	13494	
2412	14117	13396	
2406	14063	13489	
2328	14125	13393	
2375	14162	13445	
2309	14128	13508	
2487	13974	13469	
2406	13841	13617	
2404	14079	13432	
2366	13861	13563	
2389	13912	13530	
2402	14125	13304	
2335	14016	13513	
2470	13731	13525	
2364	13879	13576	
2391	13720	13617	
2423	13830	13586	
2433	13804	13542	
2411	14082	13499	
2415	14032	13476	
2465	13912	13618	
2380	13967	13586	
2381	13972	13499	
2392	14023	13517	
2502	13935	13507	
2433	13828	13526	
2361	13944	13583	
2304	14001	13484	
2460	13953	13575	
2446	13907	13450	
2451	13862	13557	
2382	13985	13505	
2407	13910	13444	
2545	13862	13546	
2484	13813	13553	
2422	14001	13484	
2467	13866	13685	
2432	13899	13553	
2528	13925	13429	
2367	13980	13463	
2532	13943	13709	
2432	13919	13461	
2416	14093	13482	
2465	13968	13422	
2354	13835	13511	
2470	14003	13447	
2370	13779	13671	
2397	13932	13508	
2406	13933	13485	
2437	13812	13790	
2360	13813	13584	
2387	14016	13420	
2501	13814	13396	
2427	14066	13416	
2445	13784	13527	
2445	14076	13407	
2332	13891	13703	
2356	14011	13407	
2386	13841	13545	
2386	13999	13473	
2447	13938	13564	
2478	14017	13510	
2375	13822	13498	
2485	13900	13521	
2500	13895	13472	
2320	13981	13599	
2454	13913	13471	
2462	14031	13513	
2365	14114	13459	
2367	14026	13472	
2422	13981	13480	
2409	14010	13503	
2366	14005	13363	
2392	13875	13664	
2361	14076	13514	
2488	14087	13306	
2421	13930	13614	
3745	31123	6971	
2454	13939	13524	
2381	13832	13531	
2462	13893	13405	
2444	14045	13421	
2355	14054	13548	
2393	13908	13513	
2531	13984	13363	
2370	13951	13530	
2390	13841	13556	
2458	13875	13534	
2337	13980	13426	
2371	13868	13558	
2390	14015	13489	
2385	14016	13402	
2398	13979	13495	
2430	13889	13585	
2499	14032	13435	
2432	13855	13640	
2332	14025	13539	
2330	13897	13513	
2467	13890	13534	
2475	13828	13718	
2427	13762	13648	
2433	13828	13503	
2443	13800	13595	
2289	13850	13551	
2323	13944	13422	
2462	13953	13417	
2426	14033	13617	
2313	14022	13578	
2420	13985	13366	
2461	13892	13493	
2505	14012	13408	
2347	13958	13394	
2429	13938	13588	
2508	13981	13455	
2464	13887	13477	
2406	14043	13445	
2335	14034	13504	
2418	13831	13512	
2424	14025	13472	
2403	13936	13531	
2447	13906	13570	
2414	13931	13446	
2347	14012	13541	
2437	13958	13548	
2403	14006	13480	
2503	13838	13504	
2427	13922	13523	
2429	14004	13467	
2448	13993	13572	
2453	14134	13362	
2332	14009	13547	
2448	13929	13571	
2381	13826	13578	
2375	13818	13699	
2354	14025	13506	
2371	13844	13509	
2386	13921	13537	
2312	14049	13462	
2431	13952	13634	
2350	13971	13552	
2382	13955	13479	
2402	14019	13543	
2391	14096	13422	
2484	13963	13513	
2453	13886	13604	
2403	13944	13469	
2453	13948	13473	
2416	14065	13573	
2458	13923	13666	
2334	13881	13536	
2411	13982	13480	
2438	13961	13510	
2385	14010	13528	
2442	14029	13460	
2475	14052	13519	
2414	14049	13345	
2476	14015	13508	
2454	14061	13491	
2346	13931	13680	
2396	14001	13443	
2353	13988	13547	
2417	14008	13469	
2423	13754	13642	
2404	13799	13572	
2437	13922	13422	
2478	13837	13571	
2389	13830	13592	
2450	13831	13487	
2410	13919	13659	
2532	14001	13447	
2416	13989	13532	
2398	13821	13532	
2513	13962	13556	
2384	14015	13535	
2358	13941	13558	
2437	13912	13564	
2393	14162	13351	
2434	13843	13645	
2457	14030	13373	
2318	13947	13507	
2306	14053	13486	
2525	13884	13512	
2420	14145	13384	
2370	14017	13532	
2417	13950	13551	
2448	13795	13637	
2437	14006	13439	
2462	13977	13523	
2451	13894	13586	
2308	13917	13504	
2402	13889	13441	
2459	13928	13417	
2491	13984	13420	
2544	13973	13497	
2361	14168	13489	
2443	13992	13437	
2415	14046	13466	
2496	14021	13490	
2414	13853	13481	
2492	13947	13446	
2371	13866	13557	
2332	14095	13431	
2500	13913	13478	
4184	37978	4115	
2442	13845	13545	
2503	13874	13545	
2407	13996	13468	
2484	14055	13433	
2394	13975	13438	
2344	13871	13524	
2438	14129	13329	
2434	13883	13639	
2408	14055	13387	
2370	14027	13425	
2458	13965	13623	
2442	14073	13393	
2448	13955	13409	
2442	14081	13299	
2428	13961	13594	
2377	13898	13568	
2401	13898	13665	
2487	13920	13467	
2375	13956	13544	
2362	13971	13580	
2355	13900	13410	
2386	13999	13512	
2449	14062	13472	
2373	13856	13516	
2372	13943	13636	
2394	13889	13601	
2422	13841	13470	
2309	13998	13447	
2414	13843	13618	
2398	13941	13450	
2484	13993	13377	
2437	13796	13627	
2416	13991	13487	
2455	13902	13592	
2376	13937	13457	
2358	14089	13544	
2371	13870	13566	
2412	13855	13558	
2391	14094	13447	
2460	13907	13468	
2402	14013	13391	
2357	13928	13636	
2404	13955	13602	
2445	13982	13441	
2444	14011	13536	
2420	13929	13513	
2382	14165	13287	
2386	13831	13486	
2419	14006	13390	
2449	13986	13471	
2403	14038	13342	
2359	13914	13574	
2410	14077	13455	
2396	13937	13599	
2480	13863	13582	
2378	13877	13509	
2459	13878	13570	
2480	13903	13585	
2389	14074	13298	
2453	13968	13437	
2373	14104	13412	
2459	14024	13432	
2404	13851	13552	
2412	14021	13480	
2349	13890	13626	
2408	14019	13463	
2515	13936	13460	
2424	14107	13541	
2341	13932	13622	
2417	13996	13553	
2384	14039	13545	
2486	13981	13429	
2455	13942	13491	
2351	13796	13607	
2468	13883	13564	
2343	13908	13544	
2378	14023	13589	
2464	14015	13465	
2406	13961	13498	
2415	13968	13540	
2362	13917	13587	
2458	13983	13546	
2420	13829	13623	
2380	14039	13401	
2373	13922	13612	
2386	13979	13442	
2344	13797	13655	
2439	14044	13477	
2438	13867	13704	
2530	13927	13561	
2489	13922	13609	
2417	13800	13564	
2420	14013	13523	
2391	14010	13489	
2409	14042	13448	
2393	13862	13667	
2478	14089	13497	
2337	13802	13741	
2419	14002	13538	
2464	14033	13430	
2360	13767	13679	
2462	14095	13437	
2354	14157	13361	
2515	13920	13400	
2411	13992	13530	
2831	18434	11999	
2443	14008	13462	
2349	13930	13575	
2406	14065	13520	
2371	13980	13616	
2399	14132	13377	
2450	13867	13499	
2427	14036	13362	
2383	13912	13509	
2413	14030	13580	
2381	14034	13454	
2410	14143	13371	
2355	13900	13491	
2416	13827	13594	
2421	14056	13378	
2405	13912	13598	
2370	14107	13506	
2331	13980	13540	
2390	13991	13518	
2412	13833	13604	
2361	14020	13483	
2362	14027	13537	
2396	13823	13573	
2488	13939	13345	
2374	13985	13649	
2444	13939	13505	
2446	13927	13593	
2357	13938	13525	
2392	13921	13594	
2458	14135	13469	
2515	13864	13400	
2396	13835	13556	
2386	13785	13565	
2419	14098	13533	
2422	13947	13455	
2458	13853	13527	
2442	14127	13408	
2421	13980	13589	
2499	13980	13456	
2498	14179	13316	
2421	13930	13444	
2342	14003	13539	
2386	13957	13594	
2417	13940	13516	
2387	13908	13585	
2323	14038	13494	
2412	14039	13499	
2482	13999	13390	
2326	14011	13590	
2458	13855	13576	
2412	13997	13408	
2418	13985	13442	
2394	13929	13499	
2308	14029	13560	
2448	13863	13563	
2404	13953	13511	
2442	14039	13452	
2504	13985	13480	
2418	13949	13565	
2323	13786	13523	
2397	14064	13479	
2401	13956	13548	
2337	14080	13391	
2487	13730	13730	
2325	14064	13502	
2445	13876	13578	
2367	13974	13590	
2441	14028	13396	
2436	13869	13634	
2462	13817	13537	
2316	14105	13433	
2365	14078	13472	
2453	13842	13596	
2382	13969	13409	
2494	13933	13500	
2459	13924	13520	
2536	13965	13557	
2490	13961	13452	
2497	14072	13459	
2419	14066	13439	
2342	14103	13473	
2427	13994	13332	
2377	13936	13565	
2361	13990	13388	
2361	13960	13530	
2328	13937	13473	
2371	13924	13606	
2336	13999	13576	
2410	13761	13545	
2384	14071	13444	
2428	13923	13549	
2326	14067	13520	
2480	13883	13444	
2456	14007	13526	
2454	13791	13597	
2642	13835	13564	
2431	14022	13535	
2425	13910	13436	
2486	13975	13481	
2366	13969	13446	
2450	14075	13339	
2413	13856	13632	
2429	13856	13643	
2459	13956	13543	
2452	13977	13455	
2380	13971	13537	
2344	13985	13475	
2356	14027	13432	
2408	14005	13500	
2481	13702	13668	
2464	13933	13417	
2377	13804	13637	
2280	14025	13463	
2425	13998	13477	
2353	13938	13381	
2309	14002	13511	
2408	13947	13516	
2414	13991	13541	
2359	14012	13527	
2411	14024	13437	
2354	13813	13754	
2441	13906	13620	
2429	13950	13497	
2396	13981	13484	
2342	13887	13576	
2510	13889	13483	
2432	14027	13452	
2394	14027	13484	
2398	14083	13566	
2382	14087	13412	
2441	13998	13372	
2398	14031	13474	
2460	14079	13371	
2451	14026	13397	
2389	14040	13577	
2421	13914	13507	
2359	13914	13553	
2423	13994	13504	
2427	14044	13450	
2348	13881	13533	
2379	13986	13385	
2433	14024	13485	
2408	13783	13722	
2427	13920	13538	
2390	13967	13541	
2354	14031	13399	
2455	14078	13347	
2466	13847	13566	
2478	13997	13517	
2456	13953	13591	
2421	13836	13565	
2384	14037	13476	
2462	14029	13537	
2429	13888	13662	
2444	13911	13488	
2468	13871	13544	
2438	13923	13553	
2350	14017	13433	
2435	14086	13478	
2343	14000	13408	
2414	13969	13476	
2450	13965	13657	
2324	14115	13354	
2379	14082	13511	
2465	14028	13511	
2449	13826	13624	
2368	13827	13615	
2379	13954	13594	
2446	13891	13556	
2361	13800	13482	
2425	13984	13397	
2437	14100	13285	
2413	13912	13610	
2276	13949	13522	
2322	14071	13523	
2452	13989	13490	
2485	13872	13578	
2366	13993	13496	
2364	13873	13561	
2459	13922	13578	
2480	13913	13651	
2385	13910	13534	
2396	14131	13363	
2452	13835	13610	
2392	13999	13590	
2457	13982	13442	
2466	14103	13431	
2436	13847	13556	
2497	14036	13494	
2379	14000	13447	
2320	14013	13581	
2407	13898	13501	
2485	13918	13493	
2290	14017	13532	
2411	13864	13467	
2419	13838	13756	
2376	13981	13437	
2323	13914	13616	
2306	14065	13353	
2349	13950	13625	
2455	13980	13424	
2478	13969	13442	
2293	13986	13421	
2391	13788	13682	
2453	13936	13550	
2476	13933	13493	
2457	13980	13435	
2401	14058	13490	
2395	13794	13565	
2451	13978	13507	
2418	13901	13699	
2430	13975	13498	
2424	14077	13508	
2499	14084	13453	
2375	14036	13304	
2321	13968	13605	
2300	14093	13487	
2363	13960	13497	
2443	13892	13591	
2468	13787	13667	
2372	14147	13446	
2431	13994	13528	
2407	13998	13530	
2355	14008	13590	
2272	14083	13553	
2446	13785	13621	
2410	14185	13474	
2415	13942	13662	
2407	13792	13609	
3882	32576	6415	
2414	13873	13558	
2306	13899	13558	
2423	14138	13490	
2378	14005	13531	
2474	13989	13569	
2455	13928	13484	
2431	13764	13512	
2375	13924	13501	
2428	13863	13464	
2348	14041	13532	
2483	14194	13470	
2416	14003	13455	
2421	13864	13578	
2494	13863	13447	
2353	14066	13433	
2375	13966	13407	
2380	13917	13530	
2453	14030	13440	
2403	14008	13526	
2427	13996	13474	
2412	13885	13642	
2420	13875	13504	
2440	13847	13529	
2405	13954	13548	
2407	13800	13763	
2480	14011	13492	
2525	13790	13598	
2440	13997	13557	
2418	13903	13474	
2484	13877	13601	
2381	13908	13564	
2372	14007	13504	
2498	13929	13595	
2420	13969	13506	
2384	14007	13455	
2369	13794	13789	
2416	13959	13492	
2392	13913	13651	
2397	13888	13533	
2517	13976	13310	
2428	13959	13504	
2414	13903	13555	
2439	13948	13466	
2497	14086	13314	
2484	13817	13627	
2358	13951	13611	
2380	13949	13456	
2345	13850	13670	
2400	13947	13470	
2409	14032	13530	
2360	13877	13516	
2470	14065	13349	
2439	14006	13513	
2381	13800	13630	
2376	13983	13482	
2435	14088	13361	
2407	13816	13679	
2302	13965	13517	
2348	13985	13361	
2441	13932	13564	
2389	13972	13423	
2356	13735	13594	
2435	13744	13744	
2406	14075	13348	
2490	13831	13596	
2372	14111	13482	
2446	13787	13604	
2417	13858	13453	
2378	13969	13480	
2450	14003	13445	
2459	13880	13565	
2419	14030	13423	
2213	13882	13562	
2552	13895	13569	
2390	13959	13510	
2426	14035	13408	
2464	13885	13530	
2294	14073	13484	
2369	14088	13507	
2455	13758	13666	
2438	13971	13408	
2420	14051	13498	
2401	13960	13480	
2434	13989	13588	
2327	13832	13556	
2378	14073	13409	
2423	13936	13462	
2441	13976	13498	
2464	14011	13443	
2396	14005	13494	
2387	13984	13565	
2462	14033	13438	
2368	13869	13481	
2463	13758	13573	
2387	13854	13568	
2416	14051	13405	
2456	14015	13430	
2383	14036	13395	
2418	13791	13608	
2455	13908	13432	
2471	13864	13583	
2475	14014	13477	
2434	13865	13468	
2420	14109	13456	
2343	14102	13532	
2396	13927	13577	
2351	13992	13716	
2440	13885	13594	
2421	14094	13409	
2552	13973	13491	
2353	13798	13575	
2441	13918	13537	
2326	14057	13527	
2366	14225	13399	
2527	13950	13640	
2418	13935	13568	
2472	13821	13526	
2404	14031	13533	
2414	13995	13508	
2381	13964	13573	
2436	13823	13560	
2448	13897	13480	
2375	13840	13537	
2358	13831	13572	
2432	13819	13637	
2435	13862	13564	
2463	13748	13683	
2436	14071	13385	
2477	13950	13532	
2437	14020	13411	
2375	13986	13507	
2408	13863	13473	
3899	34044	5840	
2441	13968	13492	
2395	14014	13445	
2403	13892	13600	
2438	13875	13525	
2497	13902	13503	
2373	13930	13616	
2405	13906	13544	
2369	14134	13471	
2391	14042	13582	
2360	13901	13644	
2365	14172	13511	
2337	13976	13447	
2389	14082	13482	
2400	13869	13566	
2442	13897	13434	
2384	13957	13567	
2433	13916	13671	
2463	14028	13507	
2336	13847	13652	
2407	13832	13639	
2375	14060	13435	
2469	14066	13479	
2457	13894	13537	
2379	13806	13716	
2483	13970	13390	
2368	13975	13560	
2379	13898	13496	
2400	13935	13528	
2453	13868	13501	
2479	14054	13606	
2429	13944	13553	
2368	14009	13428	
2366	13961	13580	
2343	13846	13497	
2503	14062	13442	
2355	14054	13428	
2446	13875	13515	
2405	14008	13445	
2415	13874	13511	
2405	13978	13283	
2384	13993	13429	
2414	13885	13461	
2395	14186	13380	
2417	13924	13545	
2440	14007	13550	
2403	14084	13499	
2399	14036	13492	
2329	13996	13512	
2420	13873	13568	
2431	13880	13567	
2381	14028	13476	
2426	14085	13474	
2865	18991	11797	
2446	14011	13383	
2399	14044	13452	
2498	13993	13563	
2445	13784	13634	
2484	14049	13374	
2468	13933	13533	
2438	13887	13463	
2417	13876	13569	
2432	13967	13493	
2463	13956	13463	
2340	14023	13400	
2316	14119	13418	
2386	14067	13244	
2451	14014	13416	
2437	14090	13509	
2436	13989	13496	
2526	13835	13509	
2451	13906	13476	
2366	13923	13544	
2347	13990	13549	
2377	13812	13656	
2433	14100	13442	
2413	14044	13445	
2429	14026	13505	
2368	13945	13540	
2408	13937	13541	
2469	13860	13544	
2411	14038	13520	
2423	13974	13358	
2369	14022	13551	
2501	14026	13588	
2401	13954	13466	
2333	13882	13782	
2405	14096	13536	
2320	14059	13510	
2356	14243	13167	
2434	14087	13483	
2413	13872	13528	
2406	14121	13346	
2419	14000	13504	
2365	14002	13484	
2439	14040	13366	
2500	13909	13488	
2453	13912	13540	
2418	13891	13523	
2391	14034	13390	
2433	13874	13599	
2450	13961	13457	
2441	14010	13440	
2478	13861	13463	
2482	13811	13626	
2348	13951	13466	
2476	14019	13442	
2412	13817	13587	
2415	13870	13609	
2409	14056	13393	
2375	13976	13394	
2398	13871	13547	
2442	13999	13328	
2474	13971	13598	
2417	13858	13557	
2345	13818	13638	
2448	13919	13462	
2435	14032	13281	
2457	14158	13482	
2467	13986	13411	
2373	14078	13502	
2431	13980	13548	
2411	13978	13515	
2448	13959	13445	
2374	14021	13536	
2437	13846	13577	
2399	13980	13417	
2417	14052	13423	
2446	13913	13530	
2431	13878	13619	
2415	13914	13532	
2455	14018	13390	
2413	13926	13501	
2462	14053	13541	
2462	13801	13657	
2403	14132	13366	
4184	37947	4107	
2424	13829	13549	
2380	13907	13645	
2483	13968	13493	
2451	13974	13532	
2396	13977	13482	
2444	13937	13538	
2416	13947	13414	
2399	14078	13575	
2429	13862	13427	
2465	13970	13532	
2441	13916	13418	
2398	14095	13373	
2458	14049	13539	
2346	13809	13699	
2528	14009	13415	
2428	13777	13583	
2386	14011	13573	
2406	13919	13504	
2406	14091	13517	
2437	13880	13524	
2431	13748	13662	
2447	13850	13511	
2437	13952	13491	
2425	14158	13362	
2370	14007	13416	
2397	14062	13438	
2331	14044	13466	
2368	13929	13527	
2476	14185	13386	
2521	13946	13465	
2412	13955	13566	
2377	14006	13396	
2453	13912	13482	
2411	14038	13487	
2420	14031	13390	
2459	13700	13612	
2483	13966	13464	
2421	14090	13442	
2323	14008	13537	
2355	14088	13436	
2426	13847	13595	
2337	14112	13497	
2371	13888	13576	
2531	13886	13485	
2428	13919	13571	
2424	13953	13438	
2437	13882	13594	
2402	13893	13633	
2437	14070	13503	
2433	14050	13497	
2428	13895	13579	
2427	13946	13587	
2387	14090	13505	
2426	13819	13680	
2386	13863	13517	
2450	14011	13421	
2472	13883	13494	
2392	13943	13532	
2451	13842	13562	
2432	13967	13530	
2537	13774	13644	
2292	14027	13437	
2483	13900	13521	
2463	14016	13456	
3551	28842	8028	
2393	13950	13530	
2384	13953	13585	
2414	13899	13428	
2344	13875	13593	
2380	14143	13464	
2453	13772	13693	
2428	13795	13645	
2391	14088	13350	
2321	14188	13573	
2426	13887	13527	
2384	13941	13553	
2432	13999	13619	
4122	35929	4998	
2399	14048	13465	
2487	14052	13362	
2411	13942	13458	
2328	14097	13368	
2400	13921	13489	
2455	13898	13507	
2384	13793	13573	
2442	13857	13602	
2460	14033	13478	
2398	14055	13376	
2469	13968	13481	
2454	13987	13385	
2465	13960	13535	
2469	14080	13361	
2374	13965	13477	
2394	14089	13479	
2485	14066	13402	
2432	13921	13599	
2506	13827	13500	
2428	14069	13395	
2438	14061	13463	
2485	13884	13547	
2322	13955	13555	
2460	13963	13439	
2441	14084	13436	
2335	14126	13363	
2338	14041	13492	
2385	13972	13439	
2438	14015	13489	
2451	13834	13525	
2466	14075	13366	
2476	13871	13525	
2447	14052	13518	
2384	13953	13421	
2390	13941	13493	
2503	13962	13501	
2376	14037	13504	
2453	14022	13394	
2452	13901	13534	
2391	14040	13454	
2416	13951	13583	
2467	13928	13585	
2412	13975	13516	
2380	14027	13482	
2308	14121	13523	
2498	14157	13369	
2432	13963	13563	
2395	14038	13411	
2443	13940	13557	
2464	14007	13519	
2360	13735	13708	
2361	13830	13656	
2380	13811	13654	
2510	13959	13589	
2344	13817	13602	
2392	13951	13591	
2429	13968	13505	
2400	13999	13551	
2401	13912	13630	
2406	13859	13566	
2363	14008	13478	
2433	13980	13379	
2366	13881	13663	
2466	13879	13597	
2425	13896	13587	
2490	13801	13580	
2321	13938	13477	
2525	13914	13483	
2426	13947	13482	
2486	13893	13543	
2324	14131	13460	
2429	13800	13660	
2368	13955	13504	
2443	13880	13604	
2394	13883	13512	
2371	13842	13496	
2359	13836	13575	
2436	13981	13603	
2428	13827	13506	
2462	14097	13489	
2395	14036	13494	
2404	13807	13649	
2438	13881	13741	
2442	13915	13540	
2538	15565	13090	
2427	13862	13585	
2433	14030	13385	
2408	13845	13454	
2445	14050	13499	
2419	14066	13492	
2408	14001	13511	
2479	13986	13528	
2409	13994	13397	
2479	13966	13562	
2478	13989	13500	
2314	13983	13408	
2427	13994	13570	
2415	13862	13489	
2402	13869	13683	
2495	14010	13297	
2489	13854	13598	
2438	13917	13525	
2342	14089	13418	
2425	13948	13582	
2405	13938	13647	
2413	14046	13400	
2410	13971	13478	
2486	14043	13432	
2434	13941	13450	
2392	14011	13495	
2473	13868	13555	
2492	13851	13647	
2354	14045	13453	
2441	13890	13563	
2322	13949	13523	
2489	13908	13446	
2501	13822	13508	
2367	13980	13504	
2351	14022	13386	
2347	13916	13565	
2489	13764	13720	
2454	13765	13632	
2338	13933	13575	
2359	14130	13242	
2417	13920	13556	
2449	13784	13773	
2411	13992	13354	
2431	13820	13547	
2536	13971	13430	
2406	13907	13656	
2390	13841	13619	
2416	13969	13496	
2501	13920	13541	
2484	14063	13387	
2354	13917	13575	
2398	14065	13380	
2354	13985	13569	
2436	14003	13486	
2339	13858	13597	
2354	13801	13704	
2474	13951	13536	
2442	13879	13456	
2453	13880	13561	
2430	13759	13648	
2435	13996	13550	
2466	13983	13596	
2431	13960	13503	
2384	13867	13596	
2557	13928	13531	
2471	13938	13466	
2417	13994	13510	
2435	13836	13572	
2304	14019	13506	
2462	13957	13530	
2410	13937	13483	
2397	13858	13691	
2410	13905	13446	
2390	13913	13467	
2389	13822	13656	
2458	14013	13557	
2362	13887	13620	
2344	14049	13455	
2440	14077	13335	
2409	14078	13582	
2432	14063	13477	
2343	14166	13303	
2361	14050	13387	
2314	14079	13600	
2378	14125	13494	
2376	13933	13595	
2347	13914	13505	
2371	13936	13497	
2401	13996	13521	
2325	14122	13314	
2415	13916	13552	
2387	13840	13551	
2464	13909	13612	
2437	13902	13693	
2422	14097	13369	
2429	14016	13401	
2352	13951	13609	
2476	13935	13589	
2422	13791	13652	
2353	14074	13457	
2474	13857	13577	
2398	13859	13534	
2337	14032	13561	
2484	14139	13380	
2506	13795	13558	
2283	13988	13515	
2412	13959	13432	
2386	14069	13475	
2402	13709	13769	
2458	14005	13529	
2411	13870	13607	
2409	13826	13605	
2353	14050	13397	
2489	14074	13493	
2362	14067	13549	
2467	13866	13423	
2385	13676	13673	
2410	13869	13610	
2429	13922	13531	
2350	14193	13410	
2457	14040	13460	
2380	14119	13451	
2399	13948	13489	
2502	13961	13374	
2366	14103	13472	
2450	13931	13514	
2327	14060	13449	
2437	13836	13489	
2370	13931	13530	
2442	13825	13699	
2446	13951	13548	
2407	13970	13438	
2457	13958	13457	
2383	13968	13611	
2383	13886	13534	
2481	13902	13459	
2343	13882	13664	
2430	14131	13378	
2376	13973	13574	
2403	14098	13579	
2363	14170	13329	
2405	13876	13662	
2460	13961	13473	
2465	14088	13530	
2409	14056	13529	
2420	13979	13628	
2479	13886	13572	
2496	14063	13400	
2507	14008	13491	
2442	13947	13558	
2461	13756	13743	
2389	13980	13533	
2969	21526	10879	
2357	14112	13509	
2360	14035	13464	
2434	13933	13528	
2429	14110	13380	
2373	13962	13500	
2349	13878	13638	
2441	14004	13430	
2388	13895	13518	
2424	13961	13581	
2499	13990	13469	
2453	13854	13669	
2331	13960	13530	
2361	14106	13540	
2325	14122	13507	
2359	14010	13492	
2379	13976	13523	
2348	13813	13632	
2337	14144	13428	
2426	14113	13460	
2446	14029	13577	
2479	14092	13421	
2446	14019	13502	
2420	13799	13558	
2467	13928	13603	
2467	13942	13456	
2399	13880	13611	
2504	13971	13549	
2352	13993	13503	
2432	14043	13500	
2483	13938	13533	
2421	13972	13660	
2474	13793	13594	
2381	13948	13573	
2349	13952	13640	
2365	13842	13701	
2292	14051	13477	
2481	13852	13561	
2477	13796	13531	
2479	13886	13539	
2426	13895	13520	
4055	35170	5322	
2322	13995	13588	
2383	13826	13602	
2400	14025	13467	
2296	14053	13506	
2284	14117	13498	
2412	14029	13540	
2405	14162	13377	
2471	13966	13620	
2378	14019	13593	
2374	13825	13639	
2451	13922	13474	
2498	13991	13447	
2454	13891	13541	
2409	13954	13514	
2408	14017	13466	
2412	14079	13435	
2442	14025	13540	
2393	14054	13573	
2370	13861	13541	
2493	13908	13305	
2524	13831	13578	
2909	20761	11130	
2307	13926	13514	
2458	13727	13583	
2366	13965	13533	
2311	13948	13532	
2469	13978	13531	
2392	13979	13577	
2458	14063	13425	
2389	14024	13602	
2468	13773	13533	
2472	13919	13664	
2521	13864	13513	
2495	14046	13361	
2392	14089	13377	
2462	13915	13662	
2408	13903	13414	
2366	13981	13514	
2396	13995	13577	
2545	13922	13495	
2510	13925	13599	
2409	14040	13509	
2387	13988	13440	
2428	13867	13516	
2449	14096	13508	
2323	13804	13682	
2497	14008	13510	
2469	14024	13409	
2419	13996	13581	
2425	13934	13626	
2408	13993	13475	
2548	13983	13438	
2445	14000	13400	
2347	13886	13563	
2346	13859	13520	
2465	13906	13626	
2368	14069	13365	
2441	13934	13524	
2401	13946	13552	
2330	13865	13651	
2436	13963	13515	
2437	13934	13507	
2456	13977	13523	
2425	13908	13707	
2467	13792	13559	
2414	13979	13482	
2393	14056	13445	
2405	13990	13559	
2467	14008	13473	
2401	13860	13751	
2428	14029	13404	
2423	13820	13674	
2489	13940	13587	
2453	14004	13375	
2348	14063	13479	
2409	14050	13398	
2425	13956	13419	
2276	13975	13484	
2483	13874	13567	
2494	14017	13544	
2411	13922	13456	
2384	13951	13461	
2418	13785	13751	
2451	14130	13380	
2412	14041	13365	
2415	13906	13561	
2410	14067	13566	
2426	14005	13458	
2408	14089	13425	
2400	14037	13549	
2389	13844	13632	
2390	14063	13428	
2486	13933	13459	
2474	13935	13490	
2394	13869	13588	
2414	13869	13524	
2465	13846	13427	
2532	13869	13507	
2461	13838	13546	
2459	13792	13516	
2377	14026	13447	
2446	13915	13483	
2449	13822	13554	
2462	13925	13528	
2441	13802	13704	
2376	13881	13610	
2435	14010	13469	
2393	13842	13651	
2452	14017	13486	
2439	13848	13573	
2474	13867	13627	
2387	13940	13482	
2408	13897	13591	
2329	14044	13546	
2403	13922	13589	
2380	14017	13515	
2424	13975	13408	
2514	13951	13592	
2360	14011	13544	
2417	13978	13423	
2414	13967	13523	
2432	13899	13550	
2387	13898	13456	
2414	13939	13527	
2433	13766	13683	
2319	13880	13503	
2452	13979	13492	
2458	13903	13546	
2458	13869	13545	
2413	13920	13618	
2524	13853	13519	
2441	13956	13520	
2418	13953	13514	
2489	13908	13651	
2444	13907	13496	
2515	13944	13478	
2455	13914	13550	
2384	13967	13520	
2392	13937	13471	
2472	13927	13425	
2406	13951	13441	
2394	13945	13439	
2380	13925	13523	
2501	13902	13439	
2454	14039	13426	
2428	14031	13498	
2411	13938	13482	
2509	14074	13358	
2423	13964	13649	
2427	13978	13490	
2394	14099	13495	
2413	13952	13359	
2378	13925	13565	
2372	14001	13538	
2519	13916	13449	
2399	13888	13594	
2364	14005	13436	
3899	32911	6275	
2467	13976	13424	
2475	13968	13484	
2401	13930	13486	
2430	13861	13502	
2467	13840	13598	
2406	14069	13512	
2381	13912	13434	
2458	14089	13396	
2566	13923	13532	
2507	14170	13258	
2309	13966	13567	
2454	13885	13511	
2383	14020	13553	
2325	13866	13630	
2288	13849	13627	
2494	13857	13433	
2343	14106	13401	
2397	14122	13426	
2412	13931	13459	
2281	13946	13568	
2428	14001	13397	
2375	13898	13566	
2284	14065	13482	
2459	13846	13505	
2501	13954	13479	
2391	13872	13629	
2478	14015	13482	
2431	13886	13627	
2332	14085	13444	
2405	14060	13494	
2380	13947	13458	
2313	14062	13485	
2422	13933	13512	
2501	13974	13479	
2473	13748	13546	
2385	14044	13547	
2390	14107	13390	
2408	13987	13512	
2445	13924	13530	
2401	14134	13382	
2404	13959	13491	
2383	14144	13600	
2363	13942	13502	
2426	13939	13448	
2415	13970	13535	
2537	13844	13431	
2383	13934	13492	
2402	13835	13676	
2379	13704	13726	
2443	13942	13535	
2451	13868	13553	
2366	13801	13572	
2438	14073	13398	
2392	14011	13470	
2516	13935	13448	
2365	13894	13672	
2438	14037	13522	
2358	14005	13392	
2419	13900	13582	
2459	14012	13468	
2381	13950	13507	
2333	14040	13421	
2550	13911	13442	
2411	14152	13292	
2426	13983	13407	
2472	14087	13549	
2455	14040	13422	
2419	13976	13519	
2333	13984	13603	
2461	13758	13712	
2410	13819	13611	
2343	13978	13533	
2414	14141	13492	
2438	13709	13722	
2375	13866	13591	
2393	14024	13400	
2512	13931	13454	
2349	13944	13344	
2465	14028	13520	
2428	13875	13508	
2471	13912	13527	
2450	13939	13494	
2394	14017	13438	
2425	13906	13416	
2373	14008	13457	
2445	13944	13508	
2373	14022	13484	
2433	14064	13375	
2430	13949	13633	
2292	14043	13479	
2386	13943	13532	
2386	14039	13406	
2482	13939	13468	
2364	13917	13532	
2365	13912	13536	
2366	13927	13625	
2383	13916	13631	
2382	13971	13669	
2382	13843	13726	
2501	14158	13384	
2431	14026	13571	
2479	13934	13500	
2432	13875	13574	
2363	13954	13522	
2398	13883	13512	
2307	14088	13379	
2370	13841	13657	
2435	13814	13486	
2336	14141	13463	
2460	13871	13603	
2326	13921	13530	
2382	13951	13569	
2432	13835	13410	
2340	13955	13411	
2300	14055	13579	
2405	13970	13431	
2327	14178	13428	
2366	14005	13461	
2315	13966	13512	
2414	14021	13353	
2334	14005	13682	
2356	13905	13639	
2453	14096	13317	
2382	13963	13508	
2462	13919	13510	
2395	13866	13546	
2320	13969	13577	
2387	13862	13526	
2430	14101	13364	
2440	13991	13465	
2442	14003	13422	
2422	14043	13537	
2403	14090	13510	
2388	13989	13461	
2482	13927	13536	
2392	13843	13605	
2302	14041	13452	
2481	14058	13325	
2350	13935	13573	
2402	13975	13512	
2410	13997	13475	
2453	13972	13447	
2348	13903	13525	
2386	13933	13488	
2422	13917	13528	
2423	13970	13438	
2435	13946	13538	
2388	13951	13661	
2489	13904	13533	
2506	13807	13614	
2430	13897	13736	
2351	13878	13501	
2457	14004	13506	
2388	13899	13516	
2421	13900	13603	
2456	13969	13424	
2468	13853	13529	
2397	13854	13588	
2395	14118	13372	
2449	14026	13562	
2496	14003	13485	
2447	13882	13478	
2373	13958	13508	
2358	14095	13461	
2430	14165	13501	
2375	13892	13511	
2504	13741	13575	
2433	14078	13423	
2356	14051	13404	
2377	13968	13535	
2409	13894	13496	
2411	14006	13519	
2378	13957	13526	
2422	13923	13486	
2328	14023	13608	
2465	13860	13565	
2391	13928	13517	
2358	13903	13581	
2428	14043	13577	
2417	13884	13640	
2296	14065	13598	
2296	13921	13524	
2374	13909	13435	
2413	13912	13618	
2520	13871	13521	
2455	13926	13488	
2378	13941	13576	
2457	14060	13498	
2330	13913	13534	
2430	13969	13493	
2471	13914	13460	
2431	13946	13391	
2457	13886	13390	
2439	13938	13510	
2439	14086	13449	
2437	13926	13638	
2394	13927	13556	
2367	14026	13399	
2453	14048	13488	
2452	13953	13542	
2435	13876	13529	
2399	13992	13545	
2421	13880	13621	
2402	14095	13406	
2521	13944	13496	
2354	13833	13480	
2439	13912	13546	
2365	13906	13400	
2416	14057	13549	
2300	13871	13639	
2370	14231	13436	
2370	13847	13527	
2479	13778	13602	
2377	13970	13545	
2375	13876	13519	
2372	14013	13423	
2457	13994	13547	
2376	13955	13461	
2361	14082	13527	
2389	14080	13486	
2440	13915	13436	
2369	13976	13545	
2419	13798	13662	
2399	13968	13450	
2368	13963	13497	
2524	13827	13540	
2393	13906	13617	
2461	13984	13525	
2351	13860	13498	
2377	13906	13340	
2327	14152	13418	
2401	14130	13359	
2346	14017	13333	
2447	14132	13480	
2514	13891	13439	
2363	13944	13570	
2361	14056	13459	
2433	13798	13560	
2461	13980	13465	
2421	13920	13525	
2468	13773	13491	
2446	13857	13623	
2473	14010	13534	
2465	13998	13444	
2970	20204	11239	
2347	13900	13501	
2372	13969	13536	
2355	13978	13473	
2479	14022	13455	
2529	14052	13437	
2460	14047	13488	
2436	13845	13642	
2380	14067	13493	
2408	13995	13524	
2463	13952	13651	
2380	13931	13489	
2390	14019	13631	
2381	14042	13407	
2347	13990	13446	
2427	13866	13586	
2442	14039	13547	
2429	13926	13601	
2430	14039	13526	
2473	13886	13635	
2519	13946	13530	
2363	13984	13329	
2465	13928	13479	
2437	14036	13458	
2429	13908	13502	
2425	13792	13514	
2436	13821	13579	
2386	14067	13500	
2434	14015	13486	
2326	13915	13545	
3779	31231	6920	
2431	14096	13393	
2427	13868	13588	
2434	14017	13512	
2307	13994	13490	
2392	13899	13542	
2361	13938	13570	
2459	13964	13546	
2394	13957	13633	
2461	13818	13574	
2424	13995	13380	
2339	13998	13445	
2490	13963	13467	
2410	13977	13569	
2365	14020	13533	
2474	14065	13400	
2398	14007	13490	
2513	13884	13537	
2357	13836	13624	
2364	13973	13483	
2468	14069	13393	
2435	14028	13356	
2400	13925	13554	
2379	13978	13655	
2448	14001	13404	
2426	13853	13523	
2371	13926	13487	
2313	13882	13547	
2381	13820	13623	
2374	14043	13577	
2400	14159	13443	
2437	14030	13473	
2387	14058	13403	
2504	14035	13456	
2379	14030	13553	
2393	13984	13491	
2447	13958	13424	
2362	13911	13503	
2327	13886	13599	
2424	13921	13548	
2397	13846	13678	
2372	13917	13622	
2335	13994	13482	
2464	14003	13507	
2386	13975	13417	
2405	13982	13544	
2501	14050	13450	
2357	13976	13613	
2417	14028	13506	
2449	13930	13541	
2340	13797	13639	
2431	14032	13409	
2468	14013	13417	
2385	14020	13538	
2410	14103	13541	
2441	13960	13476	
2894	19251	11750	
2455	13888	13501	
2344	13759	13731	
2423	14120	13326	
2471	14022	13564	
2449	13938	13453	
2451	13934	13400	
2415	13944	13488	
2357	13932	13635	
2460	13973	13578	
2472	13793	13498	
2379	14036	13618	
2331	14036	13445	
2427	13980	13554	
2447	14054	13397	
2452	14045	13499	
2530	13861	13596	
2464	14129	13458	
2434	13823	13519	
2435	14090	13449	
2388	13917	13486	
2399	13874	13553	
2399	13948	13459	
2412	13883	13526	
2437	13892	13530	
2469	14030	13653	
2359	13824	13541	
2362	13771	13746	
2483	13880	13691	
2488	13981	13482	
2446	13865	13672	
2462	14005	13440	
2415	14102	13536	
2487	13970	13474	
2380	14061	13458	
2380	14003	13588	
2486	13931	13683	
2430	13879	13564	
2411	13900	13635	
2439	14198	13393	
2495	14028	13422	
2491	13816	13616	
2400	13873	13600	
2397	14052	13453	
2384	13945	13522	
2446	13947	13516	
2424	13817	13689	
2440	13979	13416	
2412	13855	13512	
2371	13846	13733	
2397	13872	13553	
2332	14015	13399	
2345	13932	13533	
2403	13976	13441	
2463	14104	13407	
2351	14002	13668	
2358	14029	13394	
2473	13910	13492	
2400	13997	13425	
2395	13940	13614	
2409	13934	13438	
2401	13984	13667	
2401	13908	13653	
2358	14069	13460	
2458	14081	13330	
2458	14069	13438	
2404	13773	13697	
2338	14025	13539	
2465	13884	13479	
2496	13975	13556	
2405	14018	13377	
2398	13955	13483	
2367	13952	13567	
2356	14197	13401	
2523	13812	13547	
2356	13961	13472	
2405	14116	13546	
2410	14095	13412	
2468	13893	13402	
2313	13856	13492	
2430	13953	13444	
2464	13981	13474	
2338	13945	13513	
2480	13975	13439	
2372	13709	13708	
2349	13792	13716	
2427	14110	13404	
2334	13961	13499	
2429	14002	13591	
2483	13774	13605	
2478	14023	13553	
2433	13880	13548	
2439	13816	13446	
2445	13908	13547	
2477	13854	13491	
2315	13948	13587	
2415	13954	13531	
2363	13900	13594	
3104	21966	10554	
2459	13890	13524	
2373	13834	13506	
2472	14055	13402	
2375	14000	13478	
2414	13857	13544	
2461	13900	13659	
2396	13945	13510	
2376	14015	13508	
2437	13966	13499	
2570	13913	13447	
2431	13930	13512	
2386	13989	13534	
2416	13857	13535	
2423	14068	13541	
2392	13787	13568	
2489	13844	13478	
2465	13858	13573	
2498	13863	13504	
2384	13771	13645	
2376	13867	13552	
2372	14017	13562	
2430	13983	13463	
2435	13990	13634	
2452	13929	13469	
2478	13967	13539	
2423	14008	13414	
2418	14051	13423	
2479	14010	13452	
2445	13844	13647	
2419	13978	13425	
2391	13848	13514	
2352	13941	13597	
2403	14046	13506	
2431	13956	13414	
2422	13849	13567	
2366	14009	13485	
2390	13961	13440	
2389	13938	13599	
2491	13902	13482	
2486	14061	13478	
2348	14021	13448	
2550	13951	13393	
2445	13912	13563	
2386	13945	13539	
2470	14043	13409	
2422	13881	13516	
2345	14000	13467	
2376	13959	13559	
2413	13876	13559	
2440	13893	13548	
2450	13895	13565	
2401	14032	13440	
2431	13970	13502	
2499	13998	13485	
2479	13992	13490	
2390	13913	13538	
2413	14074	13361	
2414	13821	13567	
2429	13844	13484	
2360	14039	13509	
2419	14024	13509	
2403	13998	13642	
2508	13923	13527	
2465	13936	13416	
2364	13965	13564	
2486	13979	13518	
2349	13950	13516	
2413	13940	13470	
2319	14032	13548	
2437	13904	13480	
2379	14098	13404	
2467	13954	13603	
2381	14000	13534	
2339	13886	13485	
2387	13904	13584	
2476	13949	13432	
2401	14008	13497	
2447	14082	13421	
2453	14004	13426	
2441	13998	13473	
2464	14025	13378	
2411	13862	13684	
2486	14027	13370	
2397	13926	13568	
2372	13951	13383	
2392	13841	13553	
2404	13891	13521	
2447	13928	13450	
2434	13955	13517	
2462	14047	13448	
2407	13904	13458	
2424	14013	13486	
2487	13944	13615	
2485	13908	13422	
2473	13834	13523	
2469	13888	13489	
2500	14081	13376	
2535	13866	13475	
2477	13842	13584	
2375	14002	13436	
2427	14156	13433	
2470	14123	13300	
2469	13928	13536	
2399	13976	13564	
2446	13881	13595	
2409	13908	13511	
2467	13888	13627	
2368	14165	13474	
3198	23468	10144	
2370	13967	13469	
2442	13855	13637	
2404	13943	13606	
2377	14014	13494	
2407	13868	13617	
2397	14108	13359	
2554	13867	13605	
2359	14064	13499	
2449	13922	13574	
2452	13973	13623	
2420	13943	13599	
2267	14090	13394	
2537	13934	13495	
2469	13954	13528	
2442	14025	13461	
2357	13872	13603	
2425	13930	13429	
2456	13927	13460	
2353	14050	13363	
2337	13948	13530	
2449	13858	13564	
2423	13860	13537	
2492	13997	13518	
2469	13948	13423	
2417	14074	13366	
2387	13920	13561	
2401	13886	13590	
2410	14071	13511	
2534	13917	13499	
2360	14025	13301	
2381	13932	13656	
2492	13919	13485	
2439	13926	13460	
2370	13987	13531	
2469	13970	13418	
2528	13971	13460	
2476	14027	13335	
2453	14022	13507	
2398	14079	13378	
2429	13754	13565	
2424	14023	13443	
2507	13932	13540	
2378	14113	13521	
2497	13938	13572	
2434	14107	13384	
2319	13928	13483	
2365	13924	13633	
2413	13910	13570	
2494	13969	13570	
2459	13884	13625	
2420	14003	13459	
2429	13840	13534	
2449	13994	13476	
2489	13950	13535	
2488	13957	13415	
2348	14049	13415	
2544	13957	13523	
2386	13879	13683	
2432	13863	13433	
2375	14060	13486	
2363	13962	13576	
2447	13950	13580	
2515	14036	13499	
2427	13946	13506	
2525	14032	13390	
2516	14041	13454	
2400	13985	13580	
2467	13958	13533	
2453	14026	13382	
2375	14124	13407	
2420	13985	13544	
2373	13886	13682	
2407	14278	13303	
2425	14068	13528	
2470	13909	13593	
2532	13933	13522	
2376	13867	13463	
2432	13893	13565	
2461	14004	13474	
2346	13863	13545	
2458	13951	13517	
3370	24671	9614	
2444	14079	13423	
2340	13945	13596	
2457	13818	13727	
2410	13951	13677	
2461	13928	13508	
2442	14033	13494	
2416	13965	13567	
2414	14083	13473	
2379	13930	13494	
2478	13919	13438	
2428	13939	13508	
2417	13994	13549	
2534	13883	13586	
2386	13865	13550	
2339	13918	13551	
2502	13893	13485	
2444	14051	13495	
2430	13953	13566	
2429	13964	13408	
2439	13810	13547	
2323	13820	13738	
2465	13684	13613	
2459	13952	13546	
2262	14063	13572	
2417	13950	13597	
2474	13913	13519	
2394	13993	13552	
2525	14012	13420	
3640	30086	7466	
2490	13967	13477	
2402	13713	13680	
2449	14058	13452	
2422	14019	13469	
2436	14061	13483	
2310	14047	13523	
2416	13997	13537	
2407	13998	13507	
2452	13881	13515	
2369	14008	13554	
2374	13923	13437	
2318	14015	13493	
2482	13819	13616	
2346	14005	13574	
2382	13755	13590	
2417	13850	13551	
2457	13964	13634	
2384	13951	13652	
2443	13892	13525	
2398	13891	13469	
2431	13806	13602	
2298	14043	13600	
2400	13779	13672	
2465	14072	13381	
2349	14024	13539	
2430	14027	13563	
2412	13909	13562	
2436	13879	13441	
2346	13879	13584	
2453	14248	13315	
2399	14064	13443	
2367	14086	13486	
2413	13934	13633	
2428	13957	13483	
2449	14120	13413	
2326	14071	13457	
2465	13946	13528	
2390	13965	13541	
2521	13942	13406	
2386	13971	13618	
2363	13976	13446	
2398	13923	13588	
2366	13859	13600	
2402	13915	13538	
2454	13963	13588	
2421	13972	13552	
2419	13902	13643	
2465	13950	13472	
2417	13786	13581	
2457	13904	13524	
2398	13841	13541	
2401	14132	13469	
2454	13971	13522	
2370	13911	13550	
2385	13670	13656	
2497	13880	13570	
2388	13857	13589	
2518	14021	13467	
2454	13997	13477	
2341	13882	13476	
2466	13987	13421	
2459	14128	13390	
2329	13990	13326	
2351	13980	13545	
2431	14084	13480	
2392	13865	13680	
2474	14037	13597	
2368	13997	13479	
2426	13827	13637	
2392	14047	13468	
2368	13873	13527	
2386	13983	13478	
2403	14024	13417	
2468	13821	13713	
2431	13934	13537	
2464	13955	13342	
2353	13992	13499	
2322	13859	13631	
2493	14048	13423	
2484	13829	13624	
2399	13950	13470	
2353	14028	13548	
2364	13909	13543	
2474	14033	13377	
2407	13930	13455	
2382	14025	13532	
2525	13996	13567	
2552	13959	13422	
2408	14003	13520	
2475	13968	13580	
2388	14093	13423	
2433	13918	13610	
2462	14025	13516	
2445	13940	13635	
2437	13906	13386	
2434	14093	13374	
2426	13897	13508	
2417	14076	13509	
2389	13804	13659	
2489	13858	13510	
2554	13973	13323	
2350	13893	13533	
2424	13915	13678	
2424	13861	13555	
2329	14070	13507	
2426	14027	13431	
2403	13968	13608	
2426	13955	13538	
2429	14100	13403	
2478	13887	13503	
2387	14044	13535	
2423	13942	13494	
2495	14000	13410	
2459	13880	13564	
2483	13882	13529	
2363	13976	13546	
2457	13824	13647	
2373	13814	13634	
2434	13791	13459	
2339	13878	13719	
2413	14076	13452	
2423	13892	13474	
2433	13868	13521	
2457	14066	13400	
2407	13854	13494	
2350	13815	13636	
2424	13933	13454	
2440	13925	13514	
2452	13977	13581	
2496	13979	13468	
2362	14033	13458	
2410	13855	13647	
2235	14056	13579	
2436	13957	13570	
2438	13847	13533	
2426	13905	13629	
2381	13978	13499	
2400	14123	13394	
2517	13988	13406	
2369	14050	13461	
2392	14051	13521	
2403	14008	13424	
2453	13978	13472	
2387	13874	13632	
2392	13895	13613	
2440	13885	13662	
2438	13853	13630	
2412	13875	13616	
2430	13975	13668	
2430	13813	13521	
2452	14001	13494	
2388	14057	13501	
2393	13952	13472	
2420	13937	13435	
2371	13810	13658	
2417	13798	13591	
2576	14041	13357	
2485	13900	13600	
2527	14126	13319	
2420	14095	13436	
2456	14053	13364	
2373	13944	13587	
2412	14045	13442	
2443	13836	13599	
2365	13960	13586	
2441	13982	13566	
2451	13920	13455	
2352	14035	13494	
2352	13943	13702	
3682	32561	6489	
2331	13802	13674	
2391	14118	13529	
2386	13983	13642	
2344	13903	13557	
2464	13735	13661	
2353	14056	13523	
2500	13993	13509	
2411	13902	13530	
2371	13876	13590	
2423	13914	13557	
2403	13824	13546	
2424	13999	13494	
2495	13906	13597	
2436	13909	13538	
2332	13897	13699	
2424	14005	13520	
2460	13905	13547	
2436	13949	13611	
2408	13825	13455	
2355	14014	13622	
2423	13868	13630	
2355	13896	13553	
2546	14109	13287	
2492	13821	13480	
2460	13907	13599	
2407	14084	13392	
2397	13892	13574	
2518	14023	13528	
2346	14009	13496	
2424	13891	13540	
2450	14031	13443	
2501	14080	13511	
2508	13851	13567	
2386	14037	13442	
2401	13952	13460	
2410	14041	13507	
2396	14093	13426	
2475	13946	13538	
2361	14030	13331	
2491	13946	13460	
2521	13976	13469	
2423	13830	13638	
2349	13856	13674	
2430	13943	13517	
2407	13938	13506	
2387	14006	13660	
2374	13983	13563	
2341	13920	13587	
2456	13919	13517	
2488	13939	13507	
2418	14023	13375	
2452	13903	13579	
2410	13917	13482	
2305	13978	13481	
2430	14057	13460	
2397	13852	13693	
2370	13851	13595	
2499	13864	13513	
2468	14043	13369	
2511	13850	13522	
2340	13963	13549	
2434	13849	13607	
2385	14092	13417	
2298	14059	13448	
2485	13850	13469	
2434	14039	13423	
2458	13981	13536	
2422	13891	13627	
2375	14054	13495	
2478	13969	13469	
2465	13878	13521	
2379	13960	13551	
2430	13889	13408	
2473	13968	13437	
2441	14076	13443	
2341	13856	13572	
2328	13971	13602	
2354	13885	13505	
2383	13968	13497	
2391	14240	13299	
2385	14064	13404	
2334	13881	13568	
2439	13856	13399	
2489	13930	13674	
2419	13804	13527	
2394	13839	13709	
2536	14089	13376	
2465	14106	13451	
2417	13818	13610	
2442	13993	13583	
2447	14052	13438	
2407	13926	13548	
2385	13960	13543	
2510	13923	13423	
2429	14032	13541	
2407	13984	13456	
2419	14074	13522	
2456	13845	13614	
2469	13982	13471	
2433	13990	13580	
2418	13993	13443	
2439	13826	13635	
2437	14074	13459	
2437	14114	13374	
2447	13892	13647	
2355	13894	13565	
2352	13947	13510	
2377	13866	13595	
2392	13917	13481	
2426	14067	13432	
2440	13913	13517	
2416	13829	13497	
2396	14089	13472	
2411	14056	13444	
2382	14041	13536	
2388	13925	13528	
2414	13929	13580	
2416	13823	13612	
2435	13966	13577	
2410	14023	13492	
2370	14119	13394	
2345	14128	13439	
2475	13922	13553	
2462	13883	13604	
2368	14019	13374	
2376	13845	13639	
2467	14024	13429	
2548	13971	13449	
2468	14041	13485	
2459	13902	13466	
2417	13852	13622	
2430	13909	13485	
2324	13929	13535	
2461	13934	13448	
2398	13989	13464	
2476	13833	13588	
2359	13852	13600	
2439	14042	13438	
2390	13991	13466	
2450	14041	13419	
2414	13937	13381	
2434	13885	13554	
2503	13884	13539	
2499	13962	13559	
2457	13916	13493	
2367	13890	13541	
2448	13937	13544	
2373	14108	13528	
2429	13888	13561	
2365	13722	13632	
2408	14031	13357	
2379	13916	13561	
2441	14008	13375	
2422	13867	13648	
2453	13988	13428	
2393	14096	13568	
2358	13967	13507	
2463	13916	13568	
2441	13956	13455	
2414	14033	13541	
2395	13968	13530	
2510	14035	13486	
2326	14039	13395	
2346	13979	13497	
2366	14153	13524	
2302	13823	13551	
2452	14011	13579	
2485	13954	13584	
2447	14074	13287	
2419	13890	13444	
2455	13966	13493	
2392	13963	13337	
2467	13846	13644	
2393	14204	13414	
2358	14005	13475	
2493	14158	13425	
2458	14031	13505	
2475	13874	13522	
2393	13948	13509	
2393	14084	13536	
2439	13930	13572	
2392	14077	13366	
2412	13921	13577	
2390	13905	13619	
2425	13968	13538	
2460	13999	13495	
2350	14009	13396	
2398	13935	13491	
2314	13949	13618	
2363	13902	13562	
2458	13889	13465	
2438	13873	13509	
2487	13964	13415	
2386	13901	13689	
2517	13874	13526	
2315	13858	13530	
2397	14040	13432	
2388	13973	13528	
2391	13960	13398	
2410	13999	13596	
2431	14044	13548	
2452	14003	13497	
2292	14071	13454	
2397	14028	13398	
2414	13975	13450	
2425	13968	13456	
2435	14070	13450	
2486	13951	13551	
2538	13977	13436	
2419	13792	13587	
2494	14013	13437	
2393	13962	13480	
2536	13969	13472	
2384	13803	13624	
2421	13912	13443	
2375	14018	13579	
2393	13782	13557	
2382	14045	13470	
2346	14013	13545	
2352	13987	13559	
2428	13873	13608	
2335	13900	13589	
2367	14084	13588	
2336	13819	13626	
2369	13938	13512	
2478	13931	13584	
2434	13881	13573	
2360	13913	13575	
2464	14009	13516	
2537	13848	13526	
2432	14031	13533	
2437	13906	13591	
2343	14078	13402	
2363	14066	13549	
2500	13943	13472	
2389	13870	13521	
2496	13831	13590	
2323	14028	13519	
2354	14013	13515	
2428	13847	13594	
2369	13898	13514	
2346	14019	13517	
2458	13931	13401	
2472	13887	13367	
2375	14034	13559	
2461	13996	13521	
2472	13915	13548	
2365	13964	13455	
2365	13842	13572	
2479	13846	13677	
2393	13858	13519	
2428	13721	13552	
2381	13980	13433	
2423	14070	13441	
2435	13958	13501	
2454	13947	13501	
2378	13889	13601	
2386	14003	13559	
2370	14037	13461	
2387	14134	13371	
2359	13890	13546	
2344	14035	13538	
2447	13952	13403	
2407	13972	13504	
2378	13963	13585	
2425	13906	13495	
2425	13848	13559	
2526	14035	13451	
2349	13836	13536	
2391	14024	13465	
2438	13817	13600	
2532	13765	13533	
2381	14014	13503	
2400	13969	13430	
2365	14102	13507	
2366	14059	13435	
2394	14195	13442	
2305	14108	13413	
2375	13884	13522	
2498	13799	13556	
2451	13916	13512	
2328	14065	13404	
2470	13923	13619	
2427	13950	13557	
2427	13952	13528	
2409	13974	13616	
2521	13936	13459	
2425	13936	13515	
2391	13880	13625	
2419	13902	13546	
2390	14063	13406	
2381	14136	13284	
2469	13930	13498	
2495	13932	13519	
2412	13905	13448	
2426	13811	13550	
2474	13973	13488	
2413	13934	13538	
2448	13855	13593	
2404	13985	13532	
2445	13972	13414	
2462	13877	13606	
2435	13880	13617	
2378	13939	13440	
2440	14027	13546	
2388	13885	13538	
2426	14061	13377	
2479	13712	13550	
2372	13999	13421	
2373	14036	13532	
2425	13916	13619	
2395	13928	13524	
2429	13862	13497	
2312	13987	13525	
2380	14089	13296	
2377	14110	13319	
2391	14024	13466	
2419	13992	13553	
2369	13752	13611	
2418	14055	13471	
2435	14012	13409	
2493	13966	13414	
2350	13789	13694	
2396	13867	13602	
2399	13920	13552	
2380	13923	13448	
2446	14053	13487	
2334	13849	13663	
2400	13841	13454	
2400	14065	13464	
2468	14183	13346	
2405	13972	13500	
2377	13924	13498	
2344	13927	13492	
2423	13976	13569	
2440	13851	13485	
2516	13983	13476	
2455	14024	13378	
2440	14023	13478	
2414	14033	13440	
2516	14021	13498	
2414	13879	13462	
2394	13909	13391	
2409	14020	13529	
2450	13951	13530	
2516	13825	13484	
2420	13983	13433	
2385	13898	13587	
2430	14025	13568	
2394	13973	13467	
2347	14042	13509	
2357	14036	13446	
2404	13945	13498	
2385	14058	13463	
2506	13929	13413	
2393	13898	13516	
2395	13870	13450	
2380	13881	13602	
2384	13893	13522	
2460	13931	13631	
2339	14024	13518	
2358	14087	13342	
2401	13922	13469	
2482	13855	13574	
2371	13814	13587	
2449	14020	13460	
2519	13828	13528	
2420	14053	13564	
2502	13951	13569	
2476	13821	13613	
2466	13895	13496	
2376	13911	13508	
2396	13957	13492	
2351	13910	13579	
2373	13882	13527	
2376	13997	13440	
2360	13927	13442	
2407	13980	13503	
2403	14052	13689	
2370	13959	13443	
2480	13935	13464	
2362	14041	13464	
2464	13797	13687	
2331	13952	13548	
2429	14056	13441	
2414	14013	13548	
2459	14046	13413	
2454	14089	13380	
2457	14036	13513	
2375	14006	13437	
2480	13789	13708	
2400	13989	13644	
2403	13986	13411	
2398	14091	13352	
2408	14115	13389	
2412	13857	13651	
2403	13982	13522	
2386	13871	13595	
2444	13929	13537	
2466	13889	13586	
2410	13909	13581	
2402	13821	13606	
2387	14056	13395	
2359	13894	13576	
2382	14083	13351	
2613	14020	13415	
3288	25291	9361	
2445	13932	13632	
2337	13922	13632	
2397	13940	13531	
2409	14078	13356	
2470	14067	13402	
2462	13813	13692	
2424	14065	13416	
2395	14040	13467	
2455	14068	13439	
2461	13938	13501	
2374	13949	13541	
2478	13899	13582	
2424	14079	13496	
2458	14055	13454	
2316	13987	13513	
2494	14043	13570	
2334	14007	13502	
2472	13691	13670	
2400	13971	13566	
2270	14009	13613	
2479	14026	13546	
2430	13977	13493	
2371	13870	13547	
2426	13871	13426	
2323	13920	13568	
2443	13902	13657	
2392	13909	13615	
2403	13976	13422	
2375	13898	13604	
2352	13997	13467	
2371	13926	13522	
2447	13902	13589	
2472	13791	13680	
2494	14109	13352	
2406	13859	13648	
2376	13881	13575	
2468	13889	13512	
2444	13865	13543	
2472	13831	13607	
2399	13744	13715	
2428	14059	13437	
2425	13814	13607	
2473	13932	13515	
2417	13926	13541	
2422	14075	13344	
2350	14015	13468	
2508	14131	13453	
2423	13882	13451	
2369	14084	13477	
2440	13845	13542	
2384	13939	13430	
2372	14029	13420	
2457	13982	13536	
2388	13915	13487	
2389	14068	13544	
2510	13935	13416	
2342	13943	13523	
2406	14121	13400	
2475	13840	13667	
2529	13948	13484	
2407	13920	13499	
2301	13988	13583	
2412	14145	13387	
2418	13901	13593	
2405	13882	13532	
2406	13951	13566	
2390	13905	13527	
2449	13928	13504	
2451	13826	13608	
2404	14013	13551	
2392	13981	13501	
2357	13900	13617	
2384	13917	13604	
2418	13917	13492	
2458	13903	13434	
2394	13945	13605	
2362	14023	13493	
2421	14008	13583	
2433	13918	13567	
2391	14022	13521	
2379	14170	13291	
2373	13934	13515	
2494	13923	13629	
2453	14034	13450	
2436	13809	13583	
2300	14191	13372	
2415	13938	13628	
2418	13849	13552	
2433	13824	13561	
2447	13958	13486	
2454	13909	13434	
2369	13888	13560	
2482	14037	13541	
2410	13865	13533	
2359	13946	13456	
2368	13855	13638	
2297	13966	13523	
2401	14120	13456	
2447	14090	13359	
2489	14032	13434	
2341	14006	13476	
2454	13865	13520	
2392	13927	13513	
2482	14097	13497	
2354	14143	13552	
2324	14199	13440	
2412	13749	13523	
2457	13906	13521	
2400	14031	13428	
2397	14040	13449	
2435	13884	13555	
2343	13856	13593	
2403	13854	13554	
2340	13911	13503	
2467	13946	13516	
2441	13858	13455	
2466	13953	13543	
2398	14047	13596	
2393	13836	13567	
2329	14022	13503	
2375	13878	13574	
2472	13957	13554	
2460	14039	13407	
2419	14098	13449	
2356	14139	13496	
2398	14049	13367	
2491	13800	13566	
2510	13837	13602	
2423	13940	13557	
2982	20633	11309	
2401	13932	13635	
2432	14141	13399	
2369	13974	13628	
2326	14101	13497	
2360	14099	13463	
2416	13975	13421	
2409	14090	13446	
2386	13873	13604	
2472	14027	13384	
2474	13865	13441	
2384	13925	13637	
2498	13781	13545	
2435	14002	13499	
2421	13874	13559	
2397	13880	13595	
2331	14024	13458	
2309	13980	13602	
2439	14002	13406	
2431	14060	13467	
2364	14123	13415	
2355	13990	13485	
2408	13859	13636	
2490	13749	13603	
2482	14015	13525	
2328	14045	13422	
2475	13876	13577	
2416	13973	13512	
2483	13990	13567	
2334	13861	13494	
2411	13980	13571	
2473	14046	13536	
2397	13982	13534	
2457	13930	13579	
2441	14054	13497	
2467	13794	13529	
2359	13912	13625	
2481	13874	13611	
2337	13984	13507	
2414	13745	13507	
2426	13925	13548	
2422	13969	13508	
2388	13903	13523	
2420	14061	13439	
2495	13948	13426	
2391	14022	13533	
2484	13981	13554	
2350	14009	13505	
2368	13925	13496	
2399	13862	13516	
2459	14002	13554	
2429	14058	13437	
2437	13994	13450	
2423	13948	13403	
2441	13996	13433	
2488	13881	13564	
2444	14139	13479	
2469	13874	13462	
2425	14050	13602	
2451	13880	13668	
2285	13988	13586	
2481	13774	13575	
2425	13958	13569	
2488	13841	13515	
2419	13996	13528	
2408	14023	13423	
2371	13816	13638	
2400	14037	13533	
2462	13807	13573	
2352	14011	13595	
2378	13987	13501	
2474	14007	13468	
2380	14033	13540	
2447	13814	13563	
2416	13973	13466	
2472	13957	13479	
2477	13946	13383	
2448	14101	13404	
2442	14001	13509	
2354	13935	13552	
2390	13947	13438	
2398	13963	13479	
2299	13978	13622	
2439	14000	13537	
2438	13797	13588	
2386	13901	13598	
2401	13986	13498	
2448	13915	13475	
2437	13864	13526	
2378	14037	13436	
2367	13934	13730	
2369	13962	13485	
2381	13810	13589	
2426	13833	13646	
2433	13978	13571	
2391	13862	13561	
2381	13966	13535	
2487	13814	13531	
2343	14008	13473	
2360	13893	13548	
2438	14043	13594	
2358	13995	13454	
2434	14037	13288	
2310	14113	13413	
2408	14043	13535	
2486	13839	13387	
2425	13962	13617	
2469	14080	13427	
2490	13959	13539	
2365	13946	13654	
2395	13882	13503	
2437	14010	13507	
2459	13818	13550	
2427	13918	13488	
2472	13863	13653	
2408	13821	13683	
2563	13820	13596	
2456	13829	13628	
2434	13825	13602	
2493	13994	13457	
2424	13869	13599	
2443	14006	13501	
2360	13923	13564	
2421	13954	13483	
2403	13992	13509	
2400	13927	13472	
2478	13945	13600	
2467	13654	13721	
2474	13879	13653	
2415	13860	13548	
2358	13737	13664	
2365	13886	13684	
2459	14014	13484	
2434	13913	13417	
2420	14033	13468	
2477	13974	13470	
2491	13950	13598	
2449	13764	13628	
2335	13936	13546	
2418	13919	13528	
2414	13851	13645	
2332	13981	13445	
2390	13971	13423	
2403	13970	13626	
2477	13874	13496	
2378	14035	13484	
2416	13979	13525	
2397	13946	13548	
2530	13959	13407	
2364	13911	13487	
2352	13835	13671	
2445	13996	13486	
2372	13967	13418	
2336	13967	13606	
2424	14001	13494	
2462	13947	13467	
2314	13839	13697	
2380	14047	13477	
2467	13962	13487	
2414	14109	13382	
2440	13883	13586	
2361	13894	13522	
2454	13863	13643	
2377	14084	13489	
2453	14096	13484	
2433	13966	13522	
2499	13948	13351	
2345	13800	13519	
2339	14012	13454	
2364	14017	13523	
2435	13846	13623	
2452	14117	13480	
2443	13914	13499	
2439	13704	13641	
2470	14015	13524	
2394	13869	13562	
2359	13976	13445	
2391	13904	13551	
2417	13756	13523	
2496	13813	13624	
2488	13925	13464	
2424	13983	13415	
2460	13805	13578	
2460	14053	13521	
2424	13947	13581	
2337	13954	13577	
2415	13864	13433	
2452	14067	13350	
2307	13852	13548	
2360	14025	13380	
2347	14214	13430	
2432	13819	13534	
2430	13867	13545	
2311	13962	13609	
2448	13897	13613	
2318	13975	13533	
2472	13999	13399	
2488	14167	13326	
2431	13728	13711	
2445	13860	13527	
2327	13864	13629	
2508	13895	13558	
2520	14015	13481	
2432	13859	13603	
2398	14075	13469	
2428	13971	13570	
2516	14015	13383	
2390	13871	13576	
2381	14050	13625	
2401	13968	13424	
2300	13959	13522	
2421	14008	13469	
2411	14038	13578	
2453	14076	13450	
2435	14094	13388	
2405	13986	13508	
2412	13971	13533	
2561	14064	13444	
2540	13879	13615	
2509	13988	13380	
2409	13992	13558	
2469	14010	13286	
2411	13836	13493	
2370	13827	13518	
2335	14020	13477	
2474	13953	13484	
2416	13845	13656	
2420	13899	13602	
2422	13981	13488	
2348	14093	13492	
2359	14032	13579	
2411	13926	13508	
2464	13785	13637	
2470	13807	13619	
2338	13955	13622	
2403	14040	13359	
2502	13957	13410	
2410	13893	13590	
2492	14031	13392	
2477	13886	13584	
2458	14049	13413	
2523	14024	13486	
2440	14107	13455	
2428	13961	13594	
2516	13939	13488	
2389	13880	13459	
2317	13810	13626	
2444	14095	13433	
2409	13914	13532	
2394	13981	13548	
2395	13962	13577	
2377	14046	13458	
2428	14035	13451	
2418	13829	13581	
2418	13883	13490	
2416	13947	13447	
2367	13968	13560	
2408	13989	13527	
2411	14052	13316	
2385	13980	13471	
2480	14101	13374	
2406	14029	13515	
2396	14019	13476	
2359	13802	13568	
2441	14016	13593	
2475	13940	13414	
2496	14021	13453	
2426	13999	13568	
2434	13959	13620	
2363	13954	13461	
2374	14091	13387	
2474	13823	13647	
2347	13978	13577	
2443	13926	13505	
2448	13915	13524	
2395	14118	13450	
2398	13913	13625	
2424	13895	13571	
2450	13983	13342	
2391	14086	13379	
2417	13916	13660	
2403	13988	13497	
2390	13957	13473	
2482	13937	13495	
2402	13981	13503	
2446	14039	13474	
2377	13944	13482	
2310	14067	13502	
2368	13971	13509	
2383	13850	13682	
2353	14000	13513	
2440	13993	13397	
2467	13908	13594	
2403	14026	13475	
2413	13966	13532	
2423	14014	13627	
2485	13970	13553	
2409	13950	13487	
2389	14074	13540	
2407	14124	13367	
2468	13957	13381	
2448	13887	13577	
2508	13811	13437	
2398	13991	13433	
2397	13804	13574	
2463	14054	13579	
2455	13922	13488	
2447	14050	13537	
2464	14021	13457	
2415	13880	13584	
2346	13921	13471	
2442	13959	13474	
2398	13881	13608	
2435	13982	13475	
2447	14028	13350	
2476	14079	13374	
2359	14114	13349	
2401	13982	13542	
2413	14030	13421	
2391	13946	13535	
2343	13922	13523	
2353	14014	13450	
2477	13918	13583	
2447	13918	13586	
2429	13866	13538	
2436	14083	13448	
2449	13978	13550	
2343	13892	13645	
2387	13864	13568	
2448	13925	13697	
2366	13777	13607	
2451	13900	13451	
2346	13889	13655	
2407	13914	13476	
2384	13921	13512	
2424	13985	13507	
2418	14037	13529	
2372	13981	13541	
2431	13916	13569	
2409	13780	13591	
2415	14200	13474	
2489	13836	13517	
2378	14023	13644	
2390	13917	13642	
2382	13949	13530	
2433	14064	13548	
2420	13863	13634	
2373	13882	13531	
2369	13936	13472	
2368	13951	13581	
2395	13980	13563	
2405	13890	13510	
2403	13894	13483	
2483	13960	13540	
2402	13961	13467	
2434	13913	13485	
2370	13927	13530	
2431	13864	13496	
2425	13974	13565	
2341	14152	13354	
2413	13932	13552	
2402	13995	13548	
2473	13880	13487	
2414	14063	13428	
2396	13959	13504	
2453	14014	13390	
2514	13833	13573	
2427	13900	13461	
2430	13849	13621	
2384	14009	13501	
2366	13931	13533	
2366	13947	13635	
2445	14034	13563	
2356	13941	13560	
2340	14019	13525	
2463	13942	13546	
2379	13970	13642	
2359	14068	13455	
2446	13991	13572	
2398	14083	13376	
2454	13895	13470	
2463	13998	13345	
2385	13996	13564	
2376	14053	13412	
2447	14010	13417	
2495	13836	13556	
2492	13817	13471	
2353	13918	13571	
2516	13961	13500	
2410	14033	13464	
2362	14019	13544	
2398	14033	13624	
2469	13996	13481	
2421	13846	13670	
2461	13972	13431	
2419	14188	13443	
2429	13858	13545	
2348	14041	13498	
2434	14181	13397	
2354	13821	13582	
2376	13929	13690	
2441	13876	13547	
2393	13940	13548	
2346	13981	13547	
2464	13981	13509	
2339	13836	13624	
2400	14011	13671	
2472	13889	13503	
2414	13943	13591	
2443	13970	13560	
2396	14057	13550	
2343	14008	13454	
2424	14029	13458	
2364	13909	13526	
2410	13993	13456	
2362	13983	13498	
2439	13942	13437	
2416	14047	13569	
2414	13819	13392	
2360	14157	13580	
2458	13971	13490	
2380	14087	13542	
2397	14084	13413	
2448	14015	13549	
2377	13954	13662	
2468	13915	13606	
2465	13924	13535	
2377	13964	13593	
2436	13907	13494	
2473	14046	13512	
2332	14085	13575	
2417	13976	13507	
2383	14054	13584	
2412	13875	13590	
2451	14022	13534	
2414	13989	13385	
2357	13942	13574	
2469	13988	13572	
2468	14127	13407	
2456	13999	13490	
2462	14001	13534	
2445	13906	13491	
2372	13879	13457	
2310	13945	13620	
2474	13895	13630	
2453	13830	13625	
2459	13896	13539	
2434	14015	13540	
2409	14088	13352	
2352	14035	13537	
2427	13794	13553	
2461	13876	13538	
2486	14105	13419	
2439	13790	13500	
2448	13751	13585	
2445	13900	13523	
2413	14022	13373	
2457	14046	13364	
2368	13905	13372	
2387	14038	13470	
2307	13870	13712	
2444	13979	13576	
2405	13960	13486	
2441	13904	13546	
2440	13963	13509	
2406	14031	13342	
2461	14106	13370	
2402	14133	13411	
2380	13915	13499	
2435	13850	13557	
2509	13934	13462	
2381	13848	13549	
2408	13823	13682	
2291	14068	13376	
2474	13823	13547	
2263	14226	13388	
2376	13975	13630	
2392	13851	13554	
2509	13818	13500	
2382	13979	13590	
2366	13901	13559	
2311	14076	13398	
2363	13862	13656	
2415	14026	13524	
2414	13883	13574	
2486	13791	13561	
2435	14004	13581	
2458	14029	13251	
2406	14083	13533	
2398	14113	13402	
2389	14010	13511	
2394	14153	13388	
2466	13897	13621	
2331	14018	13464	
2515	14020	13349	
2432	14007	13577	
2417	13882	13568	
2388	13981	13545	
2326	13999	13437	
2470	13921	13562	
2315	13878	13512	
2458	13845	13622	
2422	13909	13482	
2421	13994	13472	
2432	14025	13452	
2448	13853	13641	
2426	14037	13356	
2434	13953	13557	
2352	13865	13558	
2476	13797	13666	
2430	14061	13462	
2330	13951	13613	
2335	13738	13692	
2415	13874	13572	
2427	13874	13552	
2490	13911	13511	
2419	14004	13524	
2251	14070	13472	
2457	14016	13525	
2435	14002	13510	
2398	13953	13476	
2460	13853	13531	
2299	14070	13550	
2368	13989	13499	
2476	14065	13637	
2390	14111	13388	
2413	14030	13269	
2417	13886	13471	
2421	14152	13402	
2466	14003	13439	
2338	13983	13530	
2390	13893	13630	
2396	14005	13402	
2478	13979	13520	
2402	13851	13557	
2333	13960	13636	
2522	13805	13581	
2442	13967	13496	
2322	13917	13514	
2491	14174	13388	
2453	13906	13474	
2445	14012	13509	
2450	14129	13426	
2374	13905	13539	
2451	14044	13489	
2500	13791	13580	
2334	14119	13423	
2496	13931	13510	
2353	13870	13609	
2315	13914	13535	
2342	14095	13320	
2342	13951	13457	
2501	13892	13554	
2374	14197	13476	
2407	13974	13459	
2474	13977	13436	
2456	13909	13552	
2537	13966	13551	
2422	13851	13588	
2401	13914	13425	
2405	13796	13526	
2388	13969	13420	
2402	14063	13344	
2484	14173	13355	
2389	13924	13547	
