1330	9391	24872	
1324	9177	25069	
1354	9249	25004	
1379	9170	25013	
1324	9187	25047	
1349	9149	25009	
1407	9176	24926	
1400	9225	24894	
1379	9244	25057	
1343	9225	25190	
1298	9196	25096	
1294	9231	24981	
1368	9117	25024	
1379	9240	25054	
1321	9219	25135	
1270	9148	25090	
1379	9159	25012	
1404	9246	24967	
1375	9007	25149	
1404	9071	25091	
1323	9452	24791	
1378	9261	24980	
1357	9128	25034	
1396	9159	25104	
1416	9123	25221	
1319	9120	25033	
1429	9270	25011	
1327	9273	25006	
1407	9045	25224	
1287	9251	24932	
1346	9168	25195	
1351	9148	25070	
1425	9009	25202	
1304	9193	25136	
1352	9118	25085	
1358	9193	24977	
1394	9176	25082	
1304	9120	25094	
1358	9265	24980	
1426	9197	24973	
1379	9040	25246	
1345	9106	25114	
1387	9133	25090	
1336	9158	25066	
1378	9188	25192	
1340	9197	24992	
1358	9303	24886	
1332	9207	25049	
1463	9312	24886	
1352	9181	25202	
1353	9136	25084	
1398	9267	24981	
1350	9429	24830	
1398	9141	25047	
1326	9122	25126	
1344	9101	25131	
1381	9225	25014	
1341	9248	24887	
1349	9163	25146	
1318	9152	25140	
1282	9065	25205	
1354	9175	25101	
1356	9212	25016	
1360	9149	25097	
1307	9312	25013	
1417	9345	24888	
1357	9305	24945	
1287	9194	25135	
1299	9340	25005	
1376	9326	24950	
1411	9329	24955	
1417	9082	25202	
1389	9229	24973	
1360	9169	25145	
1331	9272	24952	
1328	9174	25087	
1287	9331	24931	
1444	9237	24926	
1334	9186	25041	
1320	9197	25034	
1296	9111	25152	
1332	9287	24935	
1348	9298	24992	
1321	9189	25044	
1340	9337	24944	
1367	9236	25024	
1321	9086	25252	
1374	9199	24988	
1362	9082	24985	
1325	9096	25120	
1294	9130	25081	
1339	9190	25044	
1426	9206	25050	
1365	9299	25044	
1364	9306	24913	
1335	9124	25234	
1407	9137	25077	
1283	9263	25015	
1378	9050	25221	
1335	9306	24892	
1382	9208	25074	
1328	9051	25154	
1293	9204	25024	
1366	9144	24982	
1356	9043	25228	
1311	9265	24974	
1402	9278	25008	
1269	9391	24889	
1360	9259	24892	
1407	9220	24977	
1353	9147	24951	
1413	9135	25092	
1350	9251	24953	
1407	9127	25076	
1286	9357	24945	
1385	9299	24968	
1331	9205	25048	
1305	9255	25123	
1333	9170	25049	
1377	9137	24989	
1312	9153	24987	
1329	9197	25112	
1421	9347	24839	
1394	9114	25141	
1317	9363	24834	
1364	9086	25153	
1333	9225	24959	
1355	9222	24964	
1423	9106	25080	
1409	9172	25099	
1360	9303	24961	
1429	9109	25166	
1370	9195	25051	
1461	9161	25035	
1345	9119	25163	
1394	9152	25133	
1373	9237	25039	
1338	9252	24962	
1364	9116	25079	
1312	9193	25098	
1392	9133	25077	
1418	9194	24990	
1350	9368	24847	
1394	9247	25020	
1342	9204	25028	
1293	9333	24991	
1382	9045	25156	
1410	9168	25020	
1400	9229	25072	
1348	9035	25101	
1318	9280	24865	
1447	9267	24938	
1359	9245	24908	
1364	9051	25109	
1377	9162	25147	
1399	9268	25093	
1312	9222	25080	
1346	9178	24957	
1355	9092	25102	
1334	9223	25024	
1415	9096	25062	
1333	9111	25129	
1387	9194	25117	
1411	9287	24989	
1398	9128	24955	
1386	9222	25053	
1335	9170	25117	
1316	9185	25029	
1373	9149	25138	
1267	9125	25166	
1259	9315	25032	
1298	9111	25161	
1419	9155	25010	
1359	9120	24966	
1353	8906	25225	
1328	9307	24959	
1420	9083	25020	
1367	9174	25084	
1322	9289	24996	
1291	9243	24956	
1328	9025	25244	
1355	9216	25061	
1265	9196	25078	
1369	9078	25149	
1366	9272	25103	
1349	9282	24893	
1330	9129	25023	
1390	9169	25158	
1329	9260	25066	
1380	9105	25083	
1305	9091	25169	
1420	9155	25078	
1451	9245	25043	
1361	9091	25160	
1339	9224	25020	
1348	9207	25109	
1320	9272	25052	
1305	9182	25159	
1384	9166	25001	
1331	9102	25028	
1390	9301	24981	
1422	9223	24869	
1364	9372	24877	
1375	9180	25129	
1394	9307	24884	
1355	9196	24885	
1418	9056	25124	
1337	9219	24939	
1330	9149	25041	
1361	9243	24996	
1402	9097	25123	
1370	9179	25117	
1343	9179	25112	
1326	9127	25183	
1327	9160	25037	
1367	9147	25104	
1303	9222	25095	
1266	9221	25150	
1369	9203	24941	
1343	9250	25005	
1431	8980	25150	
1302	9277	24954	
1348	9351	24877	
1377	9220	25133	
1350	9198	25031	
1365	9113	25224	
1392	9249	24905	
1406	9178	24969	
1325	9110	25025	
1315	9168	25075	
1358	9244	24903	
1264	9312	24973	
1312	9180	25063	
1340	9202	25103	
1342	9364	24984	
1355	9175	24983	
1327	9040	25049	
1350	9271	25028	
1280	9406	24948	
1388	9202	25092	
1350	9190	25089	
1367	9195	25064	
1412	9211	24981	
1301	9184	25076	
1279	9106	25039	
1430	9101	25061	
1352	9281	24908	
1366	9171	24998	
1386	9255	25011	
1388	9262	25018	
1343	9119	25084	
1324	9102	25121	
1361	9254	25139	
1360	9143	25006	
1279	9284	25040	
1338	9228	24896	
1299	9238	24988	
1350	9167	24999	
1403	9308	24933	
1441	9136	25049	
1412	8982	25136	
1408	9267	25000	
1345	9186	25054	
1346	9239	25003	
1472	9052	25078	
1424	9165	25091	
1359	9327	24925	
1376	9068	25082	
1320	9158	25122	
1408	9332	25014	
1306	9173	25091	
1351	9321	24922	
1282	9290	24962	
1367	9133	25110	
1303	9081	25169	
1358	9131	25070	
1374	9100	24961	
1433	9242	25006	
1304	9186	25093	
1394	9148	25061	
1339	9264	24977	
1342	9117	25117	
1333	9120	25054	
1392	9091	25160	
1294	9288	24877	
1311	9320	25038	
1377	9283	25018	
1427	9274	24950	
1369	9163	25000	
1333	9293	25045	
1336	9150	25170	
1406	9220	24969	
1402	9316	25010	
1351	9141	25138	
1330	9144	25088	
1358	9224	25053	
1363	9026	25137	
1294	9237	25105	
1363	9146	24987	
1463	9329	24834	
1320	9294	24944	
1394	9206	25099	
1250	9071	25060	
1399	9246	25005	
1354	9151	25016	
1311	9175	25159	
1413	9186	25106	
1301	9141	25190	
1338	9184	25079	
1364	9190	25049	
1378	9257	24996	
1397	9226	25035	
1315	9241	25049	
1446	9172	24948	
1341	9138	25116	
1367	9311	24831	
1376	9369	24918	
1383	9173	25123	
1352	9280	25002	
1293	9195	25044	
1289	9130	25076	
1376	9287	25027	
1375	9137	25087	
1295	9244	24958	
1305	9149	25086	
1370	9130	25187	
1303	9276	24975	
1472	9070	25003	
1334	9218	25030	
1284	9119	25139	
1421	9187	25088	
1403	9143	25078	
1327	9098	25185	
1372	9261	25023	
1377	9203	25002	
1393	9155	25157	
1342	9149	25127	
1360	9287	25015	
1458	9231	25032	
1344	9260	25009	
1378	9057	25077	
1341	9199	25142	
1316	9186	25019	
1334	9203	25088	
1368	9335	24912	
1341	9130	25124	
1317	9280	25171	
1392	9099	25192	
1307	9091	25204	
1349	9092	25043	
1307	9129	25027	
1358	9227	24938	
1259	9155	25155	
1393	9157	25124	
1317	9089	25103	
1313	9100	25214	
1319	9173	25075	
1358	8927	25304	
1324	9217	25030	
1352	9074	25140	
1346	9206	25015	
1384	9213	25080	
1355	9215	24902	
1316	9217	25079	
1387	9108	25178	
1325	9035	25172	
1300	9309	25039	
1416	9162	25107	
1325	9153	25081	
1359	9246	25077	
1389	9133	25037	
1323	9199	25063	
1248	9116	25217	
1382	9138	25100	
1275	9311	25082	
1414	9109	25159	
1301	8987	25174	
1310	9148	25156	
1298	9240	24993	
1456	9296	24947	
1370	9165	25043	
1341	9273	25020	
1391	9114	25199	
1379	9353	24865	
1355	9170	25068	
1383	9064	25105	
1429	9249	25037	
1397	9049	25072	
1298	9176	25073	
1362	9050	25143	
1341	9292	24898	
1290	9332	24859	
1431	9130	25022	
1334	9254	25029	
1314	9164	25060	
1393	9172	25159	
1361	9323	24995	
1278	9190	24948	
1307	9201	24931	
1407	9149	25137	
1358	9076	25114	
1291	9254	24954	
1359	9151	25055	
1303	9138	25196	
1310	9229	25137	
1435	9180	24996	
1397	9170	24953	
1278	9330	25009	
1407	9238	24956	
1380	9111	25045	
1376	9149	24995	
1367	9111	25134	
1280	9124	25191	
1375	9314	24952	
1343	9257	24984	
1402	9209	25099	
1438	9259	24934	
1311	8861	25247	
1411	9160	25083	
1400	9197	24941	
1371	9049	25109	
1391	9279	24913	
1372	9212	25110	
1380	9217	25023	
1327	9224	25065	
1315	9273	24903	
1347	9391	24950	
1448	9135	25049	
1401	9276	24999	
1323	9156	25060	
1362	9186	25116	
1462	9155	25013	
1359	9288	24885	
1327	9197	24999	
1322	9255	25069	
1373	9277	25086	
1355	9252	25026	
1421	9158	25145	
1434	9184	24993	
1355	9325	24901	
1308	9199	25015	
1351	9152	25067	
1373	9066	25035	
1378	9077	25063	
1376	9257	24857	
1341	9367	24835	
1357	9261	24944	
1351	9079	25134	
1335	9291	24905	
1431	9141	25035	
1346	9492	24890	
1409	9246	25045	
1452	9310	25025	
1329	9230	25085	
1305	9139	25056	
1339	9096	25027	
1272	9337	24844	
1294	9194	25026	
1403	9348	24868	
1344	9324	24959	
1347	9300	24949	
1351	9219	25057	
1326	9204	25086	
1401	9323	24940	
1431	9229	24934	
1297	9225	24892	
1463	9074	25175	
1336	9255	24951	
1379	9180	25001	
1331	9095	25184	
1307	9189	25105	
1256	9058	25256	
1403	9296	25025	
1273	9306	24936	
1324	9406	24816	
1344	9264	24978	
1374	9149	25091	
1312	9135	25065	
1337	9107	25235	
1370	9190	24995	
1345	9223	24938	
1375	9201	25021	
1387	9070	25248	
1291	9216	25020	
1328	9036	25146	
1343	9125	25103	
1313	9246	25041	
1383	9162	25007	
1432	9145	25123	
1402	9206	24943	
1295	9187	25000	
1394	9218	24957	
1341	9175	25187	
1427	9174	24978	
1372	9255	24969	
1324	9066	25169	
1345	9165	24970	
1408	9244	25101	
1415	9083	25095	
1342	9211	25054	
1302	9084	25135	
1346	9204	25084	
1332	9140	25085	
1365	9180	24975	
1240	9272	24980	
1372	9261	25020	
1390	9327	24958	
1337	9211	24904	
1442	9237	24957	
1322	9214	24966	
1317	9233	25123	
1346	9117	25101	
1392	9370	24828	
1313	9174	25113	
1392	9112	25051	
1323	9184	25025	
1338	9207	25092	
1379	9064	25158	
1359	9239	25100	
1382	9192	25008	
1344	9162	25103	
1355	9102	25064	
1338	9229	24926	
1337	9218	25078	
1354	9279	24860	
1328	9364	24819	
1313	9133	25094	
1349	9228	25060	
1389	9096	24997	
1336	9425	24842	
1426	9096	25134	
1255	9278	24953	
1349	9268	25028	
1370	9202	25107	
1282	9249	25084	
1375	9107	25073	
1381	9222	25015	
1374	9201	25022	
1342	9143	25054	
1364	9197	25031	
1421	9148	25049	
1363	9248	25197	
1303	9302	25060	
1350	9196	24968	
1303	9254	25021	
1267	9341	24831	
1358	9263	25013	
1428	9231	25047	
1308	9364	24891	
1253	9142	25206	
1446	9166	25030	
1367	9074	25043	
1350	9332	24865	
1316	9183	25098	
1372	9171	25118	
1359	9065	25183	
1379	9081	24978	
1301	9194	25117	
1333	9191	25015	
1290	9411	24925	
1373	9138	25175	
1384	9231	25005	
1337	9313	24932	
1319	9043	25029	
1360	9326	24874	
1329	9300	25094	
1370	9240	25028	
1328	9224	25080	
1356	9041	25126	
1293	9276	24924	
1363	9105	25090	
1284	9156	25159	
1392	9070	25140	
1360	9022	25115	
1326	9217	25077	
1386	9119	25134	
1389	9148	25181	
1385	9183	25035	
1381	9169	24988	
1346	9101	25172	
1384	9129	25065	
1357	9377	24920	
1340	9101	25047	
1342	9293	24934	
1332	9331	24989	
1418	9280	24988	
1304	9146	25053	
1251	9178	25246	
1356	9243	25050	
1442	9145	25113	
1366	9170	25159	
1334	8992	25171	
1327	9268	24988	
1304	9141	25077	
1321	9130	25088	
1390	9096	25007	
1373	9156	25135	
1416	9248	24912	
1288	9365	25008	
1446	9116	24934	
1390	9163	25036	
1342	9202	25068	
1398	9280	24963	
1302	9276	24937	
1282	9216	25061	
1464	9130	25028	
1377	9310	24842	
1400	9161	24942	
1332	9020	25259	
1413	9229	24850	
1379	9148	25233	
1415	9170	25032	
1354	9216	25033	
1346	9305	24935	
1383	9102	25134	
1324	9183	25044	
1328	9308	24941	
1384	9199	24933	
1391	9209	24879	
1395	9242	24919	
1332	9235	25037	
1380	9150	24953	
1367	9055	25187	
1355	9213	24979	
1355	9101	25176	
1370	9169	25061	
1339	9193	25039	
1372	9354	24876	
1306	9249	25015	
1392	9249	24989	
1357	9267	24949	
1436	8996	25259	
1348	9110	25152	
1356	9182	25098	
1407	9184	25026	
1343	9199	25070	
1283	9074	25162	
1376	9184	25117	
1423	9163	25074	
1357	9218	24942	
1375	9250	24968	
1287	9166	25138	
1285	9303	25009	
1331	9238	25068	
1338	9366	24968	
1330	9131	25102	
1369	9213	24919	
1351	9191	25032	
1365	9161	24991	
1314	9133	25191	
1462	9004	25084	
1333	9183	25058	
1270	9300	25027	
1373	9061	25133	
1356	9206	24907	
1313	9133	25120	
1342	9095	25122	
1319	9157	24944	
1303	9136	24996	
1300	9140	25003	
1347	9191	25075	
1315	9152	25121	
1242	9296	25055	
1300	9063	25086	
1358	9241	25003	
1259	9260	24944	
1262	9209	25088	
1312	9140	25043	
1440	9298	24908	
1450	9258	25007	
1392	9167	25033	
1375	9206	24998	
1333	9207	25090	
1325	9201	25081	
1375	9162	24981	
1338	9153	25057	
1352	9238	24955	
1367	9224	24979	
1395	9173	25065	
1388	9095	25202	
1416	9277	25016	
1387	9208	24998	
1385	9066	25081	
1362	9319	24923	
1368	9230	25011	
1383	9109	25200	
1384	9309	24888	
1316	9173	25007	
1308	9130	25197	
1364	9315	24876	
1361	9142	24985	
1327	9209	25018	
1394	9009	25090	
1341	9189	25029	
1389	9291	24910	
1404	9133	25024	
1373	9022	25273	
1403	9028	25053	
1307	9144	25051	
1355	9116	25199	
1353	9136	25195	
1397	9265	24946	
1382	9126	25039	
1302	9295	25012	
1330	9097	25059	
1457	9009	25115	
1400	9127	25157	
1326	9156	25046	
1310	9214	25046	
1365	9161	25125	
1377	9176	25013	
1369	9215	25083	
1313	9149	25201	
1389	9176	25026	
1395	9106	25147	
1386	9194	25017	
1365	9189	25110	
1380	9192	25118	
1407	9096	25090	
1330	9207	25107	
1344	9230	24946	
1298	9154	25065	
1331	9219	25091	
1316	9172	25009	
1371	9208	24912	
1334	9218	25022	
1401	8972	25161	
1399	9232	24982	
1360	9113	24965	
1356	9313	24938	
1364	9148	24935	
1356	9265	25015	
1293	9134	25189	
1352	9154	25213	
1369	9029	25135	
1420	9273	24873	
1355	9181	25080	
1314	9088	25150	
1316	9368	24864	
1331	9068	25149	
1375	9247	25116	
1379	9230	25046	
1378	9061	25176	
1371	9152	25135	
1393	9142	25077	
1329	9239	24934	
1313	9184	25070	
1358	9305	25009	
1378	9417	24875	
1359	9232	24939	
1350	9074	25150	
1340	9203	25165	
1352	9127	25197	
1345	9279	24941	
1367	9215	24935	
1413	9227	24926	
1353	9122	25090	
1385	9136	25032	
1408	9083	25026	
1306	9069	25186	
1286	9231	24941	
1402	9297	24972	
1407	9197	24993	
1375	9181	24947	
1308	9107	25151	
1374	9133	25039	
1377	9206	25058	
1379	9300	24987	
1354	9051	25176	
1412	9272	25007	
1296	9343	25008	
1360	9227	25000	
1420	9151	24993	
1318	9188	24971	
1359	9183	25057	
1388	9231	25050	
1322	9107	25108	
1380	9155	25136	
1389	9193	24949	
1370	9229	24969	
1359	9281	25043	
1416	9191	25019	
1337	9135	24957	
1406	9231	25060	
1305	9239	25081	
1374	9145	25150	
1388	9234	24974	
1337	9336	24878	
1354	9218	24982	
1365	9371	24848	
1340	9245	24969	
1366	9203	25097	
1342	9184	25094	
1315	9192	25088	
1322	9232	25040	
1375	9073	25132	
1324	9282	24963	
1343	9194	25092	
1358	9265	25013	
1411	9330	25014	
1371	9135	24975	
1362	9290	25001	
1315	9233	24999	
1410	9211	25007	
1375	9111	25075	
1374	9117	25049	
1305	9263	24914	
1253	9243	25018	
1393	9148	25083	
1343	9152	25050	
1307	9209	25132	
1319	9070	25149	
1334	9097	25086	
1358	9245	24968	
1392	9244	24986	
1383	9176	24949	
1294	9056	25157	
1397	9170	24995	
1338	9197	25018	
1305	9186	24965	
1263	9292	24897	
1360	9159	25084	
1395	9354	24869	
1400	9146	25028	
1368	9090	25076	
1399	9133	24993	
1280	9311	24995	
1381	9045	25219	
1319	9354	24926	
1348	9107	25164	
1282	9062	25224	
1353	9001	25188	
1396	9223	25008	
1377	9130	25052	
1337	9084	25192	
1385	9285	24926	
1376	9030	25110	
1379	9260	25067	
1403	9231	24929	
1316	9220	24879	
1346	9374	24918	
1407	9214	24941	
1369	9203	25191	
1298	9329	25006	
1432	9163	25153	
1412	9320	25034	
1342	9031	25198	
1315	9202	25053	
1361	9127	25042	
1376	9208	24893	
1417	9141	25036	
1376	9137	25040	
1404	9164	25024	
1290	9141	25081	
1339	9099	25197	
1376	9340	24923	
1353	9058	25265	
1341	9363	25060	
1412	9231	25006	
1311	9288	25013	
1374	9107	25019	
1326	9164	25081	
1429	9115	25044	
1404	9227	25077	
1300	9191	25048	
1457	9279	24945	
1335	9162	25082	
1311	9157	25045	
1289	9214	25012	
1315	9221	24963	
1302	9256	25022	
1425	9275	24927	
1365	9249	24906	
1386	9171	25040	
1321	9065	25246	
1366	9148	24975	
1339	9150	25160	
1376	9252	24869	
1428	9095	25032	
1460	9278	24923	
1407	9221	25053	
1366	9165	25144	
1291	9038	25303	
1374	9198	25079	
1315	9272	24996	
1283	9344	24886	
1339	9274	25113	
1383	9275	24882	
1369	9133	25207	
1382	9230	25021	
1408	9283	24921	
1330	9264	25027	
1379	9154	25019	
1303	9382	24975	
1370	9290	24980	
1347	9327	24964	
1351	9094	25131	
1407	9180	24985	
1389	9129	25050	
1377	9148	25024	
1335	9123	25095	
1351	9117	25105	
1301	9289	25067	
1340	9270	24937	
1401	9001	25012	
1345	9328	25036	
1351	9277	24885	
1362	9242	24971	
1352	9153	25086	
1392	9211	25022	
1297	9247	25026	
1313	9236	25031	
1269	9232	25008	
1365	9153	25070	
1441	9232	24991	
1403	9219	25042	
1279	9192	25020	
1354	9305	24948	
1398	9126	25112	
1310	9247	25032	
1422	9184	25048	
1316	9204	24978	
1364	9077	25073	
1393	9163	24998	
1374	9109	25144	
1401	9059	25120	
1392	9192	24952	
1330	9135	24975	
1358	9217	25080	
1339	9157	25094	
1357	9143	25106	
1299	9234	25062	
1373	9214	25036	
1432	9118	25095	
1302	9040	25206	
1374	9159	25055	
1319	9271	25061	
1391	9157	25042	
1449	9132	25065	
1340	9104	25180	
1357	9242	25009	
1303	9223	24939	
1367	9176	24881	
1349	9316	24981	
1325	9177	25068	
1267	9494	24858	
1363	9155	25012	
1361	9175	25152	
1430	9220	25016	
1332	9360	24929	
1438	9311	24994	
1359	9236	24986	
1250	8992	25150	
1319	9186	25059	
1303	9313	24963	
1313	9117	25105	
1327	9139	25012	
1311	9114	25227	
1443	9111	25056	
1348	9212	25002	
1308	9206	25030	
1416	9163	25095	
1353	9179	25067	
1378	9413	24733	
1336	9130	25175	
1285	9266	25025	
1395	9223	24990	
1312	9159	25131	
1342	9282	24991	
1388	9108	25158	
1325	9074	25138	
1326	9354	25049	
1384	9118	25062	
1359	9215	25013	
1407	9144	24994	
1325	8992	25305	
1386	9303	24965	
1445	9126	25165	
1352	9140	25094	
1355	9199	24985	
1313	9163	25157	
1351	9299	24858	
1287	9265	24968	
1373	9141	25203	
1364	9289	24966	
1360	9016	25189	
1352	9169	24969	
1322	9260	24953	
1344	9061	25138	
1360	9125	25063	
1353	9141	25084	
1383	9265	25083	
1362	9169	24918	
1343	9195	25013	
1266	9134	25043	
1360	9160	24990	
1361	9134	25039	
1352	9275	25001	
1399	9176	24975	
1358	9117	25017	
1371	9294	24951	
1383	9256	24982	
1378	9270	24977	
1299	9254	25075	
1295	9126	25145	
1423	9119	25080	
1311	9290	25019	
1316	9250	25077	
1333	9275	24980	
1421	9277	24983	
1401	9177	25037	
1422	9258	25048	
1318	9304	24922	
1343	9309	24958	
1408	9060	25146	
1369	9081	25090	
1350	9174	25047	
1399	9162	25075	
1342	9273	25028	
1339	9238	25024	
1299	9270	25057	
1347	9215	25107	
1354	9192	25118	
1341	9190	25016	
1349	9021	25202	
1374	9062	25113	
1288	9251	25146	
1366	9210	25129	
1406	9119	25105	
1296	9228	25097	
1348	9235	24981	
1377	9252	24963	
1446	9118	25120	
1417	9167	25021	
1282	9188	25130	
1285	9136	24998	
1374	9237	24981	
1313	9090	25202	
1380	9101	25142	
1304	9253	24966	
1343	9424	24848	
1381	9080	25138	
1348	9303	24975	
1395	9254	25046	
1359	9099	25106	
1343	9115	25072	
1395	9102	25123	
1350	9244	24974	
1366	9184	25008	
1331	9296	25081	
1352	9183	24953	
1330	9088	25179	
1373	9273	25042	
1347	9301	24824	
1342	9290	24850	
1325	9346	24857	
1375	9187	25059	
1292	9113	25109	
1324	9220	25045	
1350	9209	25114	
1322	9229	24903	
1380	9121	25184	
1360	9151	24985	
1396	9148	25100	
1286	9186	25041	
1298	9076	25128	
1297	9245	25057	
1290	9388	24990	
1347	9362	25029	
1336	9056	25149	
1460	9111	25028	
1412	9085	24965	
1380	9129	25155	
1348	9120	25085	
1387	9334	24840	
1257	9250	25013	
1387	9205	25009	
1335	9055	25156	
1300	9320	24990	
1347	9214	25020	
1313	9156	25119	
1384	9069	25214	
1355	9321	24950	
1360	9192	24990	
1343	9258	25071	
1455	9266	24956	
1439	9239	24919	
1373	9135	24997	
1383	9304	24961	
1365	9254	25000	
1318	9165	25068	
1374	9246	24998	
1309	9268	25082	
1364	9239	24971	
1405	9274	24953	
1362	9286	25046	
1384	9175	25093	
1314	9317	25029	
1362	9172	24976	
1353	9263	25031	
1368	9150	25000	
1342	9119	25166	
1341	9232	24902	
1361	9065	25044	
1411	9167	25091	
1368	9206	25018	
1287	9217	24988	
1370	9157	25001	
1382	9254	25046	
1369	9291	24828	
1345	8974	25254	
1387	9112	25012	
1389	9161	25044	
1339	9179	24993	
1370	9295	24898	
1487	9286	24912	
1294	9199	25062	
1359	9116	25234	
1344	9216	25032	
1343	9189	25095	
1323	9122	25122	
1400	9054	25090	
1322	9336	24935	
1317	9075	25113	
1367	9104	25033	
1365	9169	25089	
1427	9239	24967	
1341	9079	25120	
1336	9359	24963	
1412	9284	24915	
1311	9214	25005	
1371	9237	24928	
1354	9280	24966	
1336	9223	25101	
1303	9182	25002	
1347	9306	24975	
1283	9280	25000	
1296	9342	24938	
1336	9131	25018	
1335	9170	25144	
1352	9161	25112	
1396	9193	24929	
1395	9230	25030	
1319	8946	25189	
1363	8975	25137	
1285	9190	25139	
1336	9120	25249	
1312	9168	25164	
1363	9084	25084	
1384	9261	24947	
1340	9138	25054	
1322	9248	24967	
1331	9246	24930	
1402	9275	24894	
1348	9278	25067	
1355	9131	25094	
1331	9248	24963	
1443	9131	25018	
1214	9323	25017	
1310	9203	25089	
1350	9142	25014	
1393	9178	25080	
1286	9098	25063	
1372	9060	25154	
1367	9127	25035	
1355	9297	24977	
1341	9228	25043	
1334	9197	24994	
1374	9141	25082	
1353	9166	24940	
1371	9250	25060	
1401	9325	24889	
1354	9162	25052	
1381	9053	25225	
1326	9186	25163	
1463	9230	24842	
1372	9251	24956	
1311	9219	25048	
1361	9162	25101	
1320	9172	25114	
1349	9138	25088	
1381	9137	25103	
1345	9204	24992	
1304	9133	25093	
1303	9141	25071	
1320	9140	25114	
1347	9237	25081	
1377	9212	25042	
1243	9198	25045	
1327	9189	25082	
1324	9085	25041	
1369	9117	25214	
1370	9244	25018	
1384	9315	25069	
1380	9216	25012	
1316	9151	25164	
1334	9219	24932	
1397	9186	24981	
1303	9105	25065	
1341	9226	25064	
1422	9252	25017	
1346	9170	25068	
1308	9091	25255	
1293	9146	25100	
1314	9209	25069	
1300	9188	25105	
1390	9150	25165	
1294	9180	25168	
1327	9232	24996	
1367	9261	24976	
1378	9177	25011	
1469	9207	24954	
1425	9134	25082	
1368	9106	25069	
1365	9313	24876	
1343	9257	24942	
1312	9348	24961	
1356	9087	25176	
1331	9192	25115	
1415	9080	25129	
1361	9119	25141	
1394	9134	25095	
1366	9155	25064	
1381	9352	24918	
1399	9283	24979	
1402	9291	25087	
1372	9236	25019	
1313	9282	24954	
1352	9158	25051	
1356	9175	25014	
1339	9204	24989	
1282	9227	25073	
1350	9103	25108	
1317	9178	24960	
1419	9166	25052	
1250	9263	25082	
1316	9346	24951	
1342	9103	25197	
1327	9244	24924	
1427	9148	25042	
1326	9105	25225	
1374	9295	24926	
1355	9148	25151	
1287	9260	25054	
1314	9119	25107	
1369	9048	25051	
1380	9211	25037	
1306	9092	25142	
1384	9199	25042	
1324	9198	25151	
1387	9123	25005	
1361	9140	25001	
1328	9302	25096	
1295	9237	24956	
1382	9147	25184	
1365	9211	25086	
1388	9186	25084	
1383	9208	24964	
1395	9459	24877	
1337	9328	24988	
1312	9135	25099	
1418	9261	24938	
1363	9101	25178	
1402	9206	25022	
1376	9149	25134	
1366	9194	25080	
1346	9301	25019	
1254	9324	25101	
1341	9191	25112	
1301	9243	24921	
1260	9199	25110	
1355	9139	25083	
1371	9273	25080	
1349	9336	24924	
1400	9152	25062	
1430	9113	25086	
1320	9364	24903	
1268	9227	25035	
1337	9235	24965	
1379	9161	25031	
1423	9025	25175	
1412	9227	25010	
1309	9126	25011	
1388	9133	25030	
1298	9318	25052	
1315	9087	25113	
1409	9101	25146	
1383	9202	25163	
1322	9225	24995	
1339	9217	25166	
1379	9196	24921	
1453	9031	25082	
1305	9177	25080	
1349	9132	25150	
1420	9170	25026	
1371	9206	25043	
1382	9211	25046	
1374	9046	25129	
1312	9152	25101	
1435	9109	25140	
1371	9179	24933	
1345	9257	24995	
1274	9214	24971	
1377	9202	25003	
1356	9017	25148	
1297	9347	24967	
1342	9211	25060	
1339	9216	24994	
1276	9152	25194	
1305	9044	25273	
1402	9268	24840	
1405	9172	24922	
1345	9235	25073	
1339	9211	25175	
1309	9138	25115	
1361	9090	25109	
1389	9081	25123	
1400	9169	25019	
1304	9386	24920	
1431	9096	25043	
1402	9076	25215	
1382	9260	25042	
1320	9129	25204	
1369	9250	24984	
1364	9188	24998	
1320	9271	25115	
1373	9280	25041	
1284	9288	25002	
1405	9292	25014	
1314	9307	24935	
1303	9261	24983	
1403	9265	24853	
1357	9130	25032	
1335	9124	25082	
1369	9510	24823	
1312	9124	25154	
1337	9301	24862	
1352	9281	24937	
1331	9107	24978	
1378	9295	24967	
1347	9212	25003	
1327	9214	25002	
1310	9275	25136	
1299	9162	25135	
1404	9285	25067	
1359	9044	25130	
1398	9324	24904	
1402	9201	25026	
1357	9350	24902	
1404	9255	25036	
1365	9155	25046	
1412	9249	24850	
1343	9268	25012	
1375	9126	25041	
1307	9121	25066	
1358	9261	24986	
1385	9215	24982	
1332	9314	24932	
1376	9239	25058	
1342	9193	25018	
1387	9198	25024	
1407	9229	25084	
1434	9095	25144	
1374	9297	24965	
1330	9246	24978	
1345	9226	25099	
1345	9317	24991	
1391	9058	25150	
1382	9062	25148	
1366	9053	25208	
1325	9230	25029	
1313	9278	25035	
1394	9166	25046	
1360	9196	24984	
1336	9134	25021	
1381	9219	25056	
1352	9132	25170	
1279	9310	24872	
1296	9173	25070	
1351	9217	24967	
1359	9214	24995	
1358	9162	25077	
1346	9328	24868	
1322	9371	24976	
1320	9058	25154	
1340	9090	25199	
1352	9095	25079	
1325	9137	25160	
1350	9187	25068	
1344	9092	25117	
1358	9185	24956	
1400	9185	25018	
1365	9233	24956	
1383	9209	24925	
1331	9281	24922	
1391	9177	25018	
1362	9167	24976	
1406	9262	25002	
1287	9162	25136	
1394	9288	25041	
1318	9236	25008	
1347	9052	25084	
1350	9255	24946	
1402	9236	25062	
1302	9150	25089	
1274	9342	24918	
1361	9156	24987	
1305	9180	25118	
1372	9225	25160	
1328	9231	25030	
1381	9105	25152	
1329	9129	25074	
1393	9314	24837	
1362	9098	25075	
1364	9241	24881	
1351	9214	25243	
1290	9193	25115	
1317	9121	25086	
1386	9215	24973	
1259	9190	25117	
1355	9297	25042	
1303	9214	25020	
1353	9244	24891	
1372	9301	25021	
1311	9301	25064	
1400	9190	24960	
1297	9252	25035	
1352	9271	24996	
1332	9240	24914	
1304	9295	24963	
1375	9232	25008	
1321	9152	25145	
1342	9244	25098	
1304	9241	24937	
1309	9323	25063	
1359	9122	25016	
1308	9341	24882	
1386	9250	25155	
1337	9181	25096	
1312	9146	25029	
1403	9202	25010	
1313	9318	24897	
1421	9090	25200	
1355	9170	25036	
1345	9166	24998	
1343	9198	25051	
1313	9250	25067	
1379	9269	24999	
1413	9242	24917	
1325	9204	25019	
1346	9292	24990	
1320	9197	25058	
1259	9194	25097	
1281	9262	25020	
1301	9245	24862	
1348	9230	25157	
1343	9163	25098	
1380	9183	25084	
1374	9147	25112	
1266	9256	24983	
1409	9265	24955	
1408	9178	25106	
1392	9191	25092	
1356	9299	25020	
1342	9239	25051	
1401	9295	25009	
1304	9110	25185	
1283	9092	25170	
1400	9222	25070	
1362	9233	24998	
1339	9147	24989	
1379	9251	24921	
1400	9153	25108	
1346	9250	25069	
1441	9074	25171	
1364	9218	25053	
1398	9295	24944	
1406	9236	24980	
1351	9198	25104	
1392	9193	25096	
1369	9168	24986	
1375	9211	24988	
1382	9232	25031	
1381	9091	25113	
1440	9155	25001	
1274	9347	25003	
1354	9264	25042	
1364	9224	24954	
1391	9256	24950	
1343	9093	25218	
1338	9277	24959	
1389	9198	25019	
1292	9120	25192	
1425	9166	25037	
1332	9244	24984	
1355	9298	24962	
1352	9268	24991	
1291	9132	25237	
1300	9272	24954	
1321	9092	25185	
1375	9157	25044	
1322	9216	24995	
1396	9182	25014	
1327	9144	25060	
1376	9205	25084	
1311	9161	25117	
1402	9170	24993	
1352	9039	25202	
1336	9104	25130	
1293	9191	25152	
1293	9264	25046	
1338	9250	25133	
1363	9080	25087	
1342	9217	25047	
1322	9326	24980	
1351	9116	25167	
1352	9230	24908	
1297	9257	24977	
1302	9210	25036	
1359	9286	25033	
1327	9210	25077	
1319	9254	24890	
1410	9179	24926	
1364	9008	25190	
1309	9021	25253	
1352	9214	24973	
1338	9371	24850	
1429	9152	24983	
1343	9159	25085	
1361	9299	24914	
1384	9075	25241	
1356	9150	25139	
1336	9250	25068	
1369	9190	25036	
1348	9142	25157	
1396	9415	24854	
1293	9200	25044	
1328	9246	24948	
1314	9225	25077	
1322	9186	24990	
1300	9111	25214	
1381	9261	25027	
1303	9331	24966	
1427	9241	24957	
1377	9164	25120	
1328	9262	25010	
1350	9190	25068	
1320	9081	25058	
1320	9216	25110	
1342	9223	25031	
1371	9167	25086	
1395	9243	25013	
1309	9313	24947	
1383	9352	24870	
1379	9153	25020	
1264	9111	25176	
1302	9275	24983	
1365	9263	24984	
1413	8991	25209	
1295	9282	25062	
1341	9156	25113	
1391	9143	25071	
1333	9134	24998	
1334	9279	24951	
1360	9285	24924	
1380	9208	24937	
1348	9256	25038	
1357	9200	25022	
1380	9139	25114	
1274	9069	25206	
1358	9181	25149	
1304	9186	25053	
1309	9325	24866	
1449	9272	24964	
1406	9299	24910	
1375	9460	24813	
1355	9336	24936	
1368	9017	25215	
1329	8987	25283	
1341	9180	25097	
1389	9200	25106	
1365	9235	25094	
1336	9084	25055	
1407	9184	25045	
1357	9288	24988	
1382	9202	25010	
1359	9178	25170	
1412	9237	24877	
1376	9257	25018	
1391	9114	25014	
1275	9249	25032	
1326	9035	25098	
1389	9122	25073	
1340	9109	25170	
1329	9223	25185	
1401	9341	24768	
1309	9086	25143	
1307	9221	25002	
1459	9162	25023	
1390	9302	24878	
1321	9207	25119	
1366	9096	25126	
1300	9264	25023	
1349	9222	25060	
1388	9280	24925	
1406	9154	24908	
1358	9133	25020	
1383	9204	24994	
1371	9258	24957	
1324	9157	25109	
1364	9303	24993	
1285	9214	25006	
1356	9297	24925	
1312	9106	25014	
1364	9279	24964	
1374	9301	25071	
1366	9096	25092	
1275	9274	24938	
1293	9199	25026	
1348	9196	25049	
1327	9086	25030	
1357	9209	24957	
1330	9290	24975	
1362	9230	24968	
1417	9146	25085	
1288	9286	25051	
1422	9123	25114	
1295	9034	25225	
1385	9230	25081	
1333	9258	25107	
1350	9182	25018	
1364	9161	25030	
1371	9197	25059	
1429	9081	25082	
1316	9259	24918	
1416	9252	24998	
1370	9077	25043	
1354	9178	25074	
1362	9011	25215	
1317	9258	24988	
1363	9132	25043	
1329	9407	24955	
1385	9187	25076	
1351	9130	25070	
1367	9380	25020	
1385	9181	25138	
1296	9138	25099	
1436	9011	25099	
1350	9141	25048	
1354	9084	25227	
1287	9281	25006	
1337	9085	24997	
1381	9131	25111	
1421	9248	24899	
1323	9188	25126	
1399	9299	24915	
1395	9132	25229	
1364	9169	25135	
1252	9095	25130	
1340	9284	24954	
1329	9150	25070	
1348	9228	24989	
1314	9166	25137	
1373	9107	25090	
1358	9068	25142	
1347	9162	25022	
1358	9119	25196	
1340	9319	24881	
1406	9178	25063	
1371	9184	25017	
1332	9267	25142	
1311	9408	24854	
1384	9187	25093	
1391	9252	24938	
1383	9065	25160	
1365	9153	24966	
1319	9274	25036	
1354	9107	25059	
1348	9270	24978	
1396	9265	24902	
1366	9169	25092	
1417	9149	24944	
1352	9129	25181	
1404	9164	25033	
1352	9295	24975	
1350	9142	25085	
1321	9191	24982	
1356	9222	25027	
1371	9162	25114	
1324	9154	24980	
1384	9161	25133	
1348	9172	25040	
1333	9342	24868	
1343	9202	25056	
1348	9121	25155	
1366	9182	25085	
1373	9168	25033	
1393	9204	25014	
1433	9307	24991	
1315	9269	25017	
1301	9030	25206	
1357	9122	25150	
1384	9050	25192	
1353	9303	24886	
1335	9199	25109	
1413	9079	25049	
1346	9217	25057	
1372	9236	25106	
1348	9146	25070	
1355	9169	25128	
1425	9124	25115	
1391	9259	25055	
1298	9220	25069	
1311	9170	25165	
1425	9328	24833	
1379	9194	24977	
1377	9129	25082	
1402	9238	24904	
1437	9150	25040	
1315	9330	24904	
1372	9242	25037	
1414	9257	24957	
1344	9216	24913	
1314	9233	25051	
1399	9144	25101	
1448	9204	24932	
1352	9036	25094	
1320	9101	25147	
1360	9222	25078	
1333	9078	25069	
1373	9001	25258	
1343	9081	25131	
1433	9169	24936	
1353	9299	24934	
1311	9312	24919	
1394	9224	25048	
1302	9116	25247	
1351	9262	24959	
1390	9224	25031	
1324	9145	25027	
1391	9332	24963	
1286	9162	25083	
1369	9341	25003	
1369	9359	24850	
1403	9053	25150	
1377	9053	25202	
1412	9159	25056	
1357	9212	25083	
1464	9195	25031	
1248	9433	24877	
1335	9197	24983	
1405	8997	25207	
1280	9259	25003	
1380	9078	25158	
1312	9265	25116	
1312	9255	25077	
1338	9124	25225	
1354	9199	25109	
1372	9074	25177	
1281	9244	25061	
1375	9152	24949	
1385	9033	25197	
1376	9112	24995	
1409	9140	25110	
1255	9241	25017	
1359	9120	25145	
1388	9129	25068	
1356	9294	24905	
1303	9292	25023	
1316	9340	24963	
1349	9301	25013	
1330	9185	25107	
1371	9129	25170	
1399	9323	24907	
1337	9267	24820	
1398	9064	25085	
1357	9221	25019	
1345	9137	25170	
1384	9281	24945	
1338	9265	25039	
1440	9238	24945	
1324	9094	25120	
1321	9099	25038	
1343	9174	25160	
1434	9113	25082	
1414	9136	24948	
1311	9320	25039	
1356	9190	24980	
1292	9234	25103	
1362	9059	25144	
1402	9100	25099	
1355	9091	25206	
1323	9309	24895	
1336	9075	25291	
1467	9126	25003	
1368	9117	25217	
1363	9345	24830	
1355	9257	24979	
1446	9328	25020	
1408	9070	25068	
1329	9198	25176	
1311	9269	24986	
1368	9068	25172	
1416	9102	25040	
1305	9210	25110	
1361	9163	25021	
1398	9170	25035	
1370	9189	25075	
1435	9195	24952	
1361	9187	25021	
1364	9230	25050	
1394	9172	25178	
1392	9086	25213	
1313	9058	25243	
1321	9292	25050	
1350	9195	25196	
1406	9126	25095	
1362	9051	25061	
1415	9115	25095	
1410	9024	25111	
1391	9084	25174	
1322	9163	25100	
1335	9292	24960	
1452	9134	25106	
1292	9201	25032	
1383	9166	25008	
1400	9168	25129	
1367	9338	24912	
1392	9062	25103	
1382	9120	25084	
1361	9128	25016	
1332	9193	25092	
1390	9093	25109	
1327	8997	25173	
1374	9227	25032	
1391	9220	25090	
1399	9292	24990	
1341	9217	24975	
1351	9240	25004	
1382	9144	25044	
1334	9197	25036	
1282	9168	25068	
1426	9145	25182	
1352	9268	25118	
1450	9058	25165	
1382	9240	24978	
1358	9012	25264	
1443	9095	25119	
1360	9234	25015	
1329	9056	25273	
1387	9137	25044	
1348	9149	24965	
1363	9073	25085	
1388	9191	25014	
1413	9125	25039	
1384	9346	24958	
1400	9193	25053	
1330	9292	24921	
1321	9224	25001	
1431	9170	25031	
1322	9380	24839	
1430	9191	24930	
1298	9189	24984	
1346	9093	25141	
1276	9312	24978	
1401	9218	25054	
1379	9205	25002	
1306	8928	25343	
1354	9230	25098	
1407	9271	24925	
1370	9115	24966	
1391	9176	25128	
1344	9229	25067	
1328	9150	25106	
1358	9254	25047	
1335	9310	24990	
1313	9184	25039	
1368	9327	24795	
1418	9252	24941	
1289	9271	25065	
1386	9223	25069	
1365	9234	25020	
1377	9321	24930	
1359	9137	25124	
1349	9235	24969	
1341	9323	24984	
1379	9200	25046	
1390	9190	25006	
1342	9152	25158	
1361	9242	24968	
1427	9205	24892	
1382	9310	24941	
1347	9071	25241	
1350	9108	25084	
1365	9155	24991	
1392	9229	25082	
1358	9204	25046	
1276	9056	25277	
1368	9202	25005	
1318	9296	25020	
1345	9267	24975	
1339	9172	24988	
1413	9300	24962	
1320	9228	24944	
1397	9171	25120	
1401	9149	25005	
1359	9161	25039	
1364	9153	25002	
1349	9157	25178	
1347	9230	24996	
1397	9162	25124	
1360	9091	25192	
1352	8995	25193	
1341	9350	24896	
1403	9290	24993	
1379	9166	25160	
1334	9307	24938	
1402	9220	24966	
1407	9143	24974	
1331	9226	25005	
1394	9249	25007	
1300	9249	24998	
1332	9197	25037	
1398	9301	24907	
1348	9147	25072	
1366	9149	25153	
1398	9130	25143	
1315	9213	25025	
1403	9108	25098	
1363	9075	25031	
1329	9198	25027	
1281	9181	25172	
1350	9272	24861	
1329	9093	25308	
1358	9222	25054	
1330	9194	25155	
1345	9229	25029	
1279	9348	24819	
1316	9304	24909	
1275	9128	25104	
1336	9223	25005	
1368	9356	24952	
1389	9262	24964	
1351	9242	25115	
1347	9224	25008	
1286	9166	25110	
1366	9260	24962	
1327	9110	25052	
1381	9230	25024	
1412	9075	25092	
1305	9253	25096	
1350	9214	24995	
1414	9193	24895	
1296	9160	25211	
1356	9215	25108	
1322	9077	25153	
1342	9219	24977	
1301	9241	25083	
1292	9128	25210	
1423	9253	25116	
1317	9231	25071	
1361	9125	25098	
1324	9124	25176	
1375	9235	24949	
1298	9342	24941	
1430	9164	25016	
1392	9059	25075	
1272	9198	25002	
1308	9122	25156	
1346	9274	24960	
1368	9247	25033	
1366	9204	25002	
1376	9148	25035	
1394	9273	24884	
1323	9130	25107	
1292	9145	25044	
1418	9217	25013	
1358	9265	24993	
1303	9215	25058	
1386	9170	24950	
1370	9177	25049	
1338	9205	25012	
1342	9219	25054	
1347	9291	25103	
1362	9181	25095	
1349	9098	25097	
1354	9181	25076	
1334	9323	24966	
1387	9263	25039	
1396	9319	24861	
1354	9138	25055	
1418	9266	25061	
1405	9119	24901	
1423	9181	25064	
1332	9198	25105	
1423	9094	25066	
1338	9137	25046	
1420	9206	24964	
1411	9093	25032	
1312	9247	25014	
1370	9242	25078	
1335	9125	25103	
1330	9229	25045	
1326	9220	25136	
1351	9130	25047	
1344	9180	25022	
1383	9303	24930	
1344	9208	24984	
1359	9194	25099	
1398	9189	25056	
1336	9204	25089	
1341	9057	25198	
1323	9119	25056	
1388	9179	25047	
1309	8998	25246	
1348	9012	25121	
1361	9266	24972	
1366	9323	24916	
1388	9099	25074	
1311	9258	25089	
1355	9363	24853	
1341	9154	25064	
1393	9044	25218	
1336	9277	25101	
1318	9163	25001	
1330	9118	25205	
1393	9239	24919	
1312	9305	24935	
1307	9345	25055	
1260	9174	25127	
1404	9175	24933	
1319	9234	25059	
1332	9041	25299	
1328	9180	25074	
1414	9289	24868	
1306	9289	25042	
1454	9105	25133	
1306	9253	25003	
1271	9193	24973	
1313	9163	25095	
1355	9183	25004	
1382	9258	25042	
1384	9251	25042	
1305	9265	25089	
1369	9173	25100	
1322	9089	25146	
1325	9417	24787	
1391	9103	24990	
1403	9277	24847	
1369	9181	25033	
1305	9097	25089	
1390	9322	24952	
1358	9411	24941	
1379	9180	25102	
1354	9164	25116	
1346	9136	25053	
1370	9159	25036	
1345	9276	24981	
1327	9269	24959	
1351	9233	25001	
1376	9181	25117	
1362	9103	25136	
1366	9284	24979	
1418	9302	24928	
1390	9269	25041	
1424	9259	24955	
1363	9262	24974	
1428	9161	24986	
1283	9209	25103	
1339	9264	24899	
1370	9228	25001	
1403	9188	24956	
1409	9114	25182	
1328	9163	24998	
1346	9139	25129	
1368	9256	25096	
1338	9166	25034	
1365	9381	24910	
1342	9252	24809	
1423	9098	24998	
1366	9150	25039	
1338	9254	25030	
1345	9084	25109	
1394	9376	24819	
1353	9153	25095	
1367	9157	25075	
1387	9187	25074	
1407	9088	25177	
1353	9196	24936	
1376	9241	25004	
1364	9296	24980	
1274	9255	25050	
1400	9073	25096	
1334	9122	25069	
1351	9203	24945	
1345	9154	25100	
1373	9127	25148	
1416	9271	24941	
1374	9286	24856	
1319	9118	25188	
1342	9215	24872	
1334	9251	25086	
1305	9330	25026	
1399	9082	25028	
1311	9208	24985	
1346	9327	24913	
1400	9125	25123	
1325	9209	24950	
1297	9295	24991	
1342	9221	25183	
1324	9321	24937	
1364	9129	24978	
1305	9350	24989	
1376	9115	25051	
1363	9138	25101	
1334	9148	25041	
1377	9295	24919	
1338	9147	25041	
1383	9126	25124	
1366	9252	24937	
1368	9229	25097	
1372	9143	24971	
1382	9145	25082	
1360	9131	25068	
1414	9174	25076	
1339	9226	25008	
1346	9130	25077	
1290	9288	25025	
1384	9170	24945	
1378	9164	25127	
1337	9243	25021	
1365	9201	25059	
1314	9105	25177	
1344	9278	24963	
1310	9265	25009	
1394	9227	24991	
1345	9247	25048	
1357	9287	25009	
1294	9348	25036	
1252	9143	25140	
1386	9179	25019	
1306	9227	24983	
1370	9198	25057	
1373	9245	24984	
1312	9197	25161	
1328	9318	24920	
1282	9169	25022	
1362	9127	25018	
1345	9142	25046	
1379	9310	24963	
1376	9381	24998	
1354	9151	25068	
1375	9191	25067	
1360	9052	25239	
1379	9285	25097	
1385	9216	24914	
1382	9125	25111	
1282	9267	24922	
1292	9369	24957	
1416	9233	24972	
1254	9205	25019	
1328	9303	24978	
1442	9003	25013	
1278	9217	25114	
1301	9309	24974	
1443	9057	25019	
1379	9136	25100	
1363	9154	25032	
1316	9227	24934	
1357	9199	24998	
1349	9229	25128	
1273	9283	25083	
1379	9226	24973	
1394	9329	25004	
1362	9199	24995	
1370	9211	25093	
1294	9261	25043	
1314	9383	24956	
1311	9234	24944	
1379	9287	24899	
1422	9100	25166	
1320	9251	24867	
1337	9255	25071	
1368	9337	24895	
1316	9238	25058	
1366	9182	24940	
1384	9261	25114	
1365	9075	25096	
1444	9282	24912	
1361	9425	24812	
1367	9289	24928	
1403	9093	25119	
1342	9174	25064	
1341	9265	24916	
1366	9201	25012	
1399	9127	25120	
1336	9187	25034	
1415	9063	25216	
1288	9352	24863	
1321	9339	24923	
1358	9318	24846	
1387	9220	25034	
1426	9193	24928	
1347	9006	25158	
1426	9276	24906	
1421	9190	25079	
1364	9215	25056	
1339	9219	25090	
1389	9157	25190	
1337	9172	24964	
1340	9089	25097	
1345	9294	24938	
1351	9129	25116	
1350	9279	25113	
1368	9363	24982	
1373	9346	24914	
1308	9253	24996	
1327	9321	24944	
1391	9240	24984	
1358	9312	24988	
1389	9075	25076	
1289	9159	25126	
1376	9165	25219	
1343	9141	25111	
1380	9166	25016	
1394	9180	25000	
1419	9120	25149	
1427	9072	25196	
1291	9352	24861	
1331	9086	25128	
1352	9191	25081	
1332	9172	25076	
1288	9290	25089	
1328	9256	25052	
1349	9218	24841	
1400	9190	25150	
1357	9225	25005	
1305	9158	25033	
1374	9187	25076	
1334	8963	25281	
1386	9146	25096	
1349	9203	25004	
1325	9203	25008	
1356	9120	25240	
1391	9308	24988	
1376	9134	25155	
1369	9184	24990	
1345	9227	24984	
1377	9077	25014	
1363	9146	25057	
1362	9012	25179	
1315	9307	24942	
1331	9407	24917	
1428	9070	25223	
1378	9160	25068	
1332	9096	25167	
1303	9163	25072	
1330	9113	25175	
1300	9179	25040	
1335	9199	25044	
1299	9276	25044	
1274	9185	25065	
1315	9138	25109	
1428	9148	25059	
1368	9271	24961	
1360	9219	25070	
1355	9164	25090	
1390	9255	24994	
1346	9166	25161	
1374	9184	25068	
1395	9209	25013	
1334	9104	25141	
1395	9238	25050	
1323	9238	24986	
1351	9140	25049	
1348	9257	25118	
1407	9217	24952	
1380	9113	25103	
1383	9285	24986	
1441	9209	24911	
1352	9189	25083	
1410	9250	25008	
1368	9166	24980	
1344	9304	25055	
1407	9414	24822	
1364	9010	25078	
1340	9205	25041	
1354	9156	25170	
1332	9258	24988	
1425	9171	25060	
1420	9136	25209	
1337	9311	25019	
1361	9241	24916	
1350	9339	24873	
1339	9047	25172	
1390	9124	25074	
1369	8969	25305	
1415	9167	24921	
1328	9286	24978	
1420	9186	24971	
1308	9170	25113	
1399	9252	24950	
1308	9144	25135	
1311	9123	25026	
1353	8926	25200	
1323	9176	24996	
1305	9066	25163	
1341	9240	24970	
1320	8952	25228	
1298	9091	25062	
1346	9335	25002	
1328	9039	25196	
1321	9158	25163	
1370	8992	25255	
1326	9100	25146	
1357	9003	25147	
1332	9335	24977	
1390	9100	25071	
1408	9278	24893	
1405	9138	25032	
1450	9262	24813	
1389	9278	25045	
1336	9179	25093	
1447	9134	25063	
1369	9283	24905	
1368	9226	25004	
1408	9161	25057	
1397	9149	25181	
1331	9144	25145	
1350	9111	25067	
1343	9360	25012	
1345	9306	24890	
1376	9087	25189	
1436	9284	25030	
1269	9334	24882	
1381	9169	25058	
1406	9248	24966	
1389	9185	24998	
1377	9164	25055	
1349	9212	25004	
1302	9278	25047	
1381	9047	25159	
1396	9301	24979	
1367	9094	25143	
1384	9224	24997	
1372	9276	24925	
1340	9128	24879	
1388	9137	24943	
1313	9259	24937	
1405	9072	25165	
1303	8970	25156	
1397	9089	25130	
1298	9213	25041	
1350	9255	25009	
1395	9016	25201	
1316	9220	25040	
1365	9060	25162	
1347	9205	25025	
1333	9195	25120	
1324	9242	25017	
1391	9189	24901	
1337	9173	25100	
1392	9235	25048	
1373	9217	25108	
1368	9304	24902	
1358	8819	25318	
1391	9190	25068	
1371	9116	25057	
1228	9245	24989	
1348	9102	25130	
1360	9146	25136	
1372	9132	25045	
1346	9145	25074	
1342	9257	25046	
1395	9069	25161	
1347	9284	24974	
1375	9182	25067	
1374	9165	25042	
1364	9191	25054	
1342	9375	24855	
1353	9170	24978	
1375	9107	25159	
1363	9167	24969	
1347	9113	25043	
1313	8924	25212	
1440	9103	25106	
1383	9253	24870	
1299	9120	25034	
1446	9189	24970	
1416	9177	25029	
1372	9274	24914	
1307	9258	24995	
1351	9196	25028	
1307	9122	25101	
1366	9333	24845	
1301	9163	25075	
1312	9240	24895	
1416	9235	24886	
1274	9159	25126	
1349	9127	25112	
1387	9158	25053	
1331	9087	25148	
1326	9157	25121	
1309	9308	24966	
1315	9172	25027	
1366	9238	24943	
1341	9248	24961	
1300	9185	25044	
1322	9114	25131	
1367	9062	25167	
1368	9207	24952	
1394	9270	24900	
1225	9170	25055	
1400	9134	24970	
1319	9241	24997	
1448	9039	25048	
1300	9315	24995	
1378	9133	25085	
1389	9209	24979	
1355	9274	25052	
1400	9195	24932	
1342	9324	24880	
1342	9102	25125	
1435	9072	25131	
1409	9220	24876	
1363	9121	24981	
1294	9061	25181	
1353	9227	24995	
1300	9244	25015	
1355	9166	25091	
1368	9268	24964	
1356	9294	25046	
1393	9202	25081	
1335	9284	25090	
1332	9060	25176	
1315	9139	25074	
1347	9327	25036	
1363	9197	24916	
1343	9251	25023	
1322	9177	25044	
1349	9255	25110	
1376	9143	24987	
1359	9180	25062	
1359	9071	25208	
1392	9241	25050	
1314	9250	25057	
1392	8939	25194	
1379	9104	24999	
1363	9355	24895	
1346	9221	25009	
1382	9175	25044	
1436	9146	25056	
1351	9201	25117	
1389	9099	25175	
1492	9151	24985	
1281	9189	25177	
1339	9253	24923	
1453	9242	24919	
1263	9272	24951	
1323	9073	25204	
1380	9279	24995	
1381	9081	25204	
1347	9301	24926	
1367	9116	24994	
1376	9174	25052	
1313	9208	25020	
1278	9162	25183	
1371	9278	24798	
1409	9116	25061	
1429	9176	25022	
1441	9200	25028	
1298	9105	25125	
1301	9147	24991	
1408	9165	25158	
1334	9386	24920	
1349	9202	25121	
1353	9098	25069	
1288	9204	25077	
1379	9344	24924	
1353	9117	25211	
1387	9167	25034	
1395	9237	25097	
1415	9303	24955	
1317	9232	25081	
1331	9123	25126	
1293	9183	25106	
1337	9265	25002	
1356	9158	25139	
1416	9207	25090	
1327	9241	24971	
1342	9267	24870	
1294	9388	24876	
1422	9212	25022	
1353	9300	24969	
1403	9222	24831	
1311	9140	25188	
1437	9324	24916	
1380	9111	25092	
1403	9151	24990	
1381	9262	25001	
1343	9240	24989	
1285	9294	24964	
1387	9117	25108	
1410	9090	25128	
1350	9248	25091	
1379	9170	25067	
1438	9318	24857	
1358	9223	24903	
1390	9298	24863	
1398	9250	24926	
1297	9268	25053	
1312	9096	25096	
1316	9361	24867	
1300	9165	25091	
1385	9225	24998	
1347	9302	24853	
1396	9108	25034	
1418	9203	24909	
1433	9258	24912	
1294	9108	25124	
1316	9192	24968	
1366	9155	24966	
1371	9047	25089	
1447	9139	25075	
1391	9047	25118	
1244	9238	24911	
1398	9244	24986	
1341	9253	24960	
1385	9168	25079	
1382	9139	25110	
1449	9030	25108	
1320	9145	25114	
1356	9222	24986	
1336	9434	24847	
1351	9113	25187	
1290	9192	25009	
1294	9280	24932	
1300	9177	25089	
1363	9202	24991	
1373	9118	25046	
1382	9161	24936	
1296	9139	25072	
1388	9161	25159	
1360	9193	25075	
1306	9199	25043	
1335	9246	25042	
1386	9072	25172	
1272	9247	24933	
1363	9203	25057	
1343	9190	25069	
1284	9083	25190	
1343	9128	25146	
1401	9066	25095	
1418	9261	24952	
1342	8992	25240	
1438	9220	25003	
1356	8997	25162	
1337	9235	25048	
1351	9225	24973	
1359	9150	25066	
1333	9084	25178	
1364	9247	24991	
1333	9175	24939	
1403	9188	25119	
1383	9049	25181	
1329	9240	24960	
1344	9294	24991	
1318	9285	24822	
1250	9240	24958	
1332	9057	25136	
1332	9205	25062	
1343	9241	25072	
1319	9355	24851	
1405	9334	24910	
1311	9053	25132	
1403	9274	24917	
1367	9147	25089	
1350	9106	25179	
1371	9296	24877	
1337	9106	25268	
1361	9160	25072	
1320	9121	25194	
1292	9197	24950	
1309	9255	25054	
1371	9200	25026	
1353	8962	25134	
1371	9142	25132	
1390	9250	24951	
1347	9210	25026	
1352	9135	25144	
1380	9159	25065	
1401	9116	25131	
1408	9239	25067	
1356	9282	24870	
1386	8931	25256	
1327	9143	25130	
1328	9290	25030	
1343	9442	24880	
1424	9219	24958	
1392	9306	24922	
1350	9206	24985	
1343	9314	24918	
1350	9296	24872	
1366	9187	25042	
1259	9198	25072	
1372	9250	25040	
1393	9252	24870	
1325	9168	25075	
1435	9106	24981	
1296	9109	25180	
1382	9223	25125	
1284	9265	24948	
1362	9228	25017	
1343	9276	25029	
1342	9112	25105	
1345	9266	24962	
1336	8982	25133	
1333	9086	25060	
1341	9177	25125	
1268	9117	25162	
1342	9251	24990	
1372	9216	24955	
1316	9171	25084	
1309	9221	25032	
1386	9125	25140	
1357	9067	25053	
1351	9236	24835	
1332	9289	25015	
1253	9146	25130	
1308	9213	25031	
1397	9199	24955	
1395	9327	24902	
1377	9276	25005	
1394	9242	25116	
1275	9208	25051	
1363	9281	24988	
1427	8977	25148	
1326	9166	25134	
1323	9164	25114	
1371	9241	24857	
1296	9235	25038	
1362	9242	25012	
1277	9090	25183	
1322	9216	25066	
1338	9197	25086	
1402	9105	25096	
1369	9130	25208	
1442	9207	25092	
1332	9238	24923	
1358	9236	24948	
1403	9130	25023	
1384	9327	24942	
1397	9177	25130	
1320	9223	25096	
1321	9193	25140	
1334	9301	24878	
1346	9167	25045	
1341	9283	24991	
1335	9130	25144	
1387	9217	24971	
1365	8990	25243	
1485	9214	25079	
1345	9092	25110	
1337	9118	25094	
1437	9244	25139	
1366	9162	25080	
1360	9379	24805	
1400	9302	24971	
1357	9152	25055	
1334	9133	25149	
1365	9266	25041	
1376	9343	24996	
1393	9207	25083	
1318	9286	25030	
1442	9149	25086	
1287	9185	25021	
1364	9188	25048	
1312	9426	24803	
1341	9232	25007	
1331	9237	25091	
1350	9149	25087	
1474	9162	25013	
1362	9197	25066	
1398	9099	25123	
1328	9076	25176	
1310	9168	25098	
1278	9284	25035	
1393	9098	25233	
1328	9335	25043	
1333	9339	24913	
1355	9022	25227	
1368	9091	25149	
1404	9203	24903	
1357	9074	25100	
1381	9132	25074	
1421	9060	25165	
1259	9099	25226	
1305	9043	25086	
1352	9302	25142	
1283	9121	25061	
1251	9130	25067	
1396	9299	24955	
1312	9336	24930	
1372	9181	25102	
1330	9167	25117	
1320	9279	24946	
1341	9145	25139	
1303	9124	25008	
1288	9130	25258	
1348	9288	24947	
1381	9200	25074	
1339	9382	24881	
1357	9046	25177	
1409	9104	25083	
1374	9353	24932	
1402	9163	24949	
1406	9340	24907	
1303	9287	25057	
1299	9317	24955	
1324	9117	25207	
1414	9152	25042	
1362	9118	25136	
1331	9136	25158	
1304	9235	25041	
1338	9227	25064	
1403	9107	25115	
1314	9138	25146	
1403	9265	24916	
1351	9135	25098	
1377	9199	24996	
1301	9217	25016	
1388	9127	25087	
1355	9161	25007	
1343	9144	25139	
1296	9105	25109	
1363	9346	24893	
1411	9290	24957	
1362	9173	25043	
1399	9285	25003	
1356	9155	25077	
1342	9262	24995	
1406	9178	24975	
1275	9267	25049	
1427	9174	24848	
1327	9356	24764	
1352	9275	24905	
1343	9281	24950	
1377	9175	25056	
1388	8917	25294	
1371	9182	25029	
1350	9362	24938	
1377	9110	25086	
1367	9084	25153	
1343	9287	24979	
1423	9093	25141	
1354	9199	24990	
1351	9151	25041	
1257	9175	25130	
1359	9117	25118	
1359	9228	25006	
1387	9120	25121	
1374	9221	25016	
1298	9352	24982	
1318	9026	25193	
1342	9166	25079	
1388	9286	24925	
1304	9117	25114	
1317	9108	25056	
1376	9124	25140	
1359	9217	24863	
1347	9386	24918	
1384	9218	24959	
1374	9169	25064	
1356	9209	25039	
1394	9188	25037	
1375	9269	25071	
1339	9183	25032	
1334	9176	25129	
1398	9156	25031	
1344	9118	25005	
1314	9131	25117	
1379	9246	25095	
1346	9158	25045	
1356	8990	25056	
1397	9188	25084	
1306	9219	24998	
1364	9181	25119	
1348	9281	24953	
1398	9313	24954	
1303	9175	25037	
1345	9296	24923	
1297	9374	24904	
1389	9261	24959	
1363	9157	24955	
1343	9309	24993	
1410	9213	24897	
1297	9103	25165	
1345	9269	25018	
1374	9118	25016	
1311	9100	25184	
1396	9158	25018	
1374	9315	24849	
1424	9323	24986	
1381	9155	25103	
1364	9307	25039	
1355	9070	25235	
1382	9344	24898	
1368	9178	25046	
1336	9107	25071	
1339	9294	24932	
1357	9151	25076	
1418	9415	24905	
1364	9277	25011	
1393	9181	24991	
1327	9163	25105	
1347	9174	25169	
1299	9248	25061	
1465	9312	24881	
1369	9194	25013	
1365	9187	25204	
1339	9153	25035	
1373	9124	25031	
1398	9190	24928	
1315	9349	24905	
1328	9185	25129	
1243	9114	25100	
1438	9285	24843	
1409	9275	25035	
1356	9431	24979	
1322	9207	25076	
1397	9065	25009	
1280	9233	25034	
1408	9207	24981	
1324	9174	25142	
1351	9168	25023	
1322	9247	25001	
1331	9298	24915	
1352	9092	25128	
1436	9247	24992	
1268	9116	25083	
1353	9080	25284	
1371	9135	25025	
1453	9167	25010	
1373	9194	25049	
1377	9253	25032	
1408	9062	25098	
1403	9229	24989	
1395	9172	25124	
1347	9272	25041	
1373	9176	25042	
1343	9200	25088	
1272	9211	25001	
1312	9307	25031	
1336	9342	24819	
1364	9314	24879	
1410	9026	25095	
1399	9072	25065	
1281	9151	25176	
1366	9294	24758	
1308	9109	25071	
1363	9175	25049	
1402	9240	25029	
1289	9268	25031	
1447	9114	24972	
1330	9174	25118	
1367	9162	25055	
1372	9104	25085	
1335	9250	25018	
1328	9185	25104	
1414	9180	25155	
1340	9179	25143	
1290	9205	24950	
1280	9141	25035	
1326	9179	25100	
1416	9289	24974	
1291	9166	25097	
1356	9132	25054	
1374	9205	25024	
1295	9357	25002	
1306	9220	25052	
1296	9307	25006	
1403	9090	25153	
1354	9251	24912	
1395	9136	25090	
1308	9246	25037	
1385	9281	24980	
1356	9218	25122	
1440	9044	25177	
1404	9130	25123	
1376	9252	25023	
1400	9164	25108	
1379	9235	25006	
1380	9002	25168	
1431	9256	24858	
1333	9361	24906	
1342	9130	25121	
1251	9112	25035	
1353	9200	25100	
1442	9103	25050	
1348	9155	25126	
1442	9136	25153	
1326	9147	25010	
1334	9083	25277	
1308	9404	24959	
1333	9221	24937	
1396	9127	25175	
1379	9197	25026	
1380	9139	25143	
1315	9083	25129	
1363	9192	24996	
1378	9290	24832	
1346	9201	25009	
1346	9169	25158	
1366	9096	25069	
1241	9117	25055	
1356	9235	24890	
1330	9264	25036	
1335	9080	25161	
1312	9204	25020	
1356	9085	25034	
1347	9210	25112	
1343	9063	25133	
1303	9118	25111	
1426	9149	25061	
1328	9297	24909	
1402	9058	25087	
1312	9137	25057	
1358	9327	24877	
1354	9177	25030	
1361	9197	25061	
1372	9249	25054	
1383	9268	24874	
1365	9163	25094	
1377	9233	25064	
1369	9249	24997	
1371	9113	25068	
1449	9202	25050	
1397	9224	25022	
1295	9138	25171	
1417	9075	25181	
1358	9039	24995	
1284	9285	24917	
1274	9243	24991	
1351	9149	25123	
1371	9227	25044	
1469	9126	25014	
1381	9259	24944	
1303	9235	24901	
1362	9118	25154	
1377	9226	25027	
1391	9182	25036	
1403	9158	25020	
1385	9058	25190	
1404	9164	24940	
1467	9280	24925	
1325	9218	24975	
1296	9197	24934	
1271	9185	25182	
1359	9161	25067	
1390	9195	24984	
1303	9210	25061	
1322	9184	25099	
1348	9112	25198	
1424	9229	24928	
1338	9287	25001	
1391	9152	25086	
1359	9220	25042	
1360	9107	25130	
1378	9200	25130	
1344	9202	24997	
1356	9060	25083	
1293	9029	25305	
1371	9113	25132	
1402	9253	24858	
1328	9221	24987	
1370	9248	25008	
1282	9151	25166	
1331	9091	25150	
1377	9252	24949	
1341	9252	25021	
1366	9272	24922	
1362	9099	25113	
1361	9255	24994	
1359	9040	25212	
1258	9385	24892	
1299	9013	25257	
1234	9265	25016	
1334	9159	25091	
1273	9243	25026	
1401	9175	25100	
1371	9098	25085	
1346	9222	24944	
1302	9215	25073	
1381	9203	25028	
1372	9249	24863	
1422	9167	24993	
1286	9309	25035	
1357	9301	24918	
1379	9169	25034	
1354	9049	25142	
1365	9181	25008	
1369	9187	25010	
1310	9236	25012	
1342	9276	24954	
1335	9248	24963	
1418	9221	25051	
1340	9238	25075	
1342	9276	25022	
1378	9177	24936	
1360	9218	25090	
1381	9085	25114	
1371	9311	24915	
1310	9163	25094	
1323	9256	24983	
1339	9174	25091	
1413	9186	25007	
1416	9276	24977	
1386	9177	24977	
1332	9153	25174	
1331	9059	25150	
1328	9187	25111	
1383	9188	25027	
1372	9120	25181	
1322	9320	24919	
1398	9067	25148	
1419	9315	24913	
1366	9203	24954	
1370	9218	24936	
1345	9131	25067	
1312	9241	25040	
1337	9302	24965	
1337	9282	24981	
1348	9078	25115	
1376	9236	25044	
1417	9130	25099	
1387	9059	25228	
1319	9199	25034	
1376	9260	25042	
1292	9178	25173	
1398	9262	25060	
1386	9195	24970	
1354	9100	25125	
1412	9140	25059	
1404	9156	25142	
1377	9208	24986	
1359	9280	24936	
1341	9192	25092	
1384	9224	24912	
1366	9152	25184	
1330	9356	24835	
1363	9156	25149	
1321	9280	24899	
1329	9135	25143	
1361	9272	25039	
1379	9199	25103	
1408	9015	25083	
1331	9137	25127	
1374	9311	24932	
1343	9177	25029	
1315	9131	25148	
1335	9336	24966	
1390	9259	24953	
1327	9235	25003	
1347	9255	24977	
1431	9226	24999	
1348	9162	24996	
1381	9211	25015	
1477	9150	25061	
1306	9198	25007	
1386	9117	25145	
1414	9251	25064	
1298	9105	25117	
1366	9089	25092	
1397	9201	25106	
1379	9147	25093	
1355	9065	25085	
1351	9235	25026	
1368	9277	24905	
1383	9226	24984	
1402	9261	24890	
1304	9052	25204	
1401	9192	25030	
1339	9178	25087	
1373	9122	25127	
1346	9186	25097	
1277	9271	24859	
1413	9289	25025	
1403	9124	25056	
1397	9013	25251	
1315	9346	24847	
1410	9160	24998	
1342	9147	25131	
1320	9271	24989	
1300	9296	24961	
1369	9310	24957	
1413	9133	25142	
1357	9142	25073	
1341	9181	25068	
1279	9159	25157	
1324	9111	25191	
1331	9155	25021	
1319	9229	25098	
1356	9108	24970	
1409	9187	25006	
1422	9212	24954	
1434	8999	25304	
1318	9346	24878	
1381	9286	24911	
1317	9219	24959	
1421	9135	24992	
1364	9107	25042	
1296	9180	25064	
1406	9117	24944	
1389	9238	24959	
1367	9317	24925	
1391	9280	25017	
1355	9283	24942	
1377	9046	25216	
1272	9126	25118	
1349	9161	25125	
1379	9185	25119	
1363	9259	25009	
1356	9352	24800	
1368	9241	24944	
1327	9271	24892	
1412	9197	24992	
1358	9286	24958	
1439	9365	24908	
1349	9190	25109	
1360	9364	24862	
1388	9157	25084	
1317	9396	24774	
1396	9365	24896	
1390	9248	24914	
1338	9153	25149	
1320	9065	25159	
1303	9198	25170	
1292	9256	24888	
1318	9139	25019	
1377	9219	25072	
1346	9165	25081	
1303	9140	25109	
1228	9151	25059	
1409	9090	25215	
1349	9123	25115	
1371	9264	24862	
1340	9142	25152	
1340	9301	24995	
1317	9094	25068	
1290	9220	25135	
1354	9117	25086	
1333	9097	24998	
1445	9136	25086	
1449	9161	25029	
1351	9135	25118	
1395	9309	24920	
1337	9254	24994	
1308	9200	25033	
1326	9158	25059	
1350	9178	25082	
1412	9242	25036	
1332	9235	25088	
1373	9118	25104	
1313	9300	24964	
1274	9232	25066	
1349	9235	24959	
1373	9221	25088	
1305	9164	25111	
1305	9141	25117	
1356	9281	25103	
1283	9279	25017	
1335	9272	24929	
1335	9168	25110	
1291	9274	24947	
1369	9157	25072	
1357	9084	25184	
1311	9146	25031	
1343	9012	25222	
1228	9223	25124	
1393	9178	25009	
1325	9233	25075	
1331	9224	25038	
1460	9216	24921	
1395	9313	25013	
1338	9128	25001	
1366	9197	25058	
1424	9367	24857	
1414	9111	25138	
1402	9123	25093	
1340	9287	24981	
1349	9179	25153	
1375	9096	25084	
1358	9273	25060	
1315	9320	24928	
1353	9153	25171	
1391	9112	25149	
1360	9105	25048	
1358	9076	25082	
1420	9202	25138	
1303	9126	25078	
1419	9110	25012	
1365	9118	25045	
1369	9154	25149	
1343	9186	25079	
1331	9152	25134	
1372	9108	25085	
1370	9187	25003	
1340	9212	25045	
1393	9200	25077	
1314	9149	25035	
1315	9095	24990	
1327	9194	25144	
1379	9125	25054	
1348	9225	25047	
1363	9224	25142	
1291	9157	25086	
1394	9157	25028	
1364	9221	24908	
1324	9149	25112	
1364	9262	24903	
1388	9203	24986	
1325	9126	25128	
1328	9093	25218	
1393	9171	25022	
1377	9076	25190	
1369	9189	25012	
1427	9069	25106	
1389	9113	25069	
1370	9234	24897	
1330	9004	25057	
1349	9206	24990	
1397	9139	25088	
1347	9193	25177	
1327	9158	25158	
1359	9364	24846	
1301	9019	25263	
1295	9126	25088	
1348	9155	25026	
1414	9422	24783	
1362	9205	25124	
1400	9142	25077	
1370	9171	25053	
1336	9113	25046	
1246	9069	25131	
1306	9157	25120	
1303	9296	25016	
1325	9178	25108	
1297	9219	25104	
1365	9228	24945	
1327	9259	25012	
1384	9178	25089	
1374	9083	25096	
1404	9118	25021	
1411	9123	25106	
1385	9123	25063	
1339	9062	25057	
1310	9187	25126	
1296	9242	24909	
1428	9116	25060	
1318	9143	25093	
1362	9203	25044	
1443	9249	25067	
1386	9209	25149	
1284	9068	25125	
1419	9208	24916	
1430	9097	25143	
1317	9168	25154	
1369	9357	25001	
1369	9272	25094	
1400	9162	25122	
1406	9190	24939	
1383	9095	25245	
1322	9276	25009	
1298	9267	25108	
1370	9183	25073	
1353	9216	25037	
1357	9042	25187	
1413	9205	24920	
1372	9180	25153	
1344	9302	24905	
1337	9170	25103	
1325	9172	25129	
1370	9177	25024	
1356	9222	25118	
1375	9158	24991	
1276	9146	25220	
1354	9153	25137	
1353	9119	25163	
1415	9153	25104	
1378	9132	25217	
1401	9174	25026	
1357	9056	25190	
1422	9395	24857	
1358	9313	24935	
1411	9252	25025	
1312	9221	25019	
1360	9162	25129	
1401	9226	25005	
1368	9245	25032	
1350	9242	24960	
1377	9240	24940	
1323	9224	24960	
1398	9236	24993	
1316	9205	25117	
1373	9190	25059	
1426	9145	25123	
1399	9254	25015	
1406	9249	24941	
1377	9263	24981	
1404	9156	24979	
1383	9210	24979	
1370	9164	25108	
1324	9236	25141	
1324	9208	25127	
1335	9102	25065	
1364	9121	25133	
1410	9204	24983	
1306	9106	25204	
1415	9191	24997	
1445	9181	25139	
1329	9223	25058	
1323	9280	24897	
1413	9319	24972	
1334	9068	25169	
1334	9443	24697	
1347	9157	25116	
1354	9141	25070	
1346	9220	24943	
1300	9154	25111	
1330	9162	25087	
1361	9098	25204	
1340	9227	24936	
1339	9097	25255	
1383	9016	25213	
1349	9076	25038	
1337	9287	24918	
1313	9195	25023	
1382	9206	25085	
1352	9062	25139	
1372	9142	25036	
1374	9233	24953	
1350	9308	25012	
1339	9070	25209	
1320	9193	24952	
1394	9322	24865	
1327	9252	24930	
1397	9081	25069	
1334	9231	25060	
1285	9207	25034	
1286	9121	25159	
1316	9120	24971	
1351	9259	24946	
1351	9005	25167	
1379	9117	25091	
1393	9145	25061	
1316	9129	25113	
1346	9121	25146	
1250	9121	25189	
1370	9130	25055	
1417	9195	25058	
1317	9242	24924	
1297	9248	25078	
1370	9141	25082	
1370	9219	24962	
1344	9119	25087	
1244	9282	24971	
1407	9220	24952	
1265	9284	24969	
1327	9214	25016	
1310	9220	24901	
1400	9260	25056	
1303	9167	25056	
1328	9207	24974	
1406	9114	24965	
1342	9140	25132	
1376	9299	24999	
1382	9071	25164	
1415	9216	24981	
1408	9335	24808	
1387	9148	25000	
1264	9179	25153	
1309	9159	25124	
1369	9214	24980	
1366	9136	25122	
1386	9083	25208	
1369	9115	25148	
1353	9126	25160	
1367	9246	25062	
1365	9044	25106	
1370	9178	25097	
1351	9206	25067	
1327	9127	25056	
1335	9191	25021	
1287	9181	25048	
1297	9252	25170	
1400	9289	24925	
1361	9354	24897	
1330	9101	25153	
1378	9162	25050	
1335	9262	24953	
1359	9168	25008	
1347	9257	24930	
1318	9211	25100	
1358	9214	24983	
1336	9295	25005	
1391	9089	25099	
1375	8991	25270	
1386	9210	25023	
1313	9208	25208	
1343	9313	25070	
1359	9238	25007	
1321	9250	25044	
1370	9309	25020	
1332	9119	25124	
1321	9178	25205	
1298	9171	25030	
1326	9297	24970	
1373	9204	24948	
1411	9341	24800	
1345	9192	25074	
1409	9290	24927	
1365	9268	25060	
1352	9072	25188	
1328	9056	25158	
1417	9334	24908	
1383	9280	25034	
1347	9057	25252	
1321	9269	25062	
1355	9074	25136	
1376	9275	24913	
1334	8982	25206	
1288	9293	24881	
1358	9142	25039	
1314	9265	24917	
1367	9172	25051	
1324	9291	24918	
1301	9272	25091	
1372	9077	25123	
1336	9114	25042	
1315	9162	25052	
1340	9352	24891	
1405	9169	25125	
1324	9106	24994	
1358	9222	24977	
1365	9290	25028	
1287	9167	25096	
1329	9229	24977	
1307	9249	25045	
1445	9124	25075	
1395	8937	25185	
1327	9245	24872	
1340	9339	24978	
1371	9106	25093	
1415	9270	24910	
1344	9308	25004	
1308	9259	25069	
1359	9080	25149	
1342	9166	25055	
1411	9192	25031	
1307	9177	25070	
1368	9021	25251	
1286	9172	25047	
1408	9194	25001	
1319	9386	24802	
1340	9117	25100	
1352	9319	24908	
1359	9136	25149	
1341	9125	25069	
1331	9119	25152	
1351	9229	25022	
1381	9293	24889	
1271	9333	24926	
1358	9242	25011	
1341	9177	25064	
1364	9233	24989	
1449	9198	25043	
1349	9237	24910	
1376	9212	24977	
1332	9232	25081	
1301	9109	25159	
1301	9164	25032	
1377	9267	24821	
1415	9178	25024	
1385	9139	24996	
1328	9365	24894	
1342	9291	24986	
1351	9272	24839	
1260	9262	24972	
1359	9321	24981	
1368	9275	24982	
1363	9213	25032	
1377	9195	25020	
1346	9110	25054	
1360	9241	24942	
1386	9246	24997	
1331	9350	25014	
1376	9184	25034	
1335	9210	25096	
1332	9319	24917	
1374	9221	24813	
1274	9153	25161	
1411	9164	25138	
1396	9202	24987	
1330	9208	25065	
1391	9132	25068	
1321	9015	25170	
1364	9245	25003	
1328	9171	25199	
1442	9166	24978	
1369	9243	24940	
1313	9243	24950	
1382	9130	25055	
1387	9118	25050	
1389	9041	25141	
1349	9254	24758	
1342	9224	25039	
1442	9312	24898	
1368	9199	25073	
1338	9097	25070	
1347	9285	24987	
1360	9170	25102	
1359	9112	25072	
1311	9197	25005	
1246	9103	25136	
1346	9245	24983	
1363	9102	25127	
1339	9227	25053	
1371	9223	24949	
1333	9194	25091	
1335	9150	25103	
1338	9241	24988	
1345	9279	24999	
1354	9133	25031	
1323	9182	25087	
1400	9130	25133	
1375	9206	24904	
1362	9290	25044	
1348	9211	25000	
1433	9176	25062	
1372	9155	24983	
1363	9230	25071	
1467	9100	25060	
1315	9278	24944	
1287	9133	24958	
1291	9366	24924	
1323	9194	25046	
1316	9175	24937	
1404	9171	25079	
1389	9192	25036	
1362	9131	25120	
1371	9309	24872	
1359	9201	25068	
1336	9253	24986	
1365	9118	25225	
1334	9226	24982	
1359	9191	25098	
1265	9221	25158	
1428	9171	25005	
1359	9066	25088	
1396	9079	25145	
1366	9282	24967	
1371	9102	25135	
1301	9242	25001	
1315	9207	25035	
1357	9100	25226	
1389	9210	24979	
1371	9185	25099	
1377	9181	24975	
1322	9297	24993	
1350	9441	24863	
1332	9129	25092	
1355	9258	24852	
1388	9122	25063	
1416	9158	24983	
1392	9274	24943	
1392	9146	25049	
1336	9193	25042	
1356	9368	24914	
1419	9250	25030	
1448	9170	24949	
1371	9324	24884	
1381	9236	24996	
1333	9187	25046	
1321	9265	25008	
1370	9175	25062	
1332	9327	24986	
1440	9225	25024	
1276	9226	25084	
1257	9175	24971	
1326	9147	25209	
1393	9252	24962	
1335	9065	25171	
1466	9092	25019	
1360	9150	25223	
1395	9227	25022	
1421	9138	25069	
1354	9214	25085	
1347	9237	25062	
1403	9139	25061	
1378	9242	25024	
1338	9140	25186	
1389	9328	24781	
1317	9245	25027	
1372	9065	25177	
1337	9274	24986	
1404	9171	24953	
1275	9130	25147	
1316	9204	25081	
1405	9194	24912	
1291	9201	25156	
1320	9231	25074	
1384	9175	25119	
1300	9115	25076	
1375	9155	25051	
1318	9226	25001	
1401	9210	25076	
1375	9285	24962	
1396	9300	24991	
1453	9286	25007	
1398	9131	24926	
1300	9245	24995	
1360	9088	25216	
1398	9302	24941	
1421	9194	24866	
1393	9125	25145	
1338	9179	25072	
1357	9297	24985	
1343	9261	25003	
1362	9125	25000	
1366	9359	24926	
1265	9096	25045	
1373	9324	24875	
1292	9145	25015	
1324	9070	25146	
1369	9104	24991	
1410	9299	24929	
1344	9166	24960	
1331	9318	24960	
1360	9309	24925	
1379	9157	25009	
1370	9223	25031	
1396	9151	25138	
1370	9070	25013	
1417	9226	24905	
1385	9289	24997	
1406	9281	24830	
1356	9250	24983	
1346	9314	24959	
1373	9217	25011	
1362	9129	25051	
1349	9166	24997	
1272	9195	25128	
1401	9086	24909	
1366	9206	25065	
1385	9225	24927	
1353	9239	24982	
1429	8908	25024	
1322	9264	25004	
1322	9113	25034	
1435	9125	25082	
1296	9231	25032	
1413	9288	24981	
1339	9177	24943	
1348	9172	25122	
1366	9205	24991	
1412	9202	24924	
1381	9275	24973	
1330	9240	25050	
1323	9170	25040	
1344	9199	25023	
1312	9283	25075	
1367	9272	24949	
1239	9262	24984	
1420	9154	25126	
1313	9263	25005	
1398	9296	24975	
1396	9288	24920	
1343	9115	25050	
1387	9249	25106	
1298	9234	24979	
1371	9312	24958	
1362	9108	25109	
1301	9014	25148	
1321	9225	24989	
1400	9200	24988	
1380	9212	24989	
1369	9188	25095	
1360	9198	25016	
1294	9205	24980	
1291	9136	25135	
1357	9188	25127	
1387	9159	25037	
1352	9189	24976	
1361	9231	24982	
1307	9258	25010	
1398	9066	25171	
1403	9230	24931	
1349	9146	25099	
1295	9282	25003	
1331	9177	24977	
1312	9302	24944	
1322	9153	25116	
1318	9275	24991	
1278	9084	25100	
1383	9200	25011	
1354	9238	25051	
1374	9179	25083	
1432	9230	25058	
1387	9326	24918	
1365	9294	24862	
1344	9213	24984	
1265	9267	25015	
1335	9316	24974	
1337	9222	24964	
1386	9236	25019	
1342	9271	24980	
1341	9260	25116	
1329	9397	24894	
1334	9109	25040	
1362	9098	25023	
1377	9186	25021	
1431	9243	24937	
1354	9228	25048	
1349	9175	25169	
1343	9109	25091	
1349	9424	24895	
1335	9112	25077	
1342	9168	24991	
1409	9241	24969	
1375	9204	25005	
1346	9163	25075	
1237	9130	25316	
1398	9173	24941	
1383	9247	25007	
1320	9197	25092	
1394	9189	25110	
1363	9145	25078	
1335	9075	25279	
1386	9148	25038	
1322	9203	24954	
1360	9231	25063	
1356	9101	25090	
1378	9177	24951	
1218	9176	24992	
1311	9338	25008	
1374	9186	25056	
1303	9288	24919	
1268	9200	25086	
1368	9287	25004	
1384	9095	25185	
1252	9140	25142	
1333	9396	24851	
1355	9010	25108	
1452	9233	24947	
1369	9245	24994	
1376	9138	25044	
1377	9213	25045	
1374	9138	25081	
1400	9178	25088	
1366	9150	25132	
1391	9222	25119	
1317	9224	25065	
1421	9274	24956	
1370	9206	24912	
1334	9249	25077	
1333	9113	25105	
1330	9061	25046	
1391	9218	25118	
1373	9238	25000	
1308	9250	24992	
1401	9302	24965	
1374	9197	25027	
1290	9226	25151	
1331	9233	25065	
1419	9220	25004	
1354	9056	25113	
1394	8952	25217	
1353	9193	25070	
1324	9352	24879	
1412	9212	24938	
1350	9080	25221	
1313	9306	24941	
1417	9235	24890	
1373	9215	25117	
1309	9114	25074	
1381	9254	25005	
1343	9211	25050	
1363	9160	25004	
1318	9254	24858	
1397	9246	25039	
1293	9126	25139	
1303	9254	25076	
1347	9181	25012	
1355	9245	24913	
1334	9141	25176	
1335	9270	25100	
1388	8933	25338	
1348	9082	25074	
1330	9312	25084	
1468	9143	24971	
1367	9135	25126	
1322	9155	25149	
1406	9232	24804	
1314	9162	25184	
1376	9096	25057	
1304	9332	24931	
1321	9118	25194	
1346	9129	25122	
1334	9232	25063	
1380	9119	25060	
1387	9224	25152	
1361	9286	24955	
1369	9126	24971	
1395	9223	25065	
1355	9118	25153	
1355	9302	25054	
1379	9270	24902	
1342	9326	24948	
1338	9347	24861	
1345	9279	25016	
1336	9308	24957	
1321	9070	25249	
1364	9116	25096	
1399	9093	25109	
1356	9108	25129	
1405	9219	25051	
1386	9307	25014	
1326	9292	24895	
1356	9454	24930	
1357	9187	25034	
1366	9329	24934	
1334	9320	24990	
1462	8982	25147	
1308	9156	24975	
1328	9230	25060	
1364	9162	25027	
1362	9083	25145	
1368	9037	25131	
1284	9265	25073	
1364	9225	24973	
1366	9197	25079	
1313	9160	25144	
1354	9195	24951	
1358	9267	25041	
1368	9272	25090	
1422	9304	24918	
1405	9176	25086	
1421	9131	25067	
1397	9197	25079	
1326	9170	25076	
1294	9349	24952	
1309	9263	25026	
1336	9073	25303	
1406	9180	24947	
1322	9301	25000	
1352	9112	25088	
1316	9180	24967	
1369	9146	24986	
1356	9051	25220	
1415	9144	25071	
1346	9224	25044	
1354	9116	25128	
1358	9227	25017	
1323	9161	25088	
1335	9317	24858	
1347	9132	25160	
1317	9213	25067	
1354	9290	25002	
1389	9403	24894	
1363	9170	25118	
1377	9254	24964	
1377	9055	25189	
1381	9193	25027	
1350	9249	24970	
1325	9251	24978	
1352	9150	24976	
1338	9204	25028	
1435	9298	24874	
1372	9077	25105	
1389	9230	24898	
1323	9262	25107	
1365	9224	25076	
1323	9130	25109	
1326	9241	25141	
1364	9135	25115	
1283	9178	25124	
1338	9285	24989	
1367	9216	25023	
1399	9151	25109	
1406	9270	24888	
1286	9245	25019	
1298	9411	24870	
1334	9225	24948	
1300	9231	25010	
1326	9191	25003	
1333	9171	24974	
1367	9062	25278	
1332	9366	24850	
1409	9013	25197	
1340	9079	25214	
1368	9170	25054	
1290	9193	24982	
1348	9222	25045	
1375	9142	25148	
1335	9294	24958	
1351	9233	24955	
1358	9140	25194	
1399	9035	25141	
1311	9134	25084	
1345	9287	24815	
1399	9308	24904	
1342	9222	25059	
1327	9333	24909	
1367	9063	25172	
1403	9059	25174	
1410	9071	25138	
1375	9190	25027	
1319	9289	24977	
1358	9190	25081	
1319	9223	24981	
1283	9242	25043	
1357	9275	24887	
1330	9241	24977	
1371	9230	24985	
1405	9134	25126	
1387	9192	24977	
1312	9316	24921	
1369	9134	25023	
1314	9155	25024	
1355	9180	25018	
1328	9224	24997	
1387	9222	24892	
1353	9120	25113	
1274	9268	25002	
1313	9308	24932	
1345	9202	25070	
1369	9292	24964	
1345	9039	25227	
1379	9175	25017	
1279	9149	25134	
1367	9346	24942	
1359	9226	25015	
1371	9320	24856	
1359	9365	24855	
1402	9172	25095	
1267	9135	25145	
1296	9136	25165	
1358	8952	25212	
1338	9143	25112	
1400	9283	25081	
1292	9182	25084	
1357	9175	25161	
1341	9208	25091	
1362	9177	25038	
1360	9128	25080	
1346	9071	25178	
1422	9308	24931	
1409	9209	25016	
1271	9099	25199	
1450	9206	25041	
1361	9163	25123	
1360	9194	25129	
1433	9189	24926	
1330	9135	25145	
1343	9264	25082	
1343	9201	25153	
1326	9236	25131	
1392	9166	25051	
1352	9173	25110	
1339	9086	25190	
1348	9176	25041	
1361	9230	24992	
1356	9240	24980	
1291	9167	25128	
1381	9222	24984	
1331	9164	25268	
1302	9342	24879	
1270	9339	24967	
1398	9061	25151	
1441	9053	25057	
1295	9141	25211	
1432	9142	24877	
1315	9059	25087	
1325	9319	24936	
1342	9207	25115	
1377	9153	24968	
1403	9180	25039	
1337	9146	25149	
1394	9040	25201	
1381	9211	25036	
1385	9249	24983	
1342	9133	25081	
1383	9171	25038	
1344	9142	25010	
1368	9406	24812	
1344	9199	25039	
1287	9074	25163	
1311	9157	25122	
1356	9201	25045	
1408	9265	25007	
1322	9177	25095	
1287	9321	24941	
1309	9113	25043	
1353	9260	24971	
1427	9179	24943	
1311	8980	25191	
1392	9089	25114	
1350	9155	25183	
1337	9126	25056	
1319	9196	25032	
1370	9180	25023	
1378	9190	24901	
1442	9158	25036	
1306	9209	25089	
1425	9146	25012	
1372	9220	25005	
1398	9085	25038	
1363	9175	25088	
1371	9244	24926	
1338	9189	25057	
1378	9176	25091	
1324	9089	25192	
1337	9221	25011	
1376	9107	25032	
1353	9144	25085	
1366	9401	25015	
1360	9173	24888	
1413	9101	25085	
1470	9152	25022	
1348	9189	25038	
1376	9300	24883	
1317	9339	24902	
1377	9170	24964	
1401	9183	25106	
1372	9090	24999	
1391	9140	25045	
1323	9101	25138	
1292	9224	25105	
1377	9131	25027	
1408	9066	25114	
1356	9186	25133	
1378	9078	25179	
1353	9249	24856	
1335	9174	25044	
1316	9022	25146	
1305	9210	25058	
1317	9161	25061	
1337	9390	24814	
1413	9148	24993	
1374	9176	25049	
1327	9288	24938	
1372	9186	25062	
1345	9293	24946	
1345	9255	25088	
1288	9269	25113	
1347	9154	25080	
1383	9088	25138	
1319	9285	25063	
1385	9081	25214	
1378	9111	25058	
1282	9243	25021	
1356	9374	24895	
1343	9069	25133	
1314	9220	25112	
1380	9232	24966	
1397	9119	25072	
1322	9243	24915	
1381	9186	24940	
1339	9198	25005	
1406	9211	25208	
1299	9309	24924	
1308	9245	25132	
1367	9248	25005	
1387	9289	24926	
1380	9237	24983	
1380	9170	25110	
1365	9084	25206	
1324	9245	24944	
1276	9242	25035	
1338	9160	25063	
1435	9167	25102	
1333	9313	24877	
1343	9261	24994	
1394	9189	24956	
1372	9361	24834	
1419	9324	24952	
1311	9288	25020	
1332	9244	25008	
1331	9301	24960	
1343	9072	25148	
1368	9169	25057	
1363	9196	25048	
1419	9165	25114	
1315	9136	25094	
1307	9272	25053	
1381	9260	24985	
1309	9158	25078	
1388	9111	25214	
1309	9061	25304	
1259	9282	24910	
1407	9369	24837	
1389	9175	25106	
1391	9171	24963	
1259	9079	25148	
1299	9384	24801	
1416	9211	24985	
1341	9218	24955	
1371	9181	24993	
1418	9262	25016	
1414	9193	25053	
1366	9245	25001	
1328	9167	25245	
1286	9159	24963	
1386	9233	24945	
1354	9222	25062	
1347	9263	24977	
1357	9192	24934	
1345	9267	24888	
1348	9236	25100	
1340	9186	25073	
1357	9258	24974	
1380	9160	25143	
1320	9240	24991	
1413	9356	24941	
1411	9259	25017	
1324	9202	25136	
1425	9291	24861	
1339	9390	24875	
1358	9252	25056	
1366	9139	25090	
1353	9120	25060	
1337	9260	24987	
1272	9114	25199	
1334	9380	24791	
1368	9131	25211	
1389	9297	24799	
1431	9110	24980	
1350	9121	25042	
1409	9236	24970	
1416	9060	25220	
1338	9171	25127	
1374	9164	25095	
1310	9162	25191	
1363	9200	25025	
1339	9243	24927	
1291	9282	24909	
1334	9258	24975	
1418	9073	25015	
1404	9176	24939	
1381	9061	25177	
1354	9183	25136	
1302	9249	24940	
1353	9344	24960	
1381	9202	25139	
1360	9064	25060	
1346	9258	24943	
1410	9334	24938	
1398	9184	24996	
1411	9077	24975	
1368	9250	25041	
1339	9225	25070	
1395	9253	24914	
1368	9308	24990	
1341	9122	25013	
1383	9245	24984	
1372	9224	25021	
1347	9270	25031	
1273	9292	25002	
1291	9360	24858	
1319	9312	24925	
1374	8922	25177	
1386	9304	24847	
1378	9222	24934	
1322	9110	25055	
1280	9321	24941	
1339	9217	24937	
1421	9081	25138	
1396	9086	25118	
1309	9233	24983	
1317	9190	24996	
1367	9121	24986	
1263	9237	25070	
1448	9188	25068	
1361	9053	25061	
1340	8982	25097	
1359	9177	25031	
1347	8987	25295	
1432	8993	25203	
1315	9376	24904	
1396	9141	25032	
1387	9149	25006	
1418	9144	25108	
1343	9108	25134	
1317	8929	25289	
1360	9226	25099	
1228	9224	25101	
1284	9106	25074	
1354	9201	25001	
1356	9267	24971	
1321	9191	25025	
1322	9162	25058	
1319	9235	25103	
1308	9305	25066	
1309	9151	25121	
1419	9130	25187	
1422	9276	25041	
1385	9164	25071	
1430	9103	25136	
1340	9241	25097	
1304	9181	25102	
1385	9120	25081	
1291	9316	25021	
1428	9200	25059	
1419	9321	24865	
1385	9041	25070	
1358	9216	24974	
1333	9231	25085	
1381	9126	25166	
1320	9141	25190	
1385	9176	25092	
1371	9029	25186	
1381	9248	25052	
1275	9285	25032	
1311	9136	25135	
1266	9247	25046	
1400	9066	25142	
1394	9234	25046	
1429	9086	25156	
1352	9325	24947	
1376	9161	25041	
1329	9075	25176	
1340	9137	25018	
1332	9345	24892	
1383	9022	25248	
1325	9122	25173	
1303	9220	25042	
1268	9133	25101	
1378	9246	25065	
1284	9081	25237	
1330	9218	24959	
1368	9238	24916	
1437	9179	25032	
1309	9220	25136	
1327	9341	24988	
1381	9173	25151	
1353	9166	25093	
1312	9190	24998	
1280	9173	25028	
1267	9263	25093	
1380	9153	25004	
1290	9217	25006	
1394	9085	25162	
1364	9001	25206	
1365	9232	25016	
1312	9177	25033	
1374	9317	24882	
1361	9075	25179	
1409	9213	25214	
1305	9180	25041	
1340	9193	25046	
1356	9029	25142	
1313	9078	25142	
1335	9139	25112	
1425	9167	24985	
1347	9315	25090	
1382	9431	24852	
1318	9087	24962	
1347	9116	25245	
1371	9359	24755	
1372	9298	24924	
1376	9208	24997	
1373	9247	25022	
1372	9181	25159	
1373	9117	25037	
1336	9123	24994	
1250	9242	25038	
1357	9212	25049	
1323	9196	25011	
1303	9281	25063	
1314	9304	24885	
1353	9240	25010	
1392	9097	25046	
1297	9182	25035	
1311	9243	24965	
1425	9080	25124	
1309	9316	24945	
1410	9374	24979	
1396	9226	24934	
1345	9027	25233	
1382	9271	24982	
1346	9124	25049	
1329	9366	24988	
1340	9149	25036	
1362	9256	24940	
1334	9238	24991	
1281	9320	24918	
1321	9154	25046	
1361	9036	25188	
1341	9207	25070	
1397	9280	24975	
1354	9216	25083	
1327	9303	24932	
1330	9153	25158	
1402	9095	25149	
1413	9117	25158	
1342	9282	24954	
1311	9337	25071	
1379	9085	25092	
1382	9174	25126	
1327	9067	25232	
1383	9187	24962	
1374	9147	25135	
1290	9262	25072	
1310	9355	24927	
1324	9240	25016	
1384	9049	25108	
1378	9022	25128	
1325	9282	24981	
1372	9184	25157	
1290	9348	24944	
1325	9269	25081	
1307	9281	25019	
1364	9100	25098	
1353	9137	25191	
1312	9165	25129	
1372	9158	24965	
1385	9092	25121	
1390	9083	25115	
1444	9095	25123	
1340	9215	25000	
1380	9200	25107	
1314	9221	25041	
1332	9172	25095	
1320	9238	24954	
1306	9211	24955	
1331	8989	25185	
1369	9316	24997	
1318	9396	24879	
1422	9185	25022	
1298	9202	25010	
1400	9140	25086	
1366	9172	25124	
1331	9140	25044	
1400	9124	25075	
1350	9376	24775	
1336	9070	25099	
1361	9191	24976	
1427	9281	24958	
1388	9283	24898	
1404	9219	25017	
1365	9304	24951	
1319	9094	25098	
1339	9212	25064	
1335	9123	25138	
1356	9058	25166	
1329	9270	25027	
1356	9191	24993	
1343	9280	25038	
1458	9238	24964	
1355	9133	25060	
1347	9270	24964	
1364	9292	25043	
1341	9187	25084	
1423	9193	24982	
1354	9137	25168	
1356	9215	25139	
1379	9279	24933	
1341	9172	25194	
1350	9399	24899	
1419	9123	25072	
1281	9154	25137	
1302	9192	25070	
1405	9187	24978	
1354	9356	24859	
1436	9299	24965	
1336	9181	25085	
1301	9293	25059	
1349	9202	25001	
1387	9198	24993	
1324	9269	25052	
1272	9354	24929	
1375	9180	25066	
1353	9217	24964	
1340	9136	25105	
1310	9292	25081	
1406	9142	25188	
1300	9153	25128	
1337	9251	24996	
1302	9051	25287	
1400	9199	25032	
1342	9064	25082	
1404	9246	24914	
1392	9202	24898	
1381	9315	24883	
1343	9059	25101	
1393	9118	25152	
1272	9223	25062	
1280	9179	25119	
1277	9177	25011	
1369	9342	24896	
1277	9122	25081	
1297	9275	25051	
1401	9071	25226	
1372	9129	25008	
1322	9111	25139	
1363	9356	24933	
1346	9162	25052	
1321	9151	25113	
1378	9179	24935	
1396	9206	25056	
1323	9346	24959	
1417	9219	24922	
1349	9350	24867	
1354	9103	24948	
1403	9243	25025	
1301	9147	25053	
1335	9068	25232	
1343	9357	25009	
1344	9028	25120	
1341	9256	25023	
1341	9249	24965	
1420	9217	24956	
1364	9083	24931	
1352	9105	25158	
1316	9127	25037	
1336	9248	24973	
1372	9227	25005	
1335	9149	25135	
1402	9224	25057	
1336	9214	24978	
1345	9296	25019	
1326	9250	25025	
1428	9226	24983	
1278	9262	25030	
1356	9323	24982	
1441	9138	25155	
1393	9096	25230	
1418	9057	25129	
1394	8973	25200	
1306	9125	25102	
1367	9185	25070	
1213	9215	25111	
1410	9006	25174	
1386	9140	25077	
1347	9377	24906	
1333	9163	25112	
1363	9098	25194	
1404	9249	24864	
1369	9260	24859	
1410	9274	24929	
1372	9171	25005	
1397	9159	24942	
1255	9318	25043	
1324	9117	25175	
1366	9368	24912	
1309	9227	25024	
1278	9113	25102	
1423	9268	24924	
1369	9385	24764	
1304	9228	25126	
1349	9160	25028	
1396	9238	25019	
1314	9211	24954	
1330	9164	25170	
1368	9195	25041	
1361	9267	24925	
1351	9162	25007	
1313	9151	25090	
1397	9271	24980	
1329	9101	25113	
1333	9134	25015	
1327	9091	25222	
1312	9165	25181	
1355	9255	25077	
1391	9251	25132	
1326	9226	25024	
1420	9140	25084	
1364	9225	25011	
1362	9156	25151	
1314	9094	25141	
1312	9125	25134	
1233	9232	25109	
1294	9325	24977	
1433	9147	25006	
1369	9065	25329	
1378	9046	25250	
1336	9148	25066	
1332	9220	25116	
1384	9075	25141	
1398	9146	25009	
1322	9098	25150	
1345	9171	25001	
1267	9215	25036	
1410	9238	24862	
1328	9239	25081	
1322	9295	24901	
1321	9297	24923	
1350	9288	25001	
1351	9305	24891	
1346	9104	25194	
1459	9120	25048	
1341	9202	24821	
1382	9170	25183	
1424	9192	25046	
1425	9089	25127	
1350	9222	24918	
1347	9270	25021	
1301	9310	24946	
1349	9171	25118	
1336	9129	25060	
1273	9233	24989	
1430	9191	24999	
1438	9217	25138	
1374	9059	24981	
1358	9289	25121	
1331	9176	25153	
1421	9199	24933	
1234	9212	25123	
1297	9273	24983	
1302	9192	25086	
1289	9149	25006	
1407	9186	25065	
1350	9168	25071	
1290	9318	24833	
1348	9240	25048	
1381	8903	25243	
1384	9303	24879	
1360	9172	25040	
1416	9187	25059	
1382	9146	25135	
1381	9093	25035	
1344	9207	24941	
1356	9359	25017	
1434	9113	25160	
1318	9033	25183	
1383	9292	24916	
1409	9232	24956	
1308	9211	24957	
1343	9241	24914	
1414	9136	24958	
1464	9079	25168	
1425	9074	25125	
1375	9102	25237	
1376	9223	25043	
1340	9316	24968	
1308	9124	25076	
1293	9130	25051	
1391	9183	25054	
1358	9228	24961	
1308	9130	25151	
1390	9271	24905	
1384	9069	25202	
1360	9048	25128	
1425	9098	25151	
1348	9144	25106	
1365	9310	24912	
1382	9257	24939	
1348	9172	25122	
1317	9226	24996	
1361	9163	25092	
1332	9128	24969	
1286	9191	25087	
1332	9265	25038	
1378	9089	25149	
1340	9249	24860	
1245	9191	25181	
1335	9155	25173	
1259	9213	24963	
1377	9179	25063	
1351	9272	25104	
1288	9340	24858	
1362	9201	24956	
1349	9199	25094	
1326	9270	25016	
1429	9247	25023	
1355	9203	25032	
1292	9245	24954	
1341	9154	24991	
1412	9119	25107	
1349	9114	25057	
1326	9226	25100	
1327	8997	25102	
1327	9176	25180	
1437	9254	25086	
1364	9192	25109	
1390	9178	24925	
1396	9221	25163	
1377	9250	25122	
1285	9115	25184	
1356	9305	24983	
1352	9084	25229	
1387	9248	24996	
1371	9150	25004	
1356	9311	24892	
1390	9046	25080	
1381	9051	25014	
1414	9242	24890	
1285	9299	24915	
1363	9246	25009	
1396	9103	25096	
1270	9141	25209	
1328	9240	25022	
1354	9192	25029	
1399	9022	25160	
1364	9146	24943	
1349	9214	25047	
1369	9190	25156	
1373	9298	24986	
1387	9267	24962	
1320	9053	25181	
1373	9214	24939	
1355	9139	25058	
1396	9242	25042	
1332	9323	25012	
1328	9223	25038	
1371	9290	24914	
1304	9181	25049	
1324	9185	25164	
1400	9126	25079	
1341	9242	25016	
1376	9201	25035	
1354	9408	24816	
1380	9090	25136	
1352	9226	24920	
1336	9240	25090	
1278	9291	25012	
1350	9132	25122	
1366	9291	24959	
1364	9051	25127	
1345	9299	25033	
1414	9057	25207	
1330	9076	25154	
1422	9089	25058	
1326	9117	25169	
1336	9236	25025	
1326	9190	24981	
1405	9048	25284	
1362	9203	25186	
1324	9243	25046	
1413	9224	24983	
1306	9177	25028	
1403	9236	25075	
1417	9192	25039	
1366	9171	25020	
1329	9218	25045	
1366	9151	25211	
1399	9132	24959	
1346	9253	24961	
1341	9185	25094	
1339	9454	24804	
1314	9198	24970	
1283	9138	25167	
1292	9341	25007	
1385	9151	25112	
1386	9136	25126	
1418	9273	25001	
1388	9299	24957	
1380	9077	25105	
1355	9150	25071	
1299	9288	24977	
1350	9285	24956	
1395	9086	25076	
1427	9322	24902	
1320	9121	25055	
1434	9223	24934	
1309	9338	25014	
1320	9338	25021	
1232	9278	25093	
1345	9099	25034	
1403	9174	25010	
1293	9213	24947	
1360	9164	25026	
1302	9209	25045	
1403	9208	24940	
1331	9238	25151	
1437	9156	25090	
1412	9284	24950	
1353	9145	25129	
1399	9077	25234	
1308	9357	24981	
1418	9116	25041	
1266	9262	24966	
1343	9127	25082	
1385	9165	25176	
1403	9340	24877	
1332	9197	25112	
1385	9182	25025	
1346	9153	25026	
1331	9263	25021	
1385	9332	24945	
1302	9245	25071	
1292	9238	25093	
1281	9104	25179	
1397	9132	25163	
1330	9434	24948	
1347	9128	25150	
1340	9104	25130	
1341	9114	25122	
1349	9183	25119	
1366	9206	25086	
1428	9117	25040	
1293	9254	24997	
1329	9214	25077	
1380	9368	24919	
1385	9151	25021	
1351	9110	25162	
1312	9237	25081	
1360	9217	25019	
1361	9247	24886	
1370	9156	25050	
1275	9235	25048	
1383	9135	25057	
1343	9301	25030	
1320	9311	24877	
1250	9247	24949	
1280	9122	25041	
1370	9135	25056	
1419	9020	25126	
1420	9249	25026	
1308	9161	25123	
1337	9021	25149	
1349	9181	24973	
1340	9289	24970	
1247	9256	24999	
1317	9139	25182	
1333	9106	25135	
1387	9293	24955	
1461	9236	25009	
1383	9213	25055	
1352	9379	24783	
1370	9159	25070	
1386	9091	25096	
1339	9301	24899	
1399	9156	25086	
1334	9248	25044	
1287	9262	24969	
1332	9225	25008	
1432	9224	25043	
1340	9203	24927	
1322	9343	24977	
1421	9124	25049	
1306	9236	25022	
1326	9316	24991	
1306	9190	25031	
1316	9246	25023	
1273	9217	25045	
1284	9180	25164	
1328	9168	25118	
1388	9229	25016	
1317	9366	25050	
1342	9182	25080	
1401	9177	24858	
1302	9193	25113	
1349	9274	24963	
1337	9083	25138	
1443	9203	25044	
1344	9316	24922	
1289	9227	25057	
1346	9223	25089	
1331	9039	25213	
1399	9044	25202	
1294	9146	25141	
1403	9140	25003	
1342	9212	25041	
1315	9432	24783	
1359	9127	25031	
1395	9153	25034	
1386	9360	24899	
1311	9209	25039	
1368	9136	25069	
1329	9057	25240	
1354	9097	24938	
1359	9105	25103	
1337	9143	25111	
1419	9193	24969	
1252	9168	25114	
1310	9167	25048	
1385	9210	25064	
1366	9264	25142	
1333	9234	25094	
1285	9127	25098	
1389	9215	24997	
1410	9178	25075	
1325	9284	24977	
1409	9244	24977	
1309	9141	25185	
1317	9244	24994	
1411	9149	25025	
1352	9275	24966	
1208	9310	24984	
1331	9318	24986	
1344	9358	24891	
1347	9194	25016	
1384	9050	25154	
1409	9169	25022	
1434	9253	24954	
1365	9133	25079	
1308	9166	25188	
1299	9128	25213	
1362	9075	25210	
1317	8993	25275	
1325	9248	24951	
1358	9207	25047	
1345	9173	25091	
1426	9260	24969	
1342	9199	24967	
1400	9238	24991	
1322	9138	25012	
1340	9111	25066	
1425	9253	24991	
1389	9201	25067	
1324	9203	25071	
1255	9228	25033	
1282	9281	24967	
1353	9296	24983	
1361	9086	25109	
1287	9271	24926	
1370	9235	24882	
1385	9119	25233	
1329	9069	25220	
1362	9136	25058	
1336	9132	25025	
1276	9378	24897	
1330	9096	24991	
1367	9053	25021	
1388	9321	24968	
1307	9337	25079	
1337	9058	25137	
1352	9173	24999	
1390	9433	24858	
1317	9149	25178	
1307	9200	25191	
1317	9183	25090	
1435	9262	24974	
1378	9429	24790	
1346	9027	25225	
1390	9144	25069	
1392	9167	25103	
1379	9288	24976	
1360	9298	24878	
1323	9260	24986	
1356	9174	25083	
1330	9275	25042	
1396	9203	24890	
1347	9191	25105	
1378	9153	25038	
1371	9206	25056	
1349	9191	25081	
1318	9171	25106	
1395	9229	25047	
1284	9169	25047	
1270	9309	25048	
1360	9255	24953	
1394	9227	25062	
1376	9100	25130	
1409	9160	25072	
1381	9233	25084	
1316	9179	25057	
1354	9426	24758	
1398	9021	25196	
1347	9137	25047	
1405	9286	24928	
1356	9172	25129	
1349	9151	25196	
1365	9328	24872	
1349	9298	24998	
1325	9167	25063	
1356	9206	25049	
1312	9160	25085	
1315	9075	25184	
1334	9192	24991	
1267	9123	25125	
1387	9253	24934	
1278	9124	25105	
1365	9334	24885	
1316	9198	25071	
1348	9220	24960	
1279	9176	25125	
1345	9281	25031	
1372	9256	25079	
1299	9315	24927	
1321	9061	25160	
1350	9198	25097	
1357	9095	24976	
1247	9234	25059	
1329	9209	24979	
1378	9276	24928	
1318	9270	24937	
1315	9232	25011	
1327	9191	25003	
1325	9187	25104	
1389	9107	25171	
1340	9323	25070	
1377	9415	24866	
1255	9159	25137	
1384	9147	25043	
1371	9114	25194	
1270	9174	25065	
1347	9289	25025	
1283	9284	25008	
1362	9105	25175	
1306	9269	25083	
1357	9144	25078	
1341	9283	24953	
1344	9352	24904	
1309	9310	24794	
1413	9186	24990	
1366	9218	25167	
1363	9138	25003	
1315	9311	24882	
1322	9394	24898	
1349	8976	25078	
1322	9039	25066	
1433	9157	24903	
1404	9096	25168	
1360	9063	25057	
1344	9146	25106	
1411	9230	24982	
1340	9135	25067	
1380	9296	24941	
1353	9130	25209	
1344	9185	24982	
1375	9219	25087	
1327	9198	25068	
1335	9180	25072	
1380	9209	25067	
1349	9173	25071	
1386	9107	25180	
1381	9246	25019	
1371	9146	24990	
1384	9153	25032	
1357	9244	25124	
1342	9213	25097	
1258	9167	25072	
1362	9253	25075	
1389	9134	25000	
1402	9011	25126	
1347	9111	25175	
1364	9196	25055	
1364	9093	25241	
1370	9203	24997	
1319	9305	25022	
1321	9251	25138	
1454	9168	24963	
1360	9249	25102	
1316	9295	25067	
1419	9201	25078	
1356	9112	25005	
1301	9154	25057	
1314	9206	25024	
1313	9251	25031	
1358	9245	24915	
1356	9216	24896	
1343	9103	25205	
1327	9114	25175	
1319	9260	25004	
1402	9250	24968	
1375	9161	25106	
1400	9189	25005	
1374	9262	24993	
1376	9198	24993	
1322	9192	25150	
1414	9148	25107	
1304	9246	24999	
1450	9151	25041	
1417	9249	24937	
1311	9289	24948	
1394	9178	25054	
1340	9251	24952	
1289	9206	25080	
1330	9116	25133	
1376	9285	24965	
1359	9098	25242	
1306	9216	25060	
1363	9160	25015	
1331	9203	25005	
1455	9074	25119	
1376	9062	25188	
1433	9229	24942	
1286	9043	25069	
1317	9254	25038	
1396	9335	25034	
1326	9282	24983	
1371	9191	25157	
1331	9169	24977	
1323	9232	25091	
1353	9261	24922	
1311	9176	25060	
1334	9285	24996	
1325	9318	24968	
1369	9176	25025	
1400	9141	25123	
1362	9149	24983	
1390	9137	24946	
1388	9182	24949	
1405	9073	25070	
1315	9222	24910	
1328	9124	25090	
1315	9087	25125	
1454	9176	25029	
