0	300	150	200	
0.00616677	299	148	200	
0.0124451	298	146	200	
0.0188386	298	146	200	
0.0252322	297	144	200	
0.0317446	293	142	200	
0.0384446	290	136	200	
0.0455436	287	130	200	
0.053086	284	124	200	
0.0611246	281	118	200	
0.0697219	281	118	200	
0.0783192	278	115	200	
0.0872679	278	115	200	
0.0962166	276	111	200	
0.10561	274	107	200	
0.115489	273	105	200	
0.125631	272	103	200	
0.136048	272	103	200	
0.146464	267	93	200	
0.158499	267	93	200	
0.170533	267	92	199	
0.182734	267	92	199	
0.194935	266	90	199	
0.207531	264	86	199	
0.220994	263	84	199	
0.234937	263	84	199	
0.24888	261	81	203	
0.262279	261	81	203	
0.275679	260	80	207	
0.28888	260	80	207	
0.302081	259	78	207	
0.31489	258	79	207	
0.328001	256	78	207	
0.341022	255	79	207	
0.35435	255	79	207	
0.367679	255	79	207	
0.381008	253	81	207	
0.394971	252	79	207	
0.408523	252	79	207	
0.422074	251	77	207	
0.435219	251	77	207	
0.448365	250	76	211	
0.461309	250	76	211	
0.474253	249	74	211	
0.4868	248	72	211	
0.498955	246	68	211	
0.510348	246	68	211	
0.52174	246	68	211	
0.533132	244	64	211	
0.543787	244	64	211	
0.554442	244	64	211	
0.565097	241	58	211	
0.575551	240	56	211	
0.586378	240	56	211	
0.597205	240	56	211	
0.608031	240	56	211	
0.618858	240	56	211	
0.629685	240	56	211	
0.640512	239	57	211	
0.651235	238	58	211	
0.661862	237	59	211	
0.672399	236	58	215	
0.683116	235	59	215	
0.693742	235	59	215	
0.704369	233	58	215	
0.715265	231	54	215	
0.726974	230	55	215	
0.738562	230	55	215	
0.750149	230	55	215	
0.761736	230	55	215	
0.773324	230	55	215	
0.784911	230	55	215	
0.796498	230	55	215	
0.808086	230	55	215	
0.819673	228	54	215	
0.831579	228	54	215	
0.843485	228	54	215	
0.855391	228	54	215	
0.867297	228	54	215	
0.879203	228	54	215	
0.891109	228	54	215	
0.903015	228	53	214	
0.915127	228	53	214	
0.92724	226	55	214	
0.939097	225	53	214	
0.951415	225	53	214	
0.963732	224	52	218	
0.976299	224	52	218	
0.988866	223	50	218	
1.00197	222	48	218	
1.01567	222	48	218	
1.02937	221	47	222	
1.0434	221	47	222	
1.05743	221	47	222	
1.07146	220	45	222	
1.08619	219	46	222	
1.10069	219	46	222	
1.11518	219	46	222	
1.12967	219	46	222	
1.14416	218	44	222	
1.15942	218	44	222	
1.17467	218	44	222	
1.18992	218	44	222	
1.20517	218	44	222	
1.22042	218	44	222	
1.23567	218	44	222	
1.25092	218	44	222	
1.26617	217	42	222	
1.28228	217	42	222	
1.29839	217	42	222	
1.3145	215	41	222	
1.33123	215	40	221	
1.34842	213	36	221	
1.36805	213	36	221	
1.38767	212	34	221	
1.40882	212	34	221	
1.42998	212	34	221	
1.45113	213	35	220	
1.47144	213	35	220	
1.49175	213	35	220	
1.51207	211	35	224	
1.53257	211	35	224	
1.55306	211	35	224	
1.57356	211	35	224	
1.59405	208	38	224	
1.61296	208	38	224	
1.63187	208	38	224	
1.65078	208	38	224	
1.66969	208	38	224	
1.6886	208	38	224	
1.70751	208	38	224	
1.72642	206	37	224	
1.74615	206	37	224	
1.76587	205	35	224	
1.78706	205	35	224	
1.80824	205	35	224	
1.82943	204	33	224	
1.85233	204	33	224	
1.87524	203	31	224	
1.90017	203	31	224	
1.9251	203	31	224	
1.95004	203	31	224	
1.97497	204	32	223	
1.99879	204	32	223	
2.02261	204	32	223	
2.04643	205	33	222	
2.06923	205	33	222	
2.09202	205	33	222	
2.11482	205	33	222	
2.13762	205	33	222	
2.16042	205	33	222	
2.18322	204	31	222	
2.20804	204	31	222	
2.23286	204	31	222	
2.25767	204	31	222	
2.28249	204	31	222	
2.30731	204	31	222	
2.33213	204	31	222	
2.35695	202	30	222	
2.38314	202	30	222	
2.40933	200	29	222	
2.43702	199	30	222	
2.46365	200	31	221	
2.48904	199	32	221	
2.51356	199	32	221	
2.53807	199	32	221	
2.56259	199	32	221	
2.58711	199	32	221	
2.61163	199	32	221	
2.63615	198	33	221	
2.65987	198	33	221	
2.6836	199	34	220	
2.70635	200	35	219	
2.7282	200	35	219	
2.75005	200	35	219	
2.7719	200	35	219	
2.79375	199	33	219	
2.81737	198	34	219	
2.84026	198	34	219	
2.86315	198	34	219	
2.88604	198	34	219	
2.90893	198	34	219	
2.93183	198	34	219	
2.95472	198	34	219	
2.97761	197	35	219	
2.99984	195	34	219	
3.02313	195	34	219	
3.04642	195	34	219	
3.06971	195	34	219	
3.093	194	35	219	
3.11562	194	35	219	
3.13824	194	37	218	
3.15945	192	36	218	
3.1816	192	38	217	
3.20242	193	39	216	
3.22254	192	37	216	
3.24402	192	37	216	
3.2655	191	38	216	
3.28646	190	39	216	
3.30695	189	37	216	
3.32881	189	37	216	
3.35068	188	36	220	
3.37334	187	37	220	
3.39541	187	37	220	
3.41749	187	37	220	
3.43957	187	37	220	
3.46165	187	37	220	
3.48372	187	37	220	
3.5058	187	37	220	
3.52788	187	37	220	
3.54995	187	37	220	
3.57203	187	37	220	
3.59411	187	37	220	
3.61619	187	37	220	
3.63826	187	37	220	
3.66034	187	37	220	
3.68242	187	37	220	
3.70449	187	37	220	
3.72657	187	37	220	
3.74865	186	38	220	
3.77019	185	39	220	
3.79125	185	39	220	
3.81231	184	40	220	
3.83291	184	40	220	
3.85352	184	40	220	
3.87412	184	40	220	
3.89473	183	41	220	
3.91491	183	41	220	
3.9351	183	41	220	
3.95529	181	40	220	
3.97628	182	41	219	
3.99661	183	42	218	
4.01632	181	41	218	
4.03679	181	41	218	
4.05726	181	41	218	
4.07773	181	41	218	
4.0982	181	41	218	
4.11867	182	42	217	
4.13851	182	42	217	
4.15836	182	42	217	
4.17821	181	43	217	
4.1977	180	41	217	
4.21831	180	41	217	
4.23893	180	41	217	
4.25954	178	40	217	
4.28097	178	40	217	
4.30241	178	40	217	
4.32384	177	38	217	
4.34667	177	38	217	
4.36949	177	38	217	
4.39231	175	34	217	
4.41862	174	35	217	
4.44418	173	36	217	
4.46908	172	37	217	
4.49336	171	38	217	
4.51707	170	39	217	
4.54026	170	39	217	
4.56344	171	40	216	
4.58587	171	40	216	
4.6083	170	40	215	
4.6309	170	40	215	
4.65349	170	40	215	
4.67609	169	41	215	
4.69824	169	41	215	
4.72039	169	41	215	
4.74254	169	41	215	
4.76469	169	41	215	
4.78684	168	39	215	
4.81037	167	38	219	
4.83466	168	39	218	
4.85813	168	39	218	
4.88161	168	39	218	
4.90508	167	37	218	
4.93013	167	37	218	
4.95519	167	37	218	
4.98024	167	37	218	
5.00529	165	36	218	
5.03149	165	36	218	
5.05768	163	35	218	
5.0851	163	35	218	
5.11253	161	31	218	
5.14474	161	33	217	
5.17458	161	33	217	
5.20441	161	33	217	
5.23425	159	32	217	
5.26564	159	32	217	
5.29704	159	32	217	
5.32844	160	33	216	
5.35849	160	33	216	
5.38854	160	33	216	
5.4186	160	33	216	
5.44865	160	33	216	
5.47871	160	33	216	
5.50876	159	34	216	
5.53795	159	34	216	
5.56713	159	34	216	
5.59632	158	35	216	
5.62471	159	36	215	
5.65203	158	34	215	
5.68143	158	34	215	
5.71084	158	34	215	
5.74024	158	34	215	
5.76965	157	33	219	
5.80024	157	33	219	
5.83084	157	33	219	
5.86143	157	33	219	
5.89203	156	31	219	
5.92531	155	30	223	
5.96014	155	30	223	
5.99498	155	30	223	
6.02982	155	30	223	
6.06466	153	32	223	
6.0972	153	32	223	
6.12975	152	30	223	
6.1653	152	30	223	
6.20085	153	31	222	
6.23474	153	31	222	
6.26863	153	31	222	
6.30252	152	30	226	
6.338	152	30	226	
6.37347	152	30	226	
6.40895	151	28	226	
6.44804	151	28	226	
6.48713	151	28	226	
6.52622	148	26	230	
6.57021	149	27	229	
6.61174	149	27	229	
6.65327	149	27	229	
6.6948	149	27	229	
6.73632	148	28	229	
6.77615	147	27	233	
6.81815	146	28	233	
6.85842	146	28	233	
6.8987	146	28	233	
6.93897	146	30	232	
6.97579	146	30	232	
7.01261	146	30	232	
7.04942	146	30	232	
7.08624	146	30	232	
7.12306	145	28	232	
7.16364	145	28	232	
7.20422	144	29	232	
7.24323	143	30	232	
7.28083	141	30	236	
7.31885	141	30	236	
7.35687	140	28	236	
7.39879	139	27	240	
7.44302	138	28	240	
7.48543	137	29	240	
7.52621	138	30	239	
7.56497	138	30	239	
7.60373	138	30	239	
7.64249	138	30	239	
7.68125	138	30	239	
7.72001	137	28	239	
7.76276	137	28	239	
7.80551	137	28	239	
7.84825	138	29	238	
7.88879	139	30	237	
7.92733	138	28	237	
7.96983	137	26	237	
8.01715	135	25	237	
8.06785	134	26	237	
8.11622	134	26	237	
8.16459	135	27	236	
8.21022	135	27	236	
8.25585	136	28	235	
8.29902	136	28	235	
8.34219	135	26	235	
8.39026	135	26	235	
8.43833	135	26	235	
8.48641	134	27	235	
8.5324	132	27	239	
8.57896	131	26	243	
8.62822	131	26	243	
8.67748	131	26	243	
8.72675	131	26	243	
8.77601	131	26	243	
8.82528	132	27	242	
8.87174	132	27	242	
8.91821	132	27	242	
8.96467	131	26	246	
9.01385	131	26	246	
9.06302	131	26	246	
9.11219	131	26	246	
9.16137	131	26	246	
9.21054	133	28	244	
9.2544	135	30	242	
9.29392	135	30	242	
9.33345	135	32	241	
9.36988	135	32	241	
9.40631	134	30	241	
9.44615	134	30	241	
9.48599	133	28	241	
9.52993	134	31	239	
9.56819	133	32	239	
9.60521	133	32	239	
9.64223	133	32	239	
9.67925	133	32	239	
9.71628	133	32	239	
9.7533	133	32	239	
9.79032	133	32	239	
9.82734	133	32	239	
9.86436	133	32	239	
9.90139	133	32	239	
9.93841	132	31	243	
9.97711	131	32	243	
10.0146	131	32	243	
10.052	132	33	242	
10.0878	132	33	242	
10.1236	132	33	242	
10.1595	132	33	242	
10.1953	132	34	245	
10.2297	132	34	245	
10.2642	132	34	245	
10.2986	132	34	245	
10.333	132	36	244	
10.3652	132	36	244	
10.3975	133	37	243	
10.4285	132	35	243	
10.4618	133	36	242	
10.4938	134	36	245	
10.5255	134	36	245	
10.5572	133	34	245	
10.5914	132	35	245	
10.6247	132	35	245	
10.6579	132	35	245	
10.6912	132	35	245	
10.7245	132	35	245	
10.7577	132	35	245	
10.791	132	35	245	
10.8243	132	35	245	
10.8575	132	35	245	
10.8908	131	33	245	
10.9268	131	33	245	
10.9628	131	33	245	
10.9988	131	33	245	
11.0348	130	31	245	
11.074	130	31	245	
11.1132	130	31	245	
11.1524	129	32	245	
11.1904	128	30	245	
11.2319	128	30	245	
11.2734	128	30	245	
11.3149	127	29	249	
11.3585	127	29	249	
11.4022	126	30	249	
11.4442	127	31	248	
11.4842	126	34	247	
11.5201	126	34	247	
11.5561	126	34	247	
11.592	124	33	247	
11.6299	124	33	247	
11.6678	124	33	247	
11.7056	125	34	246	
11.7419	125	34	246	
11.7781	126	35	245	
11.8129	125	34	249	
11.8491	125	34	249	
11.8852	125	34	249	
11.9214	125	34	249	
11.9575	125	34	249	
11.9937	124	32	249	
12.033	123	29	248	
12.078	122	30	248	
12.1213	122	30	248	
12.1647	122	30	248	
12.208	122	30	248	
12.2514	122	30	248	
12.2948	122	30	248	
12.3381	120	26	248	
12.3915	120	26	248	
12.4449	118	25	248	
12.5022	118	25	248	
12.5596	118	25	248	
12.6169	117	24	252	
12.6779	117	24	252	
12.739	117	24	252	
12.8001	117	24	252	
12.8612	117	24	252	
12.9223	118	25	251	
12.9795	119	26	250	
13.0332	118	25	254	
13.0903	117	24	258	
13.1512	117	24	258	
13.2121	115	23	258	
13.2779	115	23	258	
13.3437	114	22	262	
13.4143	114	22	262	
13.485	114	22	262	
13.5557	114	22	262	
13.6263	114	22	262	
13.697	114	22	262	
13.7676	114	22	262	
13.8383	114	22	262	
13.909	111	23	266	
13.9767	112	24	265	
14.0398	112	24	265	
14.103	111	24	264	
14.1667	111	24	264	
14.2304	110	25	264	
14.2909	110	25	264	
14.3515	113	28	261	
14.4021	113	28	261	
14.4526	114	29	260	
14.5005	114	29	260	
14.5484	113	30	260	
14.5945	113	30	260	
14.6406	113	30	260	
14.6867	114	31	259	
14.7306	114	31	259	
14.7745	114	31	259	
14.8183	114	31	259	
14.8622	115	32	258	
14.904	115	32	258	
14.9458	115	32	258	
14.9876	115	32	258	
15.0295	115	32	258	
15.0713	115	32	258	
15.1131	116	33	257	
15.153	115	31	257	
15.1966	115	31	257	
15.2402	115	31	257	
15.2838	114	30	261	
15.3295	115	31	260	
15.373	115	31	260	
15.4165	115	31	260	
15.46	115	31	260	
15.5035	115	31	260	
15.5469	117	33	258	
15.5865	118	34	257	
15.6244	118	34	257	
15.6623	116	31	261	
15.7054	116	30	260	
15.7505	115	29	264	
15.7978	114	27	264	
15.8504	114	27	264	
15.903	114	27	264	
15.9556	113	28	264	
16.0061	113	28	264	
16.0565	113	28	264	
16.107	113	30	263	
16.153	113	30	263	
16.199	114	31	262	
16.2428	114	31	262	
16.2866	113	33	265	
16.3272	114	34	264	
16.3661	113	37	263	
16.4014	113	36	262	
16.438	113	36	262	
16.4746	113	36	262	
16.5112	113	36	262	
16.5478	112	34	262	
16.5874	113	35	261	
16.6253	113	35	261	
16.6632	114	36	260	
16.6996	115	37	259	
16.7345	115	37	259	
16.7695	115	37	259	
16.8045	115	37	259	
16.8395	115	37	259	
16.8744	115	37	259	
16.9094	116	38	258	
16.9431	116	38	258	
16.9768	116	38	258	
17.0105	116	38	258	
17.0441	116	38	258	
17.0778	116	38	258	
17.1115	116	38	258	
17.1452	116	38	258	
17.1788	116	38	258	
17.2125	115	39	258	
17.2455	115	39	261	
17.2783	115	39	261	
17.3112	115	39	261	
17.344	115	39	261	
17.3769	115	39	261	
17.4097	115	39	261	
17.4426	115	39	261	
17.4754	115	39	261	
17.5083	115	39	261	
17.5411	115	39	261	
17.574	115	39	261	
17.6068	115	39	261	
17.6397	115	39	261	
17.6725	115	39	261	
17.7054	115	39	261	
17.7382	115	39	261	
17.7711	116	40	260	
17.8028	116	40	260	
17.8345	116	40	260	
17.8662	116	40	260	
17.898	114	36	260	
17.9343	113	37	260	
17.9698	113	37	260	
18.0053	113	37	260	
18.0408	113	37	260	
18.0763	112	38	260	
18.111	111	36	260	
18.1483	111	36	260	
18.1855	110	34	260	
18.2258	110	34	260	
18.266	110	34	260	
18.3063	111	35	259	
18.3449	111	35	259	
18.3834	111	37	258	
18.4196	110	35	258	
18.4585	110	35	258	
18.4974	110	35	258	
18.5364	111	36	257	
18.5737	111	36	257	
18.6111	111	36	257	
18.6484	111	36	257	
18.6858	112	37	256	
18.7217	112	37	256	
18.7576	112	37	256	
18.7935	112	37	256	
18.8294	112	37	256	
18.8654	112	37	256	
18.9013	113	38	255	
18.9359	113	38	255	
18.9704	113	38	255	
19.005	114	39	254	
19.0384	114	39	254	
19.0717	113	37	254	
19.1074	112	38	254	
19.1423	112	38	254	
19.1772	112	38	254	
19.2121	111	37	258	
19.2482	111	37	258	
19.2843	112	38	257	
19.3191	111	36	257	
19.3565	111	36	257	
19.3938	109	36	261	
19.4317	109	36	261	
19.4695	109	36	261	
19.5073	109	36	261	
19.5451	108	35	265	
19.5844	108	35	265	
19.6237	108	34	264	
19.6645	108	34	264	
19.7053	107	32	267	
19.7496	107	32	267	
19.7939	107	32	267	
19.8382	106	31	271	
19.8845	106	31	271	
19.9309	106	31	271	
19.9773	105	32	271	
20.0222	104	30	271	
20.0715	103	28	271	
20.1261	104	29	270	
20.1777	103	27	270	
20.2351	103	27	270	
20.2926	102	28	270	
20.3477	100	24	270	
20.4175	99	22	270	
20.4976	99	22	273	
20.5776	100	23	272	
20.6518	100	23	272	
20.7261	100	23	272	
20.8003	100	23	272	
20.8745	97	23	272	
20.9508	98	24	271	
21.0219	98	24	271	
21.0929	96	24	275	
21.1651	95	22	275	
21.2481	95	23	273	
21.3257	96	24	272	
21.3981	95	25	272	
21.4669	96	26	271	
21.5313	96	26	271	
21.5958	96	26	271	
21.6602	96	26	271	
21.7247	95	25	275	
21.7934	95	27	274	
21.8549	95	27	274	
21.9164	95	26	273	
21.9814	97	28	271	
22.039	97	28	271	
22.0965	97	28	271	
22.1541	97	28	271	
22.2116	97	28	271	
22.2692	97	28	271	
22.3267	98	29	270	
22.3811	99	30	269	
22.4327	99	30	269	
22.4842	99	29	273	
22.538	100	30	272	
22.5889	99	31	272	
22.6382	99	31	272	
22.6874	99	31	272	
22.7366	99	31	272	
22.7858	98	29	272	
22.8401	98	29	272	
22.8944	98	29	272	
22.9487	98	29	272	
23.003	98	29	272	
23.0573	99	30	271	
23.1088	99	30	271	
23.1603	99	30	271	
23.2117	98	31	271	
23.2614	96	30	271	
23.3142	96	32	270	
23.3628	95	30	270	
23.4162	96	31	269	
23.4668	96	31	269	
23.5175	97	32	268	
23.5657	97	32	268	
23.6139	97	32	268	
23.6621	97	32	268	
23.7103	97	32	268	
23.7585	97	32	268	
23.8067	95	32	272	
23.8556	96	33	271	
23.9022	96	33	271	
23.9488	96	33	271	
23.9954	97	34	270	
24.0399	97	34	270	
24.0844	97	36	269	
24.1259	95	35	269	
24.1696	95	35	269	
24.2134	95	35	269	
24.2571	95	35	269	
24.3008	95	35	269	
24.3445	95	35	269	
24.3883	95	35	269	
24.432	94	36	269	
24.4746	94	36	269	
24.5172	95	37	268	
24.5581	95	37	268	
24.5989	95	37	268	
24.6398	95	37	268	
24.6807	95	37	268	
24.7216	95	37	268	
24.7625	95	37	268	
24.8034	96	38	267	
24.8427	96	38	267	
24.882	96	38	267	
24.9212	94	37	267	
24.9625	94	37	267	
25.0038	94	37	267	
25.0451	93	35	267	
25.0897	93	35	267	
25.1343	94	36	266	
25.177	94	36	266	
25.2197	94	36	266	
25.2625	94	36	266	
25.3052	94	36	266	
25.3479	94	38	265	
25.388	94	38	265	
25.4281	93	36	265	
25.4712	93	36	265	
25.5143	94	37	264	
25.5558	94	37	264	
25.5972	94	37	264	
25.6386	94	37	264	
25.68	93	35	264	
25.7247	93	35	264	
25.7694	94	36	263	
25.8123	95	37	262	
25.8534	95	37	262	
25.8945	95	37	262	
25.9357	95	37	262	
25.9768	94	35	262	
26.0212	94	35	262	
26.0656	94	35	262	
26.11	94	35	262	
26.1544	95	36	261	
26.197	95	36	261	
26.2396	95	36	261	
26.2821	95	36	261	
26.3247	95	36	261	
26.3672	95	36	261	
26.4098	96	37	260	
26.4507	97	38	259	
26.4899	97	38	259	
26.5292	97	38	259	
26.5685	97	38	259	
26.6078	97	38	259	
26.6471	96	39	259	
26.6855	95	37	262	
26.7267	95	37	262	
26.7678	95	37	265	
26.8088	95	37	265	
26.8498	93	33	265	
26.8979	92	32	269	
26.9483	92	32	269	
26.9987	94	34	267	
27.0445	95	35	266	
27.0884	95	35	266	
27.1322	95	35	266	
27.1761	95	35	266	
27.2199	95	35	266	
27.2638	95	35	266	
27.3076	95	36	264	
27.35	95	36	264	
27.3925	95	36	264	
27.4349	97	38	262	
27.4741	97	38	262	
27.5132	97	38	262	
27.5524	98	39	261	
27.5901	98	39	261	
27.6278	98	39	261	
27.6655	97	37	261	
27.706	97	37	261	
27.7465	97	37	261	
27.7869	96	38	261	
27.8265	95	36	261	
27.869	95	36	261	
27.9116	95	36	261	
27.9541	94	34	261	
28.0002	94	33	260	
28.0481	94	33	260	
28.0961	94	33	263	
28.1439	94	33	263	
28.1916	94	33	263	
28.2394	94	32	262	
28.2892	94	32	262	
28.339	94	32	262	
28.3887	94	32	262	
28.4385	95	33	261	
28.4859	95	33	261	
28.5334	95	33	261	
28.5808	95	32	260	
28.6302	95	31	259	
28.6818	96	32	258	
28.7308	96	32	258	
28.7799	97	33	257	
28.8267	97	33	257	
28.8735	97	33	257	
28.9202	96	31	257	
28.9714	96	31	257	
29.0226	96	31	257	
29.0737	97	34	255	
29.1189	96	32	255	
29.1681	95	31	259	
29.2196	94	30	263	
29.2738	93	28	263	
29.3338	91	27	263	
29.3982	91	27	263	
29.4626	89	25	262	
29.5359	90	26	261	
29.6046	89	24	261	
29.6825	88	22	261	
29.7719	87	21	265	
29.8687	87	21	265	
29.9655	87	21	265	
30.0623	87	21	265	
30.159	87	21	265	
30.2558	87	21	265	
30.3526	87	21	265	
30.4494	87	21	265	
30.5461	88	22	264	
30.6355	89	23	263	
30.7183	89	23	263	
30.8011	89	23	263	
30.8839	89	23	263	
30.9667	89	23	263	
31.0495	90	24	262	
31.1265	91	25	261	
31.1985	90	23	261	
31.2806	90	23	261	
31.3626	90	23	261	
31.4447	90	23	261	
31.5268	91	24	263	
31.6031	90	22	263	
31.6907	90	22	263	
31.7783	90	22	263	
31.8659	90	22	263	
31.9535	91	23	262	
32.0347	91	23	262	
32.116	91	23	262	
32.1972	91	23	262	
32.2784	91	22	261	
32.3653	91	24	260	
32.4417	91	24	260	
32.5181	91	24	260	
32.5945	89	26	260	
32.6639	89	26	260	
32.7333	90	26	258	
32.8021	89	27	258	
32.868	88	25	258	
32.9422	87	24	262	
33.0216	87	24	262	
33.101	87	25	265	
33.1756	87	24	264	
33.2549	89	26	262	
33.3242	89	26	262	
33.3935	89	28	261	
33.456	89	28	261	
33.5185	88	26	261	
33.5885	90	28	259	
33.6505	89	28	258	
33.7131	89	28	258	
33.7757	89	28	258	
33.8383	89	28	258	
33.9009	89	28	258	
33.9636	90	29	257	
34.0227	90	29	257	
34.0818	89	30	257	
34.1389	88	28	257	
34.2022	86	24	257	
34.2826	86	24	257	
34.363	86	24	257	
34.4435	85	22	257	
34.536	84	22	256	
34.6295	85	23	255	
34.7161	85	23	255	
34.8028	84	24	255	
34.885	85	25	254	
34.9617	84	23	254	
35.0493	85	24	253	
35.1308	85	24	253	
35.2123	85	26	252	
35.285	86	27	251	
35.3532	86	27	251	
35.4214	87	28	250	
35.4856	86	26	250	
35.5577	85	27	250	
35.6266	85	27	250	
35.6956	85	27	250	
35.7645	87	29	248	
35.8259	87	29	248	
35.8872	87	29	248	
35.9486	87	29	248	
36.0099	88	30	247	
36.068	89	31	246	
36.1231	88	32	246	
36.1765	88	32	246	
36.2299	88	32	246	
36.2833	88	32	246	
36.3368	88	32	246	
36.3902	88	32	246	
36.4436	89	33	245	
36.4945	89	33	245	
36.5454	88	31	245	
36.6011	88	31	245	
36.6568	90	33	243	
36.7073	90	33	243	
36.7579	89	34	243	
36.807	88	32	243	
36.8605	88	32	243	
36.9141	88	32	243	
36.9677	88	32	243	
37.0212	88	32	243	
37.0748	87	30	243	
37.1337	87	30	243	
37.1925	88	31	242	
37.2484	88	31	242	
37.3043	89	32	241	
37.3574	89	32	241	
37.4106	89	32	241	
37.4637	88	30	241	
37.5221	88	30	241	
37.5805	89	31	240	
37.636	89	31	240	
37.6914	89	31	240	
37.7469	89	31	240	
37.8023	88	30	244	
37.8606	88	30	244	
37.9188	87	28	244	
37.9834	87	28	244	
38.0479	87	28	244	
38.1125	87	28	244	
38.1771	87	28	244	
38.2417	88	29	243	
38.3027	89	30	242	
38.3605	89	30	242	
38.4183	89	30	242	
38.476	89	30	242	
38.5338	89	30	242	
38.5916	90	31	241	
38.6465	88	27	241	
38.7139	88	27	241	
38.7813	88	29	240	
38.8425	88	29	240	
38.9036	88	29	240	
38.9648	89	30	239	
39.0227	90	31	238	
39.0778	89	29	238	
39.1384	89	29	238	
39.1991	89	28	237	
39.2628	89	28	237	
39.3265	89	27	236	
39.3935	90	28	235	
39.4567	90	28	235	
39.5199	91	29	234	
39.5797	91	29	234	
39.6394	91	29	234	
39.6991	91	31	233	
39.7539	91	31	233	
39.8087	89	31	237	
39.8643	88	29	237	
39.9256	89	30	236	
39.9837	89	30	236	
40.0418	88	28	236	
40.1062	87	29	236	
40.1682	86	31	239	
40.2253	86	31	239	
40.2825	86	31	242	
40.3394	86	31	242	
40.3964	86	31	242	
40.4534	87	32	241	
40.5076	87	32	241	
40.5617	87	32	241	
40.6159	86	33	241	
40.6685	87	34	240	
40.7187	87	34	240	
40.769	89	36	238	
40.815	89	36	238	
40.8611	89	36	238	
40.9071	89	36	238	
40.9532	88	35	242	
41.001	90	37	240	
41.0451	90	39	239	
41.0866	89	40	239	
41.1273	89	40	239	
41.168	90	41	238	
41.2072	90	41	238	
41.2465	90	41	238	
41.2858	90	41	238	
41.325	90	41	238	
41.3643	90	41	238	
41.4036	90	41	238	
41.4429	91	42	237	
41.4808	90	40	237	
41.5212	90	40	237	
41.5617	90	40	237	
41.6021	90	40	237	
41.6425	90	40	237	
41.6829	90	40	237	
41.7233	90	40	237	
41.7637	90	40	237	
41.8042	90	40	237	
41.8446	90	40	237	
41.885	88	39	237	
41.9274	89	40	236	
41.9682	89	40	236	
42.009	89	40	236	
42.0499	89	40	236	
42.0907	90	41	235	
42.1301	89	40	239	
42.1708	89	40	239	
42.2115	88	38	239	
42.255	88	38	239	
42.2986	88	38	239	
42.3421	88	38	239	
42.3857	88	38	239	
42.4292	87	39	239	
42.4719	89	41	237	
42.5115	87	40	237	
42.5531	86	41	237	
42.5939	86	41	237	
42.6346	86	41	237	
42.6754	86	41	237	
42.7162	84	40	237	
42.7589	84	40	237	
42.8016	83	41	237	
42.8436	83	41	237	
42.8855	83	41	237	
42.9275	84	42	236	
42.968	84	42	236	
43.0085	83	43	236	
43.0484	84	44	235	
43.087	84	44	235	
43.1255	84	44	235	
43.1641	84	44	235	
43.2027	84	44	235	
43.2413	84	44	235	
43.2799	84	44	235	
43.3185	84	44	235	
43.3571	85	45	234	
43.3945	84	43	234	
43.4341	84	43	234	
43.4737	85	44	233	
43.512	84	43	237	
43.5515	82	42	237	
43.5927	82	42	237	
43.6339	82	42	237	
43.6752	81	43	237	
43.7157	82	44	236	
43.755	82	44	236	
43.7942	82	44	236	
43.8335	82	44	239	
43.8726	82	44	239	
43.9117	82	44	239	
43.9508	82	44	239	
43.9899	83	45	238	
44.0277	83	45	238	
44.0656	83	45	238	
44.1035	83	45	238	
44.1414	83	47	237	
44.1776	83	47	237	
44.2139	82	48	237	
44.2498	82	48	237	
44.2856	82	48	237	
44.3214	82	48	237	
44.3573	82	48	237	
44.3931	82	48	237	
44.429	83	49	236	
44.4638	83	49	236	
44.4987	82	50	236	
44.5332	82	50	236	
44.5677	82	50	236	
44.6022	82	50	236	
44.6367	83	51	235	
44.6703	82	49	235	
44.7055	83	50	234	
44.7398	83	50	234	
44.7741	83	50	234	
44.8084	83	50	234	
44.8427	81	49	234	
44.8783	81	49	234	
44.914	81	49	234	
44.9496	81	49	234	
44.9852	82	50	233	
45.0198	82	50	233	
45.0545	83	51	232	
45.0883	82	49	232	
45.1237	81	47	232	
45.1609	77	40	236	
45.2067	77	40	236	
45.2525	77	40	236	
45.2983	77	40	236	
45.3441	76	39	240	
45.3914	77	40	239	
45.437	77	40	239	
45.4826	77	40	239	
45.5283	76	39	243	
45.5755	76	39	243	
45.6227	77	40	242	
45.6681	77	40	242	
45.7135	77	40	242	
45.7589	77	40	242	
45.8044	77	40	242	
45.8498	77	40	242	
45.8952	76	38	242	
45.944	76	38	242	
45.9927	75	37	246	
46.0434	75	37	246	
46.094	74	36	250	
46.1467	74	36	250	
46.1994	74	36	250	
46.2521	75	37	249	
46.3025	74	35	249	
46.3572	76	37	247	
46.4072	76	37	247	
46.4573	75	38	247	
46.5062	74	36	247	
46.5591	74	36	247	
46.612	73	34	247	
46.6694	73	34	247	
46.7269	72	34	246	
46.7851	72	34	246	
46.8432	72	34	246	
46.9014	72	34	246	
46.9595	72	34	246	
47.0177	71	35	246	
47.0743	70	34	250	
47.1335	70	34	250	
47.1928	71	35	249	
47.2492	71	35	249	
47.3057	71	35	249	
47.3622	71	35	249	
47.4186	70	36	249	
47.4737	71	37	248	
47.5264	69	33	248	
47.5888	68	31	248	
47.6575	68	30	247	
47.7294	66	30	251	
47.8028	66	30	251	
47.8762	65	28	251	
47.9581	66	29	250	
48.0352	66	29	250	
48.1122	66	29	250	
48.1893	68	31	248	
48.2579	67	29	248	
48.3342	67	29	248	
48.4104	67	29	248	
48.4867	67	29	248	
48.5629	68	30	247	
48.6348	68	30	247	
48.7067	68	30	247	
48.7786	68	30	247	
48.8505	68	30	247	
48.9224	69	31	246	
48.9904	70	32	245	
49.0549	70	32	245	
49.1194	72	34	243	
49.1777	71	35	243	
49.2346	70	36	243	
49.29	71	37	242	
49.3431	71	37	242	
49.3962	71	37	242	
49.4493	69	36	242	
49.5054	71	38	240	
49.5569	72	39	239	
49.6064	72	39	239	
49.6558	72	39	239	
49.7053	72	39	239	
49.7547	72	39	239	
49.8042	72	39	239	
49.8536	72	39	239	
49.9031	72	39	239	
49.9525	70	36	243	
50.008	70	36	243	
50.0634	69	34	243	
50.1238	69	34	243	
50.1841	69	34	243	
50.2444	69	35	241	
50.3027	69	35	241	
50.3609	67	31	241	
50.4309	66	29	241	
50.5086	67	30	240	
50.5818	68	31	239	
50.6511	69	32	238	
50.7168	68	32	242	
50.783	68	32	242	
50.8491	68	32	242	
50.9153	68	32	242	
50.9815	69	33	241	
51.0444	69	33	241	
51.1072	69	33	241	
51.1701	69	33	241	
51.233	70	34	240	
51.2928	70	34	240	
51.3527	70	34	240	
51.4125	70	33	239	
51.4748	70	33	239	
51.5371	71	34	238	
51.5964	71	34	238	
51.6557	72	35	237	
51.7123	72	35	237	
51.7689	72	35	237	
51.8255	70	34	237	
51.8856	71	35	236	
51.9428	71	35	236	
52.0001	70	33	236	
52.0626	70	33	236	
52.1251	70	33	236	
52.1876	70	33	236	
52.2501	70	33	236	
52.3126	70	33	236	
52.3751	70	33	236	
52.4375	69	31	236	
52.5062	69	33	235	
52.5695	70	34	234	
52.6297	69	35	234	
52.6885	69	35	234	
52.7472	69	35	234	
52.8059	70	36	233	
52.862	70	36	233	
52.9181	71	37	232	
52.9719	72	38	231	
53.0234	71	36	231	
53.079	71	36	231	
53.1347	71	36	231	
53.1903	71	36	231	
53.2459	71	36	231	
53.3016	71	36	231	
53.3572	72	37	230	
53.4105	71	35	230	
53.4682	74	38	227	
53.5189	75	39	226	
53.5677	74	37	226	
53.6201	74	37	226	
53.6725	72	36	226	
53.7279	72	36	226	
53.7833	72	35	225	
53.8407	71	33	225	
53.9033	71	33	225	
53.9658	69	35	225	
54.0252	68	36	225	
54.0831	68	36	225	
54.1411	68	36	225	
54.199	69	37	224	
54.2545	69	39	223	
54.3067	70	40	222	
54.3569	70	40	222	
54.4071	70	40	222	
54.4573	70	39	226	
54.5087	71	40	225	
54.5581	71	40	225	
54.6076	71	40	225	
54.657	70	41	225	
54.7056	71	42	224	
54.7524	71	42	224	
54.7993	71	42	224	
54.8461	71	42	224	
54.893	71	42	224	
54.9398	72	43	223	
54.9851	72	43	223	
55.0303	72	43	223	
55.0756	73	44	222	
55.1193	71	41	226	
55.1673	71	41	226	
55.2153	72	42	225	
55.2616	72	42	225	
55.3079	72	42	225	
55.3542	73	43	224	
55.3989	74	44	223	
55.4422	74	44	223	
55.4854	73	42	223	
55.5314	73	42	223	
55.5773	73	42	223	
55.6233	73	41	222	
55.6706	73	41	222	
55.7178	73	41	222	
55.7651	73	41	222	
55.8124	73	41	222	
55.8597	73	41	222	
55.907	73	41	222	
55.9542	73	40	221	
56.0029	73	40	221	
56.0516	72	38	221	
56.1038	71	36	221	
56.1602	71	36	221	
56.2165	71	36	221	
56.2729	71	36	221	
56.3292	71	36	221	
56.3856	71	36	221	
56.4419	71	36	221	
56.4982	71	36	221	
56.5546	72	37	220	
56.6086	72	37	220	
56.6625	72	37	220	
56.7165	72	37	220	
56.7705	72	37	220	
56.8245	72	37	220	
56.8785	72	37	220	
56.9325	72	37	220	
56.9864	72	37	220	
57.0404	72	36	219	
57.0963	73	37	218	
57.1499	73	37	218	
57.2034	72	35	218	
57.2613	74	37	216	
57.3145	73	35	216	
57.3719	73	35	216	
57.4293	73	35	216	
57.4868	73	35	216	
57.5442	73	35	216	
57.6016	73	35	216	
57.6591	73	35	216	
57.7165	73	35	216	
57.7739	73	35	216	
57.8314	73	35	216	
57.8888	73	35	216	
57.9463	72	34	220	
58.0062	73	35	219	
58.0634	74	36	218	
58.1181	74	36	218	
58.1729	74	36	218	
58.2276	74	36	218	
58.2824	74	36	218	
58.3372	74	36	218	
58.3919	74	35	217	
58.4487	74	35	217	
58.5054	74	35	217	
58.5622	73	36	217	
58.6176	73	36	217	
58.673	74	37	216	
58.7261	73	38	216	
58.7782	73	38	216	
58.8302	73	38	216	
58.8822	73	38	216	
58.9343	73	38	216	
58.9863	73	38	216	
59.0383	73	38	216	
59.0904	74	39	215	
59.1404	74	39	215	
59.1904	74	39	215	
59.2405	74	39	215	
59.2905	72	38	215	
59.3431	71	37	219	
59.3978	72	38	218	
59.4502	72	38	218	
59.5027	72	38	218	
59.5551	72	38	218	
59.6076	72	38	218	
59.66	72	37	217	
59.7142	71	37	216	
59.7691	71	36	220	
59.8255	72	37	219	
59.8795	72	37	219	
59.9336	72	37	219	
59.9877	72	37	219	
60.0417	71	35	219	
60.1002	71	35	219	
60.1587	71	35	219	
60.2172	70	33	219	
60.2809	70	33	219	
60.3446	70	33	219	
60.4083	70	32	218	
60.4746	72	34	216	
60.5348	72	34	216	
60.595	72	34	216	
60.6552	72	34	216	
60.7154	71	32	216	
60.7812	73	34	214	
60.8409	73	34	214	
60.9006	74	35	213	
60.9576	74	35	213	
61.0146	75	36	212	
61.0692	75	36	215	
61.1236	75	36	215	
61.178	75	36	215	
61.2324	74	34	215	
61.2914	74	34	215	
61.3504	72	33	215	
61.413	72	33	215	
61.4756	72	35	214	
61.5338	71	33	214	
61.5971	71	33	214	
61.6605	71	33	214	
61.7239	71	33	214	
61.7872	73	35	212	
61.845	73	35	212	
61.9027	72	34	216	
61.9629	72	34	216	
62.0231	71	32	216	
62.0889	72	33	215	
62.1514	72	33	215	
62.214	72	33	215	
62.2766	72	33	215	
62.3392	73	34	214	
62.3989	73	34	214	
62.4586	73	34	214	
62.5183	74	35	213	
62.5753	74	35	213	
62.6324	75	36	212	
62.687	75	36	212	
62.7416	75	36	212	
62.7962	75	36	212	
62.8508	75	36	212	
62.9054	74	34	212	
62.9646	74	33	211	
63.0261	74	32	215	
63.0898	72	28	215	
63.1676	72	28	215	
63.2454	71	27	219	
63.3279	71	27	219	
63.4103	71	27	219	
63.4928	70	25	219	
63.5859	70	25	219	
63.679	69	26	219	
63.768	69	26	219	
63.8571	70	27	218	
63.9406	70	27	218	
64.0241	70	27	218	
64.1076	70	27	218	
64.1911	71	28	217	
64.2697	71	28	217	
64.3482	72	28	220	
64.4257	71	27	224	
64.5077	72	28	223	
64.5849	73	29	222	
64.6577	74	30	221	
64.7266	75	31	220	
64.7918	74	32	220	
64.8552	74	32	220	
64.9185	73	30	220	
64.9882	72	29	224	
65.0616	71	27	224	
65.1437	71	27	224	
65.2258	72	28	223	
65.303	71	29	223	
65.3774	71	29	223	
65.4518	71	30	226	
65.5227	72	31	225	
65.5898	72	31	225	
65.6569	73	32	224	
65.7206	73	32	224	
65.7844	73	32	224	
65.8481	72	30	224	
65.9183	71	30	223	
65.9893	71	30	223	
66.0604	68	29	230	
66.137	67	28	236	
66.2179	67	28	236	
66.2988	67	28	236	
66.3798	67	28	236	
66.4607	67	28	236	
66.5417	67	28	236	
66.6226	68	29	235	
66.6988	69	30	234	
66.7707	68	31	237	
66.8402	68	31	237	
66.9096	68	31	237	
66.979	69	32	236	
67.0448	69	32	236	
67.1106	69	32	236	
67.1764	69	32	236	
67.2423	69	32	236	
67.3081	69	32	236	
67.3739	71	34	234	
67.4335	71	34	234	
67.4931	70	33	238	
67.5554	70	33	238	
67.6178	70	33	238	
67.6801	70	35	237	
67.738	71	36	236	
67.7933	71	36	236	
67.8486	70	37	236	
67.9026	70	37	236	
67.9567	70	37	236	
68.0107	70	37	236	
68.0648	71	38	235	
68.1166	71	38	235	
68.1684	71	38	235	
68.2203	71	38	235	
68.2721	71	38	235	
68.3239	71	38	235	
68.3757	71	38	235	
68.4276	71	38	235	
68.4794	70	37	239	
68.5332	71	38	238	
68.5849	70	39	238	
68.6354	70	39	238	
68.686	70	39	238	
68.7366	70	39	238	
68.7872	68	35	238	
68.8463	68	35	238	
68.9054	66	31	238	
68.9765	68	33	236	
69.0404	67	31	236	
69.1107	67	31	236	
69.181	67	31	236	
69.2513	67	31	236	
69.3217	67	31	236	
69.392	67	31	236	
69.4623	68	33	238	
69.5261	68	33	238	
69.5899	67	31	238	
69.6601	69	33	236	
69.7233	71	34	233	
69.7829	71	34	233	
69.8426	71	34	233	
69.9022	72	35	232	
69.9591	72	35	232	
70.0161	71	33	232	
70.0781	69	32	232	
70.1442	68	30	232	
70.2172	69	31	231	
70.2862	70	32	230	
70.3517	69	30	230	
70.4239	69	30	230	
70.4961	68	29	234	
70.5724	68	29	234	
70.6487	69	30	233	
70.7207	70	31	232	
70.7888	71	32	231	
70.8535	70	30	231	
70.9248	69	31	231	
70.9938	70	32	230	
71.0593	70	31	229	
71.1277	70	31	229	
71.1961	70	31	229	
71.2644	70	31	229	
71.3328	70	31	229	
71.4012	70	31	229	
71.4696	70	31	229	
71.5379	71	32	228	
71.6028	71	32	228	
71.6677	71	32	228	
71.7326	71	32	228	
71.7975	71	32	228	
71.8623	71	32	228	
71.9272	71	32	228	
71.9921	73	34	226	
72.0509	72	33	230	
72.1124	72	33	230	
72.1739	71	32	234	
72.2384	71	32	234	
72.3029	71	32	234	
72.3673	71	32	234	
72.4318	71	32	234	
72.4963	69	31	234	
72.5651	69	31	234	
72.6339	70	32	233	
72.6992	70	32	233	
72.7644	70	32	233	
72.8297	70	32	233	
72.895	70	32	233	
72.9603	70	32	233	
73.0255	70	32	233	
73.0908	69	30	233	
73.1628	67	29	233	
73.2401	66	30	233	
73.3147	66	30	233	
73.3894	67	31	232	
73.46	67	31	232	
73.5306	67	31	232	
73.6012	67	30	231	
73.6751	67	30	231	
73.749	67	30	231	
73.8229	67	30	231	
73.8967	67	30	231	
73.9706	67	30	231	
74.0445	67	30	231	
74.1184	66	28	231	
74.2007	66	27	230	
74.2875	66	27	230	
74.3742	65	26	234	
74.4666	65	26	234	
74.5591	64	27	234	
74.6477	64	27	234	
74.7364	65	30	232	
74.812	65	30	232	
74.8877	65	30	232	
74.9633	65	30	232	
75.0389	65	30	232	
75.1146	65	30	232	
75.1902	64	28	232	
75.2746	64	28	235	
75.3587	61	27	243	
75.4502	61	26	242	
75.547	62	27	241	
75.6375	62	27	241	
75.728	62	27	241	
75.8184	62	27	241	
75.9089	62	27	241	
75.9994	62	27	241	
76.0899	62	27	241	
76.1803	60	24	245	
76.2907	60	24	245	
76.401	63	27	242	
76.4902	61	27	246	
76.5816	62	28	245	
76.6671	63	29	244	
76.7476	63	29	244	
76.828	62	27	244	
76.9182	62	27	244	
77.0085	62	27	244	
77.0987	62	27	244	
77.189	61	25	244	
77.2914	61	25	244	
77.3939	58	25	244	
77.5007	57	23	244	
77.6237	58	24	243	
77.7374	58	24	243	
77.851	58	24	243	
77.9647	59	25	242	
78.0702	58	26	242	
78.1711	58	26	242	
78.272	57	25	246	
78.3803	57	25	246	
78.4885	57	25	246	
78.5967	57	25	246	
78.705	57	25	246	
78.8132	58	26	245	
78.9139	57	24	245	
79.0291	58	25	244	
79.1359	57	26	244	
79.2382	57	26	244	
79.3404	57	26	244	
79.4426	57	26	244	
79.5449	56	24	244	
79.6618	55	22	244	
79.7976	58	25	241	
79.9046	57	23	241	
80.0279	59	25	239	
80.1336	59	25	239	
80.2393	59	25	239	
80.345	59	25	239	
80.4507	57	25	243	
80.5591	59	27	241	
80.6534	59	27	241	
80.7476	59	27	241	
80.8418	60	28	240	
80.9301	60	28	240	
81.0184	60	28	240	
81.1066	61	29	239	
81.1895	61	31	238	
81.2651	63	33	236	
81.333	63	33	236	
81.4009	63	33	236	
81.4688	63	32	235	
81.5396	63	32	235	
81.6104	63	32	235	
81.6812	63	32	235	
81.7521	64	33	234	
81.8193	64	33	234	
81.8865	65	34	233	
81.9504	65	34	233	
82.0143	65	34	233	
82.0782	65	34	233	
82.1421	65	34	233	
82.206	65	34	233	
82.27	64	32	233	
82.3401	64	32	233	
82.4101	64	32	233	
82.4802	65	33	232	
82.5468	65	33	232	
82.6133	65	33	232	
82.6798	65	33	232	
82.7464	65	33	232	
82.8129	67	35	230	
82.8733	67	35	230	
82.9336	67	35	230	
82.994	66	34	234	
83.0571	66	34	234	
83.1202	64	30	234	
83.1966	64	30	234	
83.2731	65	31	233	
83.3453	63	27	233	
83.4352	63	27	233	
83.5251	63	27	233	
83.615	63	27	236	
83.7047	63	27	236	
83.7943	63	27	236	
83.884	62	25	236	
83.9856	62	25	236	
84.0873	62	25	236	
84.189	61	26	236	
84.2862	61	26	236	
84.3835	62	27	235	
84.4744	63	28	234	
84.5597	63	28	234	
84.6449	62	29	234	
84.7272	62	29	234	
84.8094	63	30	233	
84.8868	63	29	237	
84.9678	62	27	237	
85.0585	63	28	236	
85.1437	64	29	235	
85.2237	65	30	234	
85.2992	64	31	234	
85.3723	65	31	237	
85.4443	65	31	240	
85.516	66	32	239	
85.584	66	32	239	
85.652	66	31	238	
85.723	66	31	238	
85.794	66	31	238	
85.865	66	31	238	
85.9361	67	32	237	
86.0034	67	32	237	
86.0707	67	32	237	
86.138	67	32	237	
86.2053	68	33	236	
86.2692	68	33	236	
86.3332	68	33	236	
86.3971	69	34	235	
86.458	68	32	235	
86.5246	68	32	235	
86.5913	68	32	235	
86.658	68	32	235	
86.7246	69	34	237	
86.7853	68	35	237	
86.8445	68	35	237	
86.9037	68	35	237	
86.9629	66	31	237	
87.034	65	32	237	
87.1029	66	33	236	
87.1684	67	34	235	
87.2307	67	34	235	
87.293	68	35	234	
87.3524	71	38	231	
87.4044	72	40	233	
87.4528	72	40	233	
87.5012	71	38	233	
87.5532	71	38	233	
87.6051	71	38	233	
87.6571	71	38	233	
87.709	70	36	233	
87.7652	70	36	233	
87.8213	70	36	233	
87.8774	71	37	232	
87.9311	71	37	232	
87.9849	73	39	230	
88.0344	73	39	230	
88.0839	73	41	229	
88.1307	72	39	229	
88.1808	73	40	228	
88.229	73	40	228	
88.2772	70	37	228	
88.3318	71	38	227	
88.3842	71	38	227	
88.4365	71	38	227	
88.4889	71	38	227	
88.5413	71	38	227	
88.5936	70	36	227	
88.6502	71	37	226	
88.7043	72	38	225	
88.7562	72	38	225	
88.8082	72	38	225	
88.8601	72	38	225	
88.9121	72	38	225	
88.964	72	38	225	
89.016	72	38	225	
89.0679	72	38	225	
89.1199	72	37	224	
89.1736	72	37	224	
89.2273	72	36	223	
89.2828	72	36	223	
89.3384	73	37	222	
89.3917	72	35	222	
89.4493	72	35	222	
89.5069	70	34	222	
89.568	70	36	221	
89.625	70	36	221	
89.682	71	37	220	
89.7365	73	39	218	
89.7869	73	39	218	
89.8372	73	39	218	
89.8876	73	39	218	
89.9379	73	39	218	
89.9882	72	37	218	
90.0424	72	36	217	
90.0984	71	34	217	
90.1592	71	34	217	
90.22	69	36	217	
90.2779	69	38	216	
90.3322	69	38	216	
90.3866	69	38	216	
90.4409	69	38	216	
90.4952	68	36	216	
90.5539	68	36	216	
90.6125	67	35	220	
90.6736	66	34	224	
90.7374	66	34	224	
90.8013	66	34	224	
90.8651	67	35	223	
90.926	67	35	223	
90.9869	67	35	223	
91.0477	67	35	223	
91.1086	68	36	222	
91.1668	66	32	222	
91.236	66	32	222	
91.3053	65	33	222	
91.3726	65	33	222	
91.4399	64	31	222	
91.5139	65	32	221	
91.584	65	32	221	
91.6542	65	32	221	
91.7243	65	32	221	
91.7945	65	32	221	
91.8646	65	32	221	
91.9348	65	32	221	
92.0049	65	32	221	
92.0751	64	30	221	
92.1525	65	31	220	
92.2258	64	32	220	
92.2969	63	30	220	
92.3754	63	30	220	
92.4539	63	30	220	
92.5324	63	30	220	
92.6109	63	30	220	
92.6895	63	30	220	
92.768	63	30	220	
92.8465	64	31	219	
92.9207	64	31	222	
92.9947	65	32	221	
93.0649	64	30	221	
93.1423	62	29	221	
93.2256	62	29	221	
93.3088	62	29	221	
93.3921	61	27	224	
93.4851	61	27	224	
93.5781	61	27	224	
93.6712	61	27	227	
93.764	61	27	227	
93.8568	61	27	227	
93.9495	61	27	227	
94.0423	60	28	227	
94.1316	60	28	227	
94.2209	61	28	225	
94.3091	62	29	224	
94.3921	62	31	223	
94.468	62	31	223	
94.5438	62	31	223	
94.6196	61	30	227	
94.6996	61	30	227	
94.7796	62	31	226	
94.8551	61	29	226	
94.939	61	29	226	
95.023	60	27	226	
95.1171	58	25	234	
95.2247	58	25	234	
95.3323	58	25	234	
95.44	59	26	233	
95.5402	60	27	232	
95.6338	60	27	232	
95.7275	59	25	232	
95.8337	58	25	239	
95.9409	58	25	239	
96.0482	59	27	241	
96.1424	59	27	241	
96.2366	59	27	241	
96.3309	60	29	243	
96.4146	61	30	242	
96.4934	61	30	242	
96.5723	61	30	242	
96.6511	61	30	242	
96.7299	62	31	241	
96.8044	62	31	241	
96.8788	62	31	241	
96.9532	60	30	241	
97.0332	60	30	241	
97.1131	61	31	240	
97.1886	61	30	239	
97.2677	61	30	239	
97.3467	62	31	238	
97.4214	64	33	236	
97.4884	64	33	236	
97.5555	64	33	236	
97.6225	64	33	236	
97.6896	63	31	236	
97.7635	65	33	234	
97.8298	65	33	234	
97.8962	65	33	234	
97.9626	64	32	238	
98.0324	64	32	238	
98.1021	63	31	242	
98.1755	62	30	246	
98.253	62	29	245	
98.3344	62	29	245	
98.4158	61	30	245	
98.4944	61	32	244	
98.5664	60	30	247	
98.6459	60	30	247	
98.7255	60	30	247	
98.805	60	30	247	
98.8845	60	30	247	
98.964	59	31	247	
99.041	60	32	246	
99.1138	60	32	246	
99.1865	60	32	246	
99.2593	59	30	246	
99.34	59	30	246	
99.4207	60	31	245	
99.4968	60	31	245	
99.5729	61	32	244	
99.6448	61	32	244	
99.7168	61	31	243	
99.7921	60	29	243	
99.8758	60	29	243	
99.9595	61	30	242	
100	61	30	242	
