1319	9197	25136	
1356	9136	25003	
1361	9094	25118	
1384	9336	24992	
1370	9227	24982	
1308	9168	25229	
1306	9082	25111	
1326	9115	25123	
1349	9244	25016	
1355	9125	25023	
1400	9232	24969	
1373	9041	25088	
1332	9234	24949	
1360	9198	25053	
1369	9231	24991	
1355	9286	25009	
1381	9280	24944	
1373	9272	24912	
1394	9272	24972	
1404	9214	24954	
1333	9261	25054	
1335	9152	25104	
1420	9255	25011	
1355	9283	25045	
1403	9213	25065	
1390	9238	25083	
1346	9041	25227	
1417	9276	24958	
1291	9168	24990	
1272	9309	24872	
1473	9343	24776	
1289	9240	25029	
1366	9116	25142	
1388	9261	24948	
1309	9146	25125	
1305	9177	25033	
1305	9200	25059	
1401	9173	25137	
1365	9203	25084	
1267	9320	24956	
1370	9255	24997	
1321	9210	25128	
1381	9042	25066	
1347	9189	25094	
1389	9217	25004	
1381	9322	24806	
1330	9262	25050	
1345	9214	24978	
1324	9181	25015	
1357	9237	25028	
1398	9181	25085	
1392	9196	25167	
1379	9310	24862	
1301	9288	25029	
1348	9067	25168	
1401	9305	24964	
1376	9295	24896	
1331	9281	24927	
1386	9248	25093	
1327	9219	25015	
1340	9217	25065	
1314	9223	25053	
1350	9049	24979	
1314	9134	25194	
1342	9101	25107	
1344	9207	25028	
1333	9210	25031	
1432	9106	25133	
1362	9023	25051	
1395	9243	24973	
1306	9170	25094	
1311	9137	24904	
1314	9196	24990	
1330	9340	24937	
1322	9151	25102	
1339	9181	25079	
1302	9435	24762	
1295	9193	25051	
1373	9195	25121	
1356	9147	25068	
1350	9349	24922	
1391	9159	25122	
1368	9125	25166	
1366	9427	24931	
1333	9065	25084	
1354	9090	24982	
1340	9093	25135	
1420	9146	24982	
1333	9186	25059	
1374	9092	25157	
1411	9182	24839	
1350	9198	25186	
1353	9206	24986	
1404	9162	25103	
1332	9250	25002	
1409	9152	25089	
1343	9232	25056	
1422	9219	25096	
1361	9173	24949	
1329	9182	24929	
1304	9158	24968	
1375	9110	25071	
1322	9242	25050	
1318	9261	24970	
1338	9189	25098	
1389	9326	24982	
1346	9067	25168	
1373	9160	25065	
1436	9303	24994	
1326	9173	25008	
1382	9162	25037	
1320	9105	25133	
1317	9110	25127	
1303	9240	25184	
1387	9286	25067	
1336	9168	25030	
1361	9269	24880	
1340	9246	24887	
1381	9145	25135	
1310	9226	25080	
1360	9133	25170	
1333	9281	25044	
1421	9155	25073	
1270	9273	25046	
1393	9277	24901	
1373	9043	25161	
1311	9126	25100	
1414	9026	25172	
1342	9247	25031	
1339	9227	24908	
1387	9070	25038	
1397	9134	25111	
1380	9215	24930	
1324	9175	25031	
1335	9178	25076	
1354	9263	24961	
1376	9101	25215	
1311	9141	25053	
1238	9203	24987	
1371	9124	25316	
1349	9168	25054	
1358	9124	25170	
1434	9064	25111	
1378	9186	25058	
1306	9186	25089	
1373	9028	25280	
1374	9264	24984	
1404	9180	25045	
1380	9184	25021	
1400	9261	25014	
1419	9241	25086	
1391	9175	25011	
1399	9278	25037	
1384	9201	25094	
1375	9246	25106	
1322	9330	25005	
1322	9192	25024	
1327	9233	24948	
1327	9137	25027	
1376	9154	25109	
1329	9122	25177	
1275	9035	25258	
1359	9338	24978	
1429	9076	25261	
1295	9104	25187	
1339	9138	25134	
1368	9033	25116	
1400	9193	25044	
1380	9242	25074	
1390	9207	25061	
1367	9130	25117	
1409	9165	25069	
1382	9217	25022	
1328	9352	24841	
1366	9170	25077	
1361	9268	25030	
1396	9105	25061	
1333	9196	25030	
1341	9163	25099	
1288	9134	25201	
1348	9156	25029	
1309	9277	24968	
1381	9174	25125	
1305	9147	25117	
1318	9438	24862	
1307	9171	24956	
1403	9136	25035	
1356	9131	25126	
1373	9218	24957	
1312	9190	25012	
1356	9225	25094	
1343	9236	25036	
1351	9163	25134	
1426	9170	25043	
1321	9161	25156	
1398	9262	25103	
1363	9157	25146	
1384	9250	25002	
1284	9230	24970	
1396	9298	24904	
1393	9067	25030	
1385	9167	24972	
1357	9444	24814	
1313	9068	25140	
1374	9103	25212	
1346	9053	25045	
1367	9234	24899	
1428	9177	24914	
1379	9218	25088	
1370	9139	25111	
1400	9063	25184	
1345	9018	25068	
1345	9121	25101	
1308	9135	25182	
1339	9205	25133	
1374	9229	25063	
1344	9224	25075	
1383	9243	24988	
1310	9235	25052	
1315	9110	25081	
1354	9111	25116	
1375	9427	24811	
1356	9096	25040	
1351	9178	25120	
1434	9156	25024	
1364	9165	25092	
1328	9244	24951	
1317	9207	24961	
1356	9130	25070	
1323	9121	25115	
1262	9308	24944	
1385	9170	25064	
1358	9376	24927	
1366	9144	25081	
1384	9202	24918	
1395	9321	24808	
1354	9197	25161	
1379	9098	25056	
1322	9176	25164	
1360	9348	24812	
1326	9139	25085	
1325	9309	24932	
1404	9398	24870	
1313	9141	25033	
1326	9262	25068	
1438	9177	24968	
1307	8953	25269	
1398	9205	25021	
1396	9259	24853	
1319	9208	25068	
1350	9470	24849	
1284	9242	24997	
1365	9193	25061	
1383	9073	25084	
1276	9129	25129	
1314	9140	25033	
1384	9193	25104	
1356	9230	25031	
1365	9191	24977	
1309	9226	25087	
1343	9079	25136	
1397	9186	24966	
1306	9288	25000	
1415	9278	24907	
1339	9288	24930	
1377	9204	25094	
1403	9260	24900	
1375	9104	25052	
1327	9111	25150	
1369	9241	25240	
1349	9062	25227	
1327	9326	24811	
1277	9178	25191	
1269	9015	25245	
1369	9201	25016	
1393	9253	24942	
1368	9122	25122	
1349	9097	25118	
1322	9089	24986	
1368	9108	25212	
1354	9100	25014	
1441	9166	25089	
1343	9301	24818	
1364	9284	24984	
1387	9236	25031	
1390	9085	25130	
1334	8979	25235	
1416	9324	24937	
1337	9296	24921	
1343	9173	24995	
1372	9082	25178	
1352	9157	24988	
1404	8964	25182	
1374	9166	25098	
1380	9107	25124	
1387	9121	25196	
1362	9307	24916	
1343	9157	25029	
1383	9376	24935	
1326	9113	25037	
1361	9116	25067	
1357	9157	25198	
1289	9201	25142	
1306	9234	25052	
1363	9258	24943	
1407	9319	24980	
1308	9078	25148	
1397	9189	24918	
1401	9208	24994	
1341	9209	25094	
1356	9120	25188	
1353	9135	25168	
1403	9313	24916	
1348	9197	24977	
1363	9234	25086	
1372	9077	25064	
1358	9170	25118	
1346	9234	25054	
1297	9270	24938	
1362	9155	25142	
1384	9219	25013	
1324	9280	25046	
1400	9260	24973	
1321	9147	25096	
1433	9037	25198	
1296	9129	25203	
1339	9250	25116	
1379	9067	25140	
1302	9264	24972	
1373	9032	25061	
1395	9286	24992	
1373	9199	24963	
1305	9145	25084	
1341	9063	25164	
1304	9153	25098	
1362	9314	24869	
1396	9126	25030	
1285	9370	24972	
1351	9047	25090	
1366	9320	24908	
1336	9201	25029	
1297	9172	25152	
1362	9337	24927	
1338	9100	24999	
1371	8935	25326	
1358	9186	25041	
1354	9172	24992	
1380	9280	24942	
1389	9270	25084	
1366	9281	24985	
1439	9135	25039	
1359	9092	25225	
1383	9269	25003	
1306	9237	24946	
1440	9082	25010	
1424	9176	25056	
1376	9141	25100	
1374	9238	24985	
1304	9085	25140	
1367	9254	25019	
1343	9141	24998	
1374	9188	25027	
1347	9288	24986	
1363	9262	24964	
1388	9259	24965	
1345	9251	25038	
1329	9111	25071	
1309	9438	24860	
1311	9307	25011	
1301	9233	24956	
1304	9173	24974	
1328	9016	25241	
1368	9175	25114	
1418	9074	25077	
1325	9087	25073	
1319	9250	24897	
1316	9112	25090	
1264	9154	25221	
1405	9081	25107	
1379	9248	24958	
1361	9107	25163	
1386	9165	25059	
1329	9097	25179	
1357	9210	25091	
1364	9245	24995	
1333	9234	25067	
1431	9186	25006	
1368	9207	24963	
1320	9310	24917	
1328	9182	25047	
1293	9198	25072	
1345	9196	25031	
1328	9198	25114	
1347	9189	25013	
1383	9240	25014	
1337	9210	25085	
1393	9049	25194	
1358	9181	24997	
1361	9079	25199	
1329	9156	25089	
1351	9235	25062	
1277	9186	25082	
1348	9115	24988	
1363	9108	25033	
1321	9062	25092	
1330	9148	25270	
1334	9299	24994	
1304	9290	25059	
1375	9225	25001	
1333	9073	25148	
1365	9169	25008	
1325	9213	25127	
1415	9043	25113	
1361	9075	25151	
1356	9236	25103	
1342	9197	25072	
1298	9198	25024	
1325	9135	25195	
1348	9214	25031	
1374	9099	25098	
1435	9225	24963	
1405	9051	25166	
1331	9351	24971	
1374	9145	25089	
1314	9257	24957	
1351	9172	25109	
1356	9177	25079	
1389	9188	25137	
1402	9132	24961	
1403	9140	25119	
1351	9253	25004	
1353	9122	25120	
1353	9141	25124	
1409	9199	25030	
1392	9215	24976	
1301	9026	25191	
1303	9259	24947	
1358	9254	24993	
1324	9204	25021	
1368	9023	25126	
1306	9194	24940	
1392	9349	25056	
1290	9198	25102	
1323	9268	25065	
1295	9081	25087	
1397	9181	25094	
1326	9183	25024	
1338	9176	25022	
1327	9246	24998	
1337	9065	25213	
1284	9335	24878	
1355	9206	24952	
1343	9375	24917	
1348	9305	24954	
1390	9161	25053	
1405	9261	24939	
1354	9199	24900	
1349	9345	24797	
1356	9292	24860	
1373	9325	24878	
1292	9203	25037	
1357	9144	25152	
1350	9152	24993	
1374	9131	25058	
1316	9212	25132	
1408	9108	25042	
1392	9234	25072	
1408	9279	24899	
1405	9257	25116	
1402	9017	25150	
1317	9121	25061	
1313	9209	25110	
1383	9170	24929	
1369	9199	25038	
1380	9051	25067	
1394	9337	24882	
1318	9201	25093	
1344	9111	25157	
1284	9247	25176	
1400	9352	24853	
1308	9137	25112	
1364	9224	25056	
1334	9207	25102	
1384	9111	25090	
1357	9281	24807	
1350	9242	25075	
1354	9220	25108	
1314	9248	24975	
1300	9262	24934	
1338	9190	25099	
1343	9275	25090	
1401	9070	25054	
1306	9176	25162	
1374	9123	25104	
1375	9228	25010	
1364	9064	25064	
1300	9261	24999	
1347	9148	25120	
1326	9332	24950	
1355	9280	24985	
1312	9108	25055	
1381	9144	25059	
1304	9136	25119	
1317	9114	25167	
1389	9232	24960	
1317	9245	25097	
1417	9175	25141	
1363	9229	24969	
1380	9237	25073	
1382	9143	25061	
1324	9222	25078	
1330	9175	25048	
1339	9376	24938	
1318	9141	25131	
1346	9331	24917	
1373	9290	24928	
1372	9162	24984	
1341	9343	24886	
1332	9257	24959	
1314	9446	24856	
1344	9087	25086	
1337	9122	25091	
1363	9305	24936	
1384	9136	25042	
1420	9140	25094	
1356	9275	24868	
1363	9161	24971	
1305	9370	24922	
1346	9208	24985	
1268	9193	25157	
1274	9335	24911	
1338	9271	25031	
1355	9144	25052	
1325	9060	25151	
1345	9261	24991	
1323	9157	25128	
1284	9205	25088	
1377	9289	25000	
1305	9299	24961	
1352	9297	24989	
1326	9097	25142	
1349	9186	24933	
1308	9139	25112	
1412	9174	25115	
1324	9172	25099	
1385	9325	24936	
1405	9266	25056	
1457	9129	24868	
1277	8954	25161	
1266	9094	25116	
1388	9169	25112	
1385	9228	25058	
1279	9211	25047	
1300	9085	25179	
1343	9162	25030	
1346	9134	25016	
1361	9228	25016	
1371	9148	25049	
1363	9220	25103	
1384	9222	25035	
1321	9180	25012	
1349	9208	24993	
1313	9315	24944	
1371	9087	25124	
1331	9150	25018	
1358	9141	25138	
1322	9167	25132	
1331	9432	24842	
1290	9173	25065	
1356	9192	24982	
1386	9138	25121	
1382	9222	24987	
1343	9269	25074	
1409	9104	25060	
1287	9095	25112	
1413	9157	25040	
1322	9359	24931	
1320	9189	25071	
1284	9050	25098	
1318	9109	25174	
1422	9240	25045	
1268	9120	25069	
1355	9207	25107	
1314	9276	25073	
1318	9132	25076	
1342	9074	25273	
1356	9226	24950	
1412	9246	24987	
1413	9059	25045	
1362	9241	24985	
1341	9161	25204	
1395	9142	25075	
1357	9128	25053	
1424	9091	25219	
1332	9309	24933	
1370	9149	25053	
1341	9270	25117	
1408	9222	24893	
1368	9106	25059	
1408	9056	25135	
1361	9257	24945	
1374	9132	25217	
1386	9254	24869	
1368	9248	24994	
1336	9215	25003	
1384	9200	25124	
1305	9106	25129	
1358	9141	25015	
1396	9315	24950	
1354	9190	25103	
1412	9108	25087	
1317	9210	24951	
1422	9139	25053	
1307	9093	25206	
1373	9124	25084	
1420	9283	24903	
1374	9077	25144	
1350	9316	24835	
1316	9157	25109	
1323	9129	25052	
1372	9148	25031	
1353	9222	25074	
1306	9232	25010	
1317	9175	25059	
1402	9278	24952	
1279	9324	24993	
1338	9243	25003	
1351	9273	24888	
1326	9260	24965	
1355	9177	25029	
1334	9307	25014	
1299	9193	25055	
1397	9076	25040	
1319	9299	24994	
1347	9219	25017	
1284	9054	25229	
1390	9107	25195	
1361	9277	25042	
1353	9269	25062	
1318	9141	24965	
1359	9020	25246	
1391	9132	25227	
1370	9189	25107	
1278	9166	24959	
1339	9102	25033	
1413	9238	24987	
1323	9123	25126	
1376	9238	24877	
1326	9202	25064	
1364	9174	25017	
1316	9140	25191	
1323	9145	25056	
1373	9088	25100	
1292	9211	24936	
1398	9290	24923	
1368	9134	25036	
1355	9241	24909	
1428	9266	25071	
1260	9130	25191	
1349	9075	25130	
1383	9096	25117	
1327	9133	25047	
1371	9248	25019	
1390	9049	25286	
1323	9182	25010	
1297	9188	25024	
1373	9140	24989	
1285	9374	24915	
1388	9097	25073	
1377	9274	24929	
1362	9141	25074	
1349	9024	25207	
1345	9271	24891	
1349	9101	25066	
1349	9206	24998	
1421	9208	25101	
1385	9113	25131	
1390	9212	24966	
1367	9273	25035	
1342	9198	25114	
1390	9214	25010	
1319	9140	25076	
1346	9137	25139	
1311	9140	25108	
1334	9193	24959	
1317	9271	25031	
1282	9314	24868	
1376	9183	25036	
1376	9287	24941	
1331	9254	25028	
1368	9304	24946	
1346	9190	24989	
1307	9269	25052	
1362	9186	25063	
1335	9237	25054	
1391	9028	25104	
1332	9334	24976	
1287	9329	24886	
1313	9247	25014	
1402	9195	25052	
1297	9320	24915	
1372	9192	25050	
1373	9222	25051	
1353	9110	25175	
1333	9139	25126	
1322	9283	24924	
1377	8997	25192	
1419	9186	25003	
1304	9139	25048	
1348	9133	25171	
1358	9158	25097	
1303	9213	25021	
1318	9033	25249	
1390	9072	25227	
1307	9208	25085	
1374	9334	24848	
1353	9283	25025	
1332	9319	25006	
1312	9108	25273	
1332	9098	25156	
1367	9290	25039	
1341	9159	25004	
1347	9311	24995	
1359	9205	25018	
1361	9281	24997	
1334	9144	25071	
1249	9184	25122	
1330	9017	25198	
1267	9255	24961	
1311	9264	24929	
1397	9149	25044	
1377	9293	24966	
1365	9133	25079	
1307	9329	24998	
1368	9117	25115	
1381	9206	24910	
1267	9256	25190	
1405	9111	25092	
1378	9192	24985	
1395	9357	24850	
1381	9172	25134	
1331	9196	25007	
1361	9239	25035	
1347	9091	25171	
1351	9267	24956	
1385	9255	25005	
1351	9137	25072	
1343	9350	24906	
1331	9284	24914	
1375	9069	25109	
1335	9222	25005	
1376	9153	25159	
1347	9174	25032	
1390	9386	24905	
1348	9071	25170	
1421	9197	25001	
1376	9202	25049	
1344	9277	25021	
1409	8901	25247	
1449	9270	24886	
1356	9260	25112	
1356	9361	24969	
1316	9177	25121	
1439	9233	24990	
1316	9226	25025	
1332	9147	25140	
1304	9153	25082	
1304	9100	25157	
1274	9345	24897	
1377	9171	25088	
1371	9296	25030	
1294	9146	25116	
1345	9351	24879	
1349	9158	25121	
1331	9142	25120	
1336	9287	25069	
1347	9120	24988	
1336	9236	25074	
1338	9264	25200	
1320	9290	25064	
1354	9351	24957	
1410	9146	25073	
1427	9139	25194	
1328	9275	25095	
1300	9331	25000	
1373	9207	25010	
1402	8959	25248	
1397	9091	25065	
1320	9164	25083	
1399	9239	25023	
1307	9278	25062	
1360	9319	24927	
1406	9163	25012	
1308	9151	24985	
1330	9273	25039	
1357	9285	25009	
1304	9255	24947	
1339	9198	25138	
1313	9261	24988	
1411	9280	25037	
1368	9103	25124	
1353	9085	25111	
1391	9204	25092	
1337	9245	24951	
1339	9265	24858	
1337	9196	25055	
1365	9253	25035	
1372	9053	25151	
1424	9114	25053	
1315	9212	25078	
1376	9103	25145	
1383	9198	24901	
1343	9220	25007	
1425	9172	24988	
1303	9218	25111	
1367	9204	25085	
1360	9136	24939	
1340	9213	24924	
1373	9040	25200	
1334	9309	24985	
1362	9192	25019	
1271	9254	24962	
1316	9366	24963	
1344	9272	25032	
1363	9071	25233	
1416	9263	24915	
1383	9252	25040	
1343	9088	25147	
1336	9200	25016	
1339	9306	25032	
1354	9141	24991	
1361	9147	24989	
1359	9145	25030	
1349	9234	24954	
1299	9111	25094	
1376	9206	25047	
1348	9155	25004	
1351	9148	24994	
1388	9216	25007	
1388	9112	25136	
1329	9279	24945	
1405	9262	24949	
1290	9167	25093	
1291	9262	24963	
1352	9157	25074	
1216	9167	24984	
1380	9094	25127	
1354	9271	24896	
1381	9251	24942	
1433	9039	25054	
1431	9238	24918	
1401	9270	25082	
1328	9208	25034	
1364	9110	25259	
1372	9093	25119	
1393	9169	25064	
1328	9136	25109	
1287	9238	24965	
1381	8999	25167	
1410	9185	25001	
1379	9189	25022	
1316	9302	24967	
1347	9295	24989	
1401	9076	25207	
1307	9171	25043	
1303	9175	25025	
1309	9130	25079	
1356	9281	24965	
1361	9209	25078	
1405	9120	25012	
1319	9097	25104	
1430	9184	25064	
1383	9289	24865	
1347	9190	25070	
1352	9194	25014	
1327	9196	25000	
1394	9384	24824	
1327	9203	25070	
1351	9127	25062	
1354	9312	24884	
1313	9184	25010	
1337	9108	25185	
1340	9180	25017	
1245	9009	25281	
1317	9197	25031	
1408	9081	25108	
1316	9251	25054	
1347	9235	24931	
1450	9178	24971	
1311	9253	24989	
1393	9099	25081	
1308	9088	25059	
1438	9226	25009	
1311	9262	25018	
1390	9213	25060	
1408	9134	25118	
1340	9224	24977	
1337	9292	24945	
1384	9276	24991	
1344	9232	25156	
1352	9421	24827	
1357	9196	25094	
1310	9297	24959	
1428	9059	25068	
1319	9264	25083	
1358	9150	25115	
1327	9164	25055	
1344	9104	25083	
1340	9059	25149	
1357	9137	25158	
1397	9218	24865	
1310	9150	25062	
1440	9133	25045	
1385	9138	25075	
1428	9178	25084	
1394	9296	25026	
1417	9138	25031	
1401	9185	25032	
1359	9164	25056	
1319	9219	25023	
1359	9260	25020	
1364	8990	25169	
1335	9178	25129	
1353	9226	24916	
1359	9124	25137	
1339	9205	25023	
1297	9190	25103	
1385	9248	25123	
1317	9250	24953	
1350	9123	24971	
1368	9178	24988	
1262	9270	25044	
1365	9131	25050	
1338	9295	25010	
1309	9330	24918	
1322	9027	25301	
1398	9188	25009	
1340	9386	24857	
1363	9227	25001	
1319	9272	24973	
1405	9085	24998	
1400	9182	25018	
1333	9168	24923	
1345	9073	25176	
1359	9091	25090	
1328	9216	25035	
1325	9158	25120	
1401	9190	25122	
1430	9095	25013	
1373	9350	24860	
1354	9198	25067	
1371	9014	25095	
1324	9134	25177	
1302	9215	24966	
1347	9103	25210	
1292	9274	24934	
1352	9330	24945	
1349	9183	25096	
1381	9107	25182	
1369	9096	25149	
1351	9342	24927	
1366	9217	25101	
1393	9365	24924	
1332	9311	25008	
1334	9127	25127	
1375	9213	24989	
1373	9233	24904	
1374	9100	25058	
1310	9175	25059	
1345	9332	25028	
1293	9314	24978	
1393	9147	25134	
1383	9264	24952	
1320	9072	25160	
1362	9151	25014	
1406	9039	25071	
1401	9210	25109	
1351	9066	25105	
1363	9207	25033	
1395	9104	25156	
1398	9172	25146	
1269	9140	25153	
1416	9284	24964	
1305	9139	25198	
1355	9094	25189	
1407	9099	25086	
1356	9299	24970	
1331	9223	24921	
1379	9134	24999	
1321	9149	25196	
1359	9160	25020	
1318	9256	24980	
1454	9186	24916	
1352	9157	25169	
1410	9089	25061	
1359	9014	25143	
1339	9051	25129	
1419	9090	25062	
1342	9104	25022	
1389	9058	25172	
1276	9241	24998	
1353	9230	25073	
1321	9150	25005	
1338	9189	25158	
1368	9171	25079	
1365	9155	25144	
1449	9122	25106	
1311	9114	25047	
1359	9111	25212	
1284	9294	25063	
1337	9269	25018	
1346	9230	25102	
1352	9199	25065	
1360	9326	24915	
1363	9319	24917	
1308	9091	25213	
1327	9214	25073	
1271	9154	25158	
1353	9166	25180	
1372	9266	25046	
1395	9149	24913	
1367	9237	25097	
1269	9245	25089	
1376	9101	25050	
1406	9111	25144	
1360	9337	24860	
1458	9301	24884	
1380	9031	25188	
1363	9124	25117	
1347	9046	25129	
1347	9225	25020	
1387	9222	24949	
1332	9159	25110	
1396	9023	25240	
1404	9251	24970	
1278	9185	25109	
1330	9315	25068	
1316	9257	24935	
1322	9274	25003	
1406	9060	25080	
1366	9201	25037	
1348	9101	25069	
1347	9179	25097	
1364	9315	25004	
1312	9038	25071	
1366	9285	24866	
1348	9156	25196	
1331	9172	25028	
1374	9153	25066	
1355	9133	25054	
1351	9120	25158	
1354	9221	25040	
1321	9169	25009	
1361	9199	25022	
1370	9311	24923	
1309	9133	25188	
1311	9142	24964	
1349	9137	25027	
1358	9251	24967	
1370	9232	25001	
1428	9146	25138	
1326	9356	24885	
1429	9087	25166	
1329	9006	25247	
1410	9148	25009	
1376	9177	25086	
1415	9100	25165	
1383	9108	25030	
1370	9240	24953	
1322	9158	25061	
1330	9273	24943	
1337	8989	25190	
1322	9110	25151	
1358	9295	24966	
1297	9321	24895	
1311	9207	25119	
1364	9118	25135	
1278	9343	24946	
1325	9222	24966	
1376	9115	25161	
1287	9303	24998	
1356	9170	25062	
1395	9050	25092	
1354	9141	25215	
1308	9291	24984	
1338	9119	25010	
1355	9269	25028	
1369	9107	25024	
1411	9230	25123	
1408	9193	25014	
1372	9188	24979	
1298	9111	25168	
1390	9077	25179	
1341	9228	24971	
1427	9033	25153	
1380	9266	25032	
1341	9127	25070	
1334	9176	25072	
1312	9292	24992	
1356	9307	24879	
1320	8989	25159	
1273	9084	25230	
1311	9171	25040	
1363	9245	25051	
1350	9134	25164	
1420	9228	24971	
1358	8976	25158	
1337	9148	25044	
1378	9188	25018	
1339	9204	25060	
1345	9303	25054	
1350	9062	25129	
1366	9258	25018	
1358	9252	24948	
1313	9219	25052	
1357	9203	25084	
1360	9256	24921	
1343	9228	25123	
1341	9065	25277	
1342	9280	25023	
1404	9178	24912	
1339	9035	25123	
1365	9195	25035	
1357	9057	25095	
1318	9409	24777	
1390	9292	25028	
1396	9190	24923	
1335	9210	24985	
1335	9315	24978	
1405	9241	24967	
1383	9378	24846	
1342	9152	25121	
1369	9131	25110	
1338	8946	25222	
1385	9264	25041	
1356	9183	24998	
1327	9098	25090	
1275	9340	25013	
1334	9266	25084	
1461	9217	24988	
1376	9154	25126	
1366	9059	25083	
1349	9172	25037	
1300	9108	25111	
1379	9269	25034	
1439	9178	25150	
1340	9143	25111	
1339	9311	24975	
1270	9096	25101	
1318	9237	24926	
1362	9149	25039	
1397	9218	25075	
1319	9191	25088	
1368	9318	24890	
1283	9217	25022	
1330	9233	24967	
1355	9190	25003	
1353	9142	25188	
1321	9281	24949	
1391	9154	25018	
1335	9313	24986	
1333	9231	25036	
1340	9025	25177	
1288	9076	25261	
1367	9262	24964	
1346	9308	25016	
1398	9020	25219	
1332	9257	25017	
1377	9163	25178	
1397	9082	25072	
1347	9129	25127	
1413	9176	25044	
1288	9168	25108	
1448	9219	25103	
1416	9207	25025	
1302	9173	25079	
1352	9203	24935	
1325	9231	25116	
1327	9228	25021	
1387	9136	25216	
1312	9189	25035	
1319	9082	25062	
1317	9306	24916	
1417	9082	25209	
1334	9267	25015	
1357	9199	24975	
1376	9307	25001	
1360	9141	25101	
1333	9269	24972	
1372	9268	24929	
1354	9250	24971	
1322	9250	25029	
1382	9213	25091	
1357	9237	24998	
1387	9235	25028	
1309	9193	25102	
1332	9230	25058	
1392	9182	25070	
1362	9172	25085	
1417	9257	25038	
1352	9299	24842	
1408	9214	25002	
1358	9171	25014	
1372	9305	24806	
1369	9214	25030	
1442	9206	25006	
1349	9036	25198	
1425	9179	25125	
1331	9078	25055	
1355	9332	24879	
1299	9160	25155	
1359	9267	24947	
1366	9119	25136	
1348	9191	25167	
1344	9217	25062	
1355	9208	24988	
1363	9096	25088	
1384	9329	24952	
1373	9089	25064	
1363	9225	25151	
1346	9151	25091	
1359	9372	24713	
1290	9178	25151	
1323	9264	25099	
1387	9174	25154	
1339	9046	25261	
1324	9325	24981	
1347	9159	25022	
1372	9104	25078	
1372	9202	25029	
1394	9297	24850	
1282	9185	25077	
1311	9271	25086	
1340	9110	25130	
1309	9262	24929	
1317	9205	25047	
1310	9085	25115	
1374	9155	25059	
1378	9263	24878	
1366	9110	25086	
1333	9181	25126	
1359	9110	25080	
1291	9232	25188	
1341	9057	25175	
1350	9222	25075	
1423	9211	25077	
1431	9187	25091	
1301	9271	25030	
1382	9169	24999	
1416	9154	25050	
1325	9147	25032	
1414	9158	24995	
1366	9169	25029	
1320	9244	24972	
1371	9098	25181	
1429	9204	25076	
1415	9177	25149	
1421	9229	24995	
1351	9334	24900	
1385	9180	25096	
1342	9200	25132	
1354	9176	25044	
1333	9214	24969	
1338	9212	25001	
1357	9279	25105	
1300	9260	25043	
1320	8983	25294	
1354	9220	25124	
1354	9287	24919	
1309	9170	25125	
1270	9094	25133	
1334	9205	24971	
1359	9154	24982	
1352	9117	25034	
1400	9200	25024	
1361	9098	25131	
1347	8999	25273	
1396	9282	24940	
1409	9180	24973	
1362	9179	25007	
1299	9214	25038	
1319	9041	25129	
1375	9331	24807	
1379	9211	24967	
1386	9122	25063	
1360	9180	25044	
1308	9315	24942	
1395	9116	25071	
1386	9261	24968	
1432	9172	25046	
1351	9161	25165	
1331	9212	24939	
1376	9177	25108	
1361	9154	25049	
1364	9136	25173	
1378	9148	25222	
1384	9377	24879	
1409	9170	24993	
1332	9276	25082	
1365	9191	24960	
1382	9033	25204	
1347	9253	24930	
1337	9183	25018	
1411	9247	25013	
1356	9264	24972	
1340	9265	24993	
1311	9120	25136	
1327	9264	25063	
1399	9229	25094	
1256	9083	25234	
1290	9161	24967	
1396	9228	25016	
1353	9127	25089	
1332	9193	25144	
1308	9177	25025	
1315	9213	25077	
1371	9219	25007	
1338	9209	25042	
1351	9165	24958	
1373	9108	25120	
1364	9210	25035	
1301	9197	25107	
1342	9196	25123	
1361	9140	25010	
1399	9218	25101	
1388	9197	25083	
1350	9191	25134	
1325	9117	25151	
1288	9211	25139	
1359	9169	25120	
1333	9076	25219	
1337	9113	25069	
1350	8983	25150	
1290	9244	25002	
1275	9258	25154	
1369	9157	25023	
1412	9195	25035	
1337	9186	25038	
1301	9118	25170	
1376	9102	25120	
1331	9184	25049	
1375	9134	25079	
1428	9255	24892	
1358	9255	25030	
1315	9329	24920	
1363	9164	24979	
1374	9328	24883	
1272	9161	25063	
1339	9103	25189	
1355	9135	25056	
1366	9150	25131	
1304	9236	25018	
1304	9077	25246	
1291	9235	25049	
1367	9099	25132	
1349	9146	25077	
1361	9207	25033	
1374	9174	25087	
1353	9260	24972	
1292	9128	25147	
1363	9263	25021	
1354	9021	25175	
1302	9262	25053	
1418	9211	25047	
1369	9271	24958	
1400	9124	25010	
1364	9266	24961	
1379	9156	24982	
1334	9291	24943	
1389	9058	25140	
1353	9006	25196	
1320	9199	25170	
1327	9300	24950	
1371	9015	25101	
1425	9175	24920	
1464	8986	25182	
1247	9401	24898	
1324	9162	25122	
1384	9147	25018	
1373	9294	24962	
1376	9216	25118	
1390	9126	25110	
1308	9152	25125	
1361	9162	25071	
1360	9335	24924	
1371	9121	25168	
1356	9298	24863	
1325	9175	25021	
1298	9277	25087	
1354	9239	25074	
1334	9104	25178	
1351	9180	25037	
1317	9226	25082	
1300	9164	25047	
1299	9243	25010	
1361	9214	25108	
1388	9302	24943	
1335	9290	24914	
1419	9060	25080	
1406	9048	25104	
1379	9103	25059	
1381	9238	25064	
1361	9394	24845	
1389	9166	25084	
1375	9253	25015	
1374	9088	25117	
1379	9182	25033	
1339	9241	24955	
1289	9239	24978	
1340	9281	25031	
1355	9156	25020	
1469	9104	25087	
1320	9197	25073	
1411	9170	25052	
1386	9167	25071	
1366	9259	25040	
1274	9093	25328	
1335	9085	25134	
1441	9298	24943	
1359	9167	25004	
1273	9202	25134	
1257	9327	25048	
1346	9154	25126	
1387	9168	25083	
1399	9293	25008	
1359	9158	25116	
1324	9114	25102	
1317	9111	25110	
1369	9237	24976	
1371	9136	25106	
1336	9200	24958	
1408	9112	25035	
1393	9155	25133	
1305	9198	24998	
1409	9182	25022	
1343	9044	25077	
1409	9270	25034	
1365	9164	25061	
1413	9166	25115	
1325	9145	25039	
1357	9240	24970	
1375	9389	24859	
1357	9262	24964	
1409	9118	25104	
1340	9109	25162	
1425	9261	24998	
1372	9243	24937	
1406	9204	24989	
1324	9168	24907	
1395	9274	25003	
1340	9330	24908	
1317	9307	24824	
1312	9127	25246	
1390	9357	24917	
1347	9239	24892	
1380	9175	25077	
1311	9056	25118	
1360	9211	24935	
1349	9241	24970	
1375	9226	25037	
1345	9155	25042	
1383	9028	25182	
1342	9276	24895	
1350	9198	24974	
1381	9188	24981	
1339	9183	25038	
1421	9145	25128	
1355	9247	24963	
1381	9062	25157	
1319	9174	25126	
1361	9099	24995	
1356	9196	24890	
1396	9135	25113	
1319	9117	25194	
1360	9027	25068	
1363	9095	25088	
1342	9254	24872	
1338	9019	25187	
1380	9290	24982	
1362	9262	24934	
1360	9146	25132	
1386	9265	24961	
1341	9397	24835	
1391	9245	25001	
1271	9106	25125	
1426	9243	24981	
1344	9102	25146	
1347	9358	24956	
1356	9177	25230	
1372	9153	24946	
1379	9263	24920	
1323	9097	24989	
1363	9247	24993	
1445	9290	24880	
1313	9253	24910	
1379	9254	24992	
1365	9197	25057	
1415	9131	25034	
1358	9148	25121	
1380	9137	25056	
1291	9375	24908	
1316	9215	25017	
1340	9297	24949	
1326	9194	25040	
1377	9085	25145	
1365	9015	25229	
1368	9315	24889	
1331	9084	25095	
1374	9057	24962	
1363	9175	25045	
1344	9015	25229	
1365	9213	25024	
1341	9208	24988	
1343	9218	25041	
1372	9198	25081	
1349	9152	25030	
1342	9378	24901	
1328	9174	25016	
1390	9225	25006	
1351	9265	25026	
1355	9091	24981	
1364	9088	25144	
1365	9219	24952	
1381	9233	24968	
1284	9283	25116	
1361	9168	24987	
1359	9194	24973	
1335	9250	24984	
1353	9265	25015	
1437	9185	25048	
1349	9262	25012	
1376	9154	25074	
1338	9110	25146	
1309	9035	25157	
1354	9318	24893	
1321	9106	25055	
1389	9149	25055	
1359	9188	25015	
1365	9049	25069	
1323	9264	25029	
1320	9059	25115	
1434	9095	25060	
1346	9129	25129	
1334	9373	24944	
1359	9102	25211	
1403	9236	25101	
1338	9169	24945	
1337	9106	25078	
1345	9251	25017	
1307	9086	25151	
1380	9363	24865	
1416	9194	25046	
1315	9246	24956	
1358	9176	25095	
1361	9206	25119	
1410	8974	25220	
1331	9244	24950	
1367	9347	24899	
1306	9080	25233	
1416	9234	24870	
1412	9134	24971	
1338	9087	25066	
1315	9066	25042	
1350	9266	25000	
1274	9088	25180	
1326	9293	24940	
1315	9165	25059	
1400	9230	25056	
1359	9092	25198	
1361	9098	25045	
1358	9125	25069	
1446	9143	25001	
1403	9117	25046	
1299	9191	25115	
1336	9223	25087	
1394	9252	25010	
1391	9344	24948	
1389	9124	24951	
1359	9152	25095	
1388	9182	25042	
1390	9196	25064	
1365	9163	24940	
1382	9149	25087	
1342	9214	24978	
1347	9251	25093	
1273	9096	25186	
1337	9235	25015	
1321	9268	24884	
1329	9093	25068	
1315	9126	25052	
1351	9333	24881	
1360	9247	24971	
1347	9072	25189	
1396	9180	25129	
1442	9180	24965	
1393	9036	25125	
1368	9243	25062	
1355	9232	25068	
1306	9243	24982	
1296	9116	25133	
1407	9213	25051	
1345	9171	25211	
1343	9232	25020	
1340	9121	25052	
1352	9239	24983	
1359	9333	25015	
1338	9215	24960	
1393	9200	25066	
1373	9139	25068	
1386	9324	24981	
1399	9255	25038	
1327	9297	24921	
1365	9130	25014	
1355	9199	24970	
1413	9144	25071	
1350	9117	25178	
1435	9133	25114	
1390	9130	25120	
1347	9272	24953	
1312	9147	25084	
1405	9269	25016	
1311	9189	25036	
1404	9181	25047	
1300	9270	24999	
1406	9320	24991	
1338	9056	25334	
1404	9348	24840	
1318	9055	25163	
1360	9155	25129	
1344	9307	24993	
1357	9183	25003	
1374	9312	24947	
1371	9194	25014	
1295	9018	25282	
1350	9193	25028	
1313	9393	24846	
1339	9182	24967	
1343	9270	24880	
1339	9228	24972	
1373	9144	25058	
1385	9130	25024	
1336	9118	25131	
1330	9271	24889	
1323	9186	25095	
1322	9024	25195	
1353	9310	24853	
1339	9305	25083	
1355	9261	24960	
1317	9241	25061	
1340	9364	24913	
1308	9130	25172	
1352	9140	25173	
1339	9210	25040	
1384	9250	25093	
1307	9081	25215	
1338	9054	25164	
1313	9209	25064	
1293	9270	25125	
1395	9057	25195	
1314	9250	24999	
1363	9138	25135	
1392	9109	24977	
1308	9292	25006	
1346	9261	25045	
1363	9181	25083	
1315	9174	25084	
1393	9203	25085	
1357	9115	25119	
1338	9385	25038	
1336	9142	25047	
1406	9226	25008	
1378	9248	24927	
1308	9288	25074	
1401	9274	24964	
1307	9240	25098	
1381	9138	25149	
1357	9287	24831	
1337	9298	25067	
1336	9416	24912	
1324	9143	25058	
1327	9126	25025	
1344	9222	25035	
1320	9187	25036	
1328	9281	24928	
1366	9162	25016	
1356	9250	25075	
1373	9232	24938	
1378	9065	25163	
1336	9222	24982	
1319	9198	25120	
1409	9105	25122	
1259	9262	24972	
1351	9286	24953	
1348	9078	25101	
1297	9241	25070	
1389	9290	24935	
1345	9281	24908	
1368	9194	25035	
1417	9198	25012	
1371	9154	25074	
1333	9105	25147	
1379	9189	24944	
1311	9374	24980	
1318	9069	25061	
1338	9504	24794	
1377	9278	24953	
1348	9260	24994	
1345	9113	25136	
1335	9296	24889	
1348	9160	25125	
1407	9293	24792	
1361	9298	24976	
1375	9229	24916	
1353	9284	25004	
1423	9203	25112	
1331	9250	25077	
1376	9184	24990	
1357	9184	25040	
1343	9002	25236	
1416	9104	25026	
1249	9074	25040	
1340	9199	25081	
1325	9260	24989	
1331	9183	24877	
1363	9194	25077	
1337	9189	25103	
1371	9293	25041	
1345	9325	24940	
1347	9092	25047	
1313	9130	25114	
1371	9207	24962	
1310	9268	24932	
1389	9172	25082	
1383	9155	25059	
1351	9298	25084	
1350	9324	25041	
1350	9345	24925	
1348	9024	25276	
1351	9250	25012	
1318	9157	25032	
1314	9131	25168	
1359	9256	25171	
1378	9253	24965	
1392	9162	25003	
1405	9283	25053	
1360	9169	25015	
1411	9255	24954	
1376	9074	25172	
1307	9313	24957	
1371	9293	24923	
1361	9197	25095	
1308	9157	25020	
1321	9132	25088	
1379	9123	24981	
1373	9135	25050	
1265	9107	25084	
1447	9168	25026	
1360	8998	25223	
1381	9246	25040	
1354	9228	24952	
1321	9230	24923	
1347	9132	25056	
1317	9216	24949	
1339	9192	25159	
1334	9194	25153	
1270	9187	25122	
1346	9229	25042	
1356	9334	24941	
1374	9174	24936	
1416	9242	24974	
1336	9005	25182	
1327	9255	24952	
1355	9153	25050	
1345	9305	24982	
1360	9206	25153	
1337	9117	25067	
1311	9177	25032	
1338	9033	25234	
1347	9356	24784	
1319	9286	25034	
1361	9173	25030	
1386	9263	24911	
1408	9074	25088	
1342	9181	25007	
1393	8998	25182	
1377	9003	25256	
1335	9143	25137	
1350	9182	25021	
1324	9152	25020	
1369	9182	25024	
1387	9268	24982	
1377	9030	25198	
1308	9255	25083	
1349	9275	24946	
1307	9234	24953	
1388	9270	24854	
1392	9233	25070	
1372	9087	25056	
1400	9132	25062	
1344	9328	24887	
1409	9220	25030	
1341	9138	25075	
1376	9176	25104	
1309	9218	25161	
1364	9388	24928	
1372	9110	25035	
1407	9122	25067	
1360	9100	25100	
1412	9083	25131	
1300	9381	24891	
1334	9061	25304	
1363	9235	25044	
1360	9109	25077	
1385	9229	24967	
1357	9273	24975	
1357	9125	25024	
1332	9245	25015	
1367	9266	24952	
1356	9215	24985	
1258	9107	25163	
1274	9304	25023	
1336	9058	25210	
1385	9192	25099	
1333	9134	25077	
1350	9205	25065	
1374	9143	25055	
1397	9210	24893	
1356	9294	24964	
1325	9142	25119	
1421	9159	25129	
1385	9102	25137	
1299	9285	24946	
1339	9153	25085	
1363	9138	25076	
1371	9140	25045	
1359	9236	24902	
1414	9289	25043	
1354	9257	24988	
1385	9490	24772	
1268	9210	25065	
1298	9321	24947	
1300	9290	25031	
1400	9157	25060	
1340	9251	25081	
1316	9333	24932	
1351	9168	25095	
1334	9222	24984	
1326	9210	25078	
1338	9178	25111	
1376	9148	25041	
1325	9191	25075	
1417	9131	25056	
1399	9115	25051	
1385	9281	25033	
1357	9292	24964	
1331	9223	25078	
1339	9276	24983	
1291	9152	25030	
1378	9108	25035	
1397	9136	25042	
1448	9308	25044	
1355	9389	24915	
1416	9062	25093	
1272	9271	25098	
1353	9160	25001	
1312	9101	25052	
1298	9344	24990	
1357	9012	25148	
1319	9042	25214	
1311	9115	24986	
1359	9286	24986	
1335	9200	25012	
1364	9291	24867	
1402	9121	25190	
1338	9049	25199	
1352	9316	24984	
1311	9089	25150	
1407	9266	24976	
1355	9122	25239	
1365	9278	25035	
1369	9217	25023	
1366	9199	24960	
1312	9195	25042	
1395	9158	25141	
1344	9373	24902	
1340	9274	25054	
1404	9206	24988	
1434	9131	24998	
1373	9227	25078	
1321	9163	25064	
1312	9102	25213	
1370	9248	25127	
1399	9296	24949	
1345	9087	25125	
1378	9165	24971	
1324	9331	24972	
1320	9222	25087	
1299	9178	25050	
1307	9314	24991	
1375	9244	25059	
1328	9310	24958	
1381	9372	24936	
1260	9233	25038	
1353	9226	25107	
1411	9241	25035	
1338	9195	25048	
1383	9161	25007	
1331	9100	25144	
1358	9145	25080	
1328	9209	25067	
1346	9221	24908	
1360	9033	25215	
1395	9166	25040	
1368	9188	25059	
1351	9229	25141	
1365	9177	25090	
1342	9117	25085	
1399	9181	25134	
1339	9210	25004	
1361	9230	24980	
1402	9029	25126	
1375	9180	24995	
1370	9184	25024	
1402	9197	24914	
1368	9121	25182	
1372	9039	25223	
1316	9210	24942	
1356	9159	25046	
1330	9224	25032	
1392	9171	25006	
1377	9279	24918	
1312	9169	25225	
1334	9170	25097	
1394	9234	24913	
1420	9234	24955	
1341	9207	24946	
1386	9190	24966	
1342	9141	25150	
1442	9278	24941	
1348	9147	25065	
1341	9334	24907	
1295	9086	24992	
1367	9092	25141	
1288	9141	25165	
1407	9211	25037	
1397	9293	24996	
1325	9042	25240	
1323	9334	24927	
1357	9248	25004	
1374	9079	25057	
1304	9160	25111	
1335	9054	25168	
1415	9225	25001	
1360	9107	25113	
1397	9183	25047	
1414	9234	24902	
1347	9137	25108	
1346	9259	24910	
1384	9209	25015	
1421	9216	25005	
1264	9153	25048	
1367	9189	24956	
1351	9308	24934	
1415	9197	24932	
1280	9193	25135	
1345	9168	25082	
1331	9226	25038	
1324	9277	24964	
1365	9018	25158	
1311	9125	25047	
1345	9253	24860	
1420	9141	24918	
1365	9130	25101	
1276	9315	24964	
1370	9182	25069	
1397	9222	25024	
1316	9130	25082	
1264	9229	24975	
1374	9266	24918	
1367	9160	25010	
1400	9181	24973	
1390	9038	25123	
1318	9193	25129	
1390	9235	24993	
1335	9109	25173	
1326	9078	25040	
1334	9119	24980	
1341	9199	25083	
1313	9076	25100	
1438	9350	24939	
1332	9227	25082	
1416	9258	25008	
1386	9169	25008	
1398	9199	25062	
1300	9219	25103	
1360	9312	24943	
1368	9314	24918	
1354	9307	25072	
1403	9087	25108	
1352	9208	25068	
1386	9210	25045	
1343	9206	24982	
1285	9128	25160	
1322	9104	25117	
1315	9289	24921	
1336	9103	25142	
1355	9295	24872	
1362	9199	25125	
1432	9216	24987	
1353	9179	25059	
1301	9130	25170	
1351	9183	25035	
1364	9188	25051	
1335	9144	25027	
1320	9283	24843	
1344	9234	25016	
1391	9308	25027	
1319	9312	24987	
1438	9161	25042	
1395	9192	25058	
1331	9229	25003	
1409	9281	25008	
1354	9152	25069	
1322	9082	25057	
1316	9170	24987	
1332	9167	25151	
1368	9302	25038	
1343	9208	25032	
1366	9355	25000	
1350	9251	24960	
1376	9125	25097	
1359	9095	25134	
1379	9310	24881	
1355	9105	25107	
1394	9319	24901	
1370	9332	24803	
1421	9296	24903	
1352	9267	24963	
1315	9208	25054	
1348	9270	24943	
1363	9172	25102	
1411	9215	25053	
1369	9206	25048	
1404	9286	25065	
1435	9232	24937	
1350	9187	25113	
1381	9011	25119	
1304	9355	24982	
1327	9127	25030	
1375	9116	25098	
1331	9201	24962	
1314	9204	25029	
1277	9174	25131	
1375	9282	24991	
1400	9112	25107	
1368	9212	24917	
1357	9220	25124	
1386	9351	24857	
1365	9223	24995	
1348	9296	24907	
1323	9110	25088	
1279	9235	24942	
1345	9133	25087	
1393	9238	24988	
1364	9248	24930	
1349	9230	25024	
1361	9184	25061	
1347	9123	24904	
1392	9151	25069	
1399	9403	24816	
1335	9141	24986	
1402	9184	24973	
1358	9245	24968	
1376	9155	25116	
1421	9189	25047	
1357	9164	25181	
1358	9399	24949	
1375	9096	25129	
1411	9129	25009	
1382	9187	24949	
1335	9183	25123	
1280	9275	25022	
1319	9102	25141	
1335	9327	24938	
1329	9184	25036	
1420	9203	25061	
1290	9173	25039	
1324	9413	24976	
1272	9112	25037	
1362	9103	25118	
1390	9241	24920	
1280	9278	24966	
1364	9305	24918	
1338	9179	25080	
1396	9108	25027	
1321	9193	25053	
1387	9171	25089	
1336	9156	24933	
1378	9275	25030	
1316	9077	25125	
1319	9164	25004	
1364	8991	25255	
1290	9181	25034	
1369	9248	24854	
1361	9116	25115	
1410	9303	24881	
1402	9191	25010	
1284	9098	25196	
1399	9298	24884	
1325	9020	25165	
1323	9148	25034	
1368	9151	25055	
1404	9227	24956	
1331	9200	25149	
1328	9210	25040	
1372	9074	25167	
1409	9188	25127	
1427	9347	24800	
1315	9108	25077	
1356	9146	24997	
1337	9291	25037	
1301	9364	24994	
1396	9093	25185	
1331	9259	24887	
1335	9249	25021	
1366	9191	24988	
1296	9235	25043	
1317	9253	25040	
1372	9349	24938	
1342	9179	25067	
1335	9164	25037	
1359	9324	24986	
1368	9140	25094	
1317	9133	25016	
1413	9172	24978	
1268	9291	25032	
1375	9101	25105	
1341	9128	25102	
1432	9267	24835	
1378	9321	24864	
1323	9287	25039	
1358	9093	25089	
1423	9242	25025	
1323	9180	25185	
1291	9252	24965	
1391	9267	24849	
1356	9144	25026	
1380	9288	25048	
1293	9285	24945	
1351	9238	25001	
1354	9114	25058	
1398	9221	24997	
1332	9051	25209	
1337	9324	24944	
1425	9158	25062	
1271	9306	24906	
1355	9061	25121	
1353	9238	25031	
1308	9029	25173	
1345	9141	25160	
1392	9167	25039	
1377	9159	25110	
1352	9126	25064	
1349	9155	25030	
1326	9146	25042	
1382	9245	24979	
1328	9363	24867	
1399	9182	25096	
1334	9311	24889	
1347	9111	25130	
1291	9192	24981	
1330	9261	24945	
1321	9122	25098	
1342	9173	25140	
1366	9174	25062	
1373	9191	24973	
1357	9050	25241	
1320	9399	24880	
1445	9221	25001	
1349	9245	24983	
1368	9315	24933	
1330	9239	24903	
1383	9203	25085	
1407	9194	24993	
1306	9174	25104	
1382	9223	24969	
1309	9364	24900	
1386	9143	25071	
1314	9384	24837	
1372	9358	24878	
1334	9138	25252	
1342	9019	25160	
1300	9206	25070	
1395	9126	25144	
1353	9133	25210	
1384	9227	25021	
1396	9014	25225	
1361	9358	24929	
1352	9081	25145	
1380	9195	25085	
1328	9343	24947	
1397	9169	25053	
1409	9160	25058	
1375	9184	25036	
1375	9230	24963	
1390	9133	25032	
1322	9047	25141	
1389	9172	24936	
1389	9164	25183	
1345	8939	25236	
1392	9151	25066	
1389	9200	24876	
1375	9240	25019	
1273	9246	25120	
1367	9281	24977	
1413	9152	25076	
1388	9132	25068	
1308	9183	25087	
1400	9193	24974	
1365	9193	25015	
1323	9088	25096	
1424	9156	24982	
1376	9126	25081	
1361	9113	25050	
1327	9199	25044	
1333	9168	25137	
1381	9295	24946	
1392	9151	25003	
1330	9278	24996	
1376	9173	25102	
1381	9173	25150	
1376	9148	25073	
1319	9012	25212	
1249	9244	25133	
1315	9213	25070	
1382	9323	24968	
1325	9247	25062	
1331	9321	25040	
1329	9069	25278	
1411	9207	25055	
1356	9152	25031	
1403	9192	25002	
1415	9039	25187	
1329	9260	24986	
1308	9372	24996	
1356	9169	25156	
1288	9330	24904	
1414	9201	24976	
1352	9126	25025	
1348	9223	25033	
1336	9170	25099	
1353	9211	25077	
1263	9346	25012	
1367	9349	24940	
1391	9215	24828	
1347	9240	25090	
1350	9098	25048	
1369	9349	25073	
1376	9209	25096	
1360	9168	25034	
1380	9239	25037	
1365	9220	25030	
1388	9090	25036	
1360	9142	25084	
1326	9122	25051	
1352	9524	24685	
1330	9093	25067	
1348	9160	24972	
1333	9099	25201	
1336	9308	24949	
1371	9228	24990	
1362	9070	25122	
1327	9282	25021	
1347	9286	24964	
1341	9192	24927	
1353	9251	25024	
1329	9153	25139	
1348	9080	25097	
1370	9264	24960	
1378	9171	25002	
1326	9142	25106	
1409	9141	25078	
1384	9245	24913	
1374	9155	25031	
1336	9163	25040	
1391	9127	25091	
1357	9278	24870	
1387	9286	24918	
1368	9311	24946	
1362	9234	24942	
1308	9299	25077	
1346	9074	25233	
1388	9275	24776	
1448	9116	25211	
1420	9229	25048	
1389	9162	25175	
1395	9245	24935	
1367	9087	25097	
1375	9156	25016	
1354	9232	24992	
1303	9240	24861	
1321	9202	24955	
1383	9164	24998	
1332	9249	25057	
1356	9082	25154	
1317	9190	24977	
1343	9119	25178	
1404	9123	25100	
1341	9011	25193	
1375	9164	25005	
1309	9170	25015	
1300	9154	25177	
1331	9074	25063	
1392	9351	25045	
1321	9264	24944	
1366	9285	25049	
1400	9312	24997	
1379	9166	25005	
1371	9059	25146	
1304	9193	25049	
1327	9354	24898	
1400	9061	25127	
1367	9220	25024	
1367	9207	24921	
1370	9032	25200	
1322	9402	24821	
1410	9262	25012	
1370	9289	25021	
1370	9013	25096	
1399	9097	25061	
1376	9217	24964	
1286	9185	25087	
1455	9209	25016	
1347	9223	24859	
1342	9122	25169	
1367	9206	24988	
1355	9192	25030	
1346	9014	25276	
1323	9280	25041	
1397	9227	24894	
1366	9274	24915	
1378	9222	25035	
1361	9189	25162	
1304	9300	25022	
1376	9211	25030	
1346	9282	25068	
1380	9254	25035	
1388	9143	24961	
1394	9297	25027	
1350	9292	24900	
1414	9190	25023	
1337	9107	25124	
1330	9190	24993	
1367	9184	24922	
1389	9116	25186	
1342	9127	25110	
1374	9260	24987	
1326	9202	25032	
1428	9216	24956	
1356	9206	25010	
1336	9221	25097	
1358	9217	25047	
1367	9218	24901	
1410	9204	24952	
1334	9472	24844	
1344	9287	24957	
1394	9238	25076	
1338	9273	25058	
1299	9246	25037	
1298	9291	24954	
1388	9288	24966	
1345	9091	25191	
1419	9335	24954	
1367	9075	25192	
1326	9056	25148	
1408	9158	24951	
1303	9094	25193	
1383	9078	25174	
1305	9139	25174	
1422	9156	25113	
1267	9309	25002	
1337	9288	24963	
1309	9330	24988	
1360	9200	24935	
1389	9197	25015	
1311	9303	24934	
1336	9165	25078	
1328	9369	24949	
1335	9190	24991	
1330	9122	25102	
1370	9233	25015	
1397	9367	25027	
1365	9130	25152	
1384	9192	25042	
1388	9168	25080	
1400	9155	24952	
1336	9014	25196	
1370	9313	24966	
1344	9192	25091	
1333	9216	25002	
1395	9130	25173	
1365	9406	24980	
1304	9076	25259	
1411	9217	25009	
1400	9167	25021	
1371	9041	25035	
1375	9135	25060	
1356	9098	25093	
1373	8989	25201	
1399	9104	24908	
1415	9282	24912	
1352	9136	25065	
1315	9251	25050	
1337	9210	25035	
1366	9171	25041	
1346	9230	25111	
1369	9208	25080	
1358	9039	25184	
1362	9297	25107	
1351	9160	25118	
1470	9021	25227	
1336	9187	25053	
1340	9240	25010	
1386	9209	24878	
1382	9288	25049	
1316	9332	24946	
1333	9257	24937	
1303	9160	25001	
1411	9097	25103	
1379	9209	25040	
1317	9378	24857	
1305	9332	24957	
1362	9108	25097	
1322	9201	25093	
1374	9323	24947	
1365	9080	25126	
1410	9144	25158	
1340	9017	25223	
1392	9281	25015	
1435	9268	24973	
1387	9055	25109	
1340	9277	25009	
1372	9178	25095	
1347	9128	25101	
1349	9237	25058	
1352	9306	24958	
1339	9190	25078	
1367	9244	24974	
1376	9195	25029	
1395	9077	25086	
1354	9205	24972	
1353	9009	25066	
1270	9221	24996	
1311	9206	25018	
1399	9131	25136	
1343	9270	25054	
1267	9138	25128	
1360	9104	25180	
1379	9041	25202	
1364	9155	24992	
1331	9235	25050	
1322	9239	24938	
1326	9240	25140	
1322	9073	25128	
1324	9334	24887	
1326	9117	25174	
1368	9151	24967	
1386	9209	24959	
1381	9321	24928	
1353	9272	25039	
1399	9132	25110	
1338	9289	24985	
1346	9230	25007	
1293	9327	24964	
1406	9243	25071	
1411	9168	25072	
1411	9118	25190	
1393	9095	25049	
1362	9165	24972	
1367	9278	25015	
1345	9413	24915	
1385	9088	25196	
1392	9136	25084	
1387	9278	24978	
1345	9268	25026	
1333	9299	24952	
1279	9223	25037	
1330	9240	25049	
1357	9135	25166	
1315	9150	25086	
1369	9076	25158	
1365	9080	25117	
1365	9259	24814	
1278	9104	25179	
1341	9192	24922	
1388	9125	25036	
1343	9084	25304	
1358	9237	24967	
1317	9148	25028	
1320	9288	24912	
1441	9167	25021	
1262	9098	25212	
1294	9283	24951	
1341	9175	25153	
1314	9077	25185	
1315	9100	25212	
1247	9317	25019	
1395	9218	25107	
1315	9160	25019	
1322	9345	24894	
1328	9285	24840	
1344	9003	25243	
1347	9231	25021	
1359	9150	25035	
1352	9101	25170	
1342	9296	24980	
1315	9085	25155	
1296	9151	25135	
1390	9107	25088	
1392	9073	25183	
1381	9184	25034	
1292	9169	25198	
1325	9351	24930	
1290	9257	24955	
1344	9280	24986	
1404	9089	25160	
1428	9212	25056	
1335	9161	25134	
1403	9204	25047	
1294	9158	25016	
1255	9175	25020	
1417	9130	25045	
1341	9328	25032	
1318	9141	25110	
1365	9140	24978	
1337	9190	25046	
1354	9262	24954	
1311	9145	25091	
1338	9091	25040	
1393	9210	25091	
1350	9373	24989	
1318	9256	24991	
1417	9293	24859	
1442	9336	24924	
1426	9241	25102	
1374	9347	24854	
1318	9339	24883	
1348	9306	24883	
1383	9333	24788	
1417	9211	25022	
1327	9271	24987	
1390	9313	24924	
1388	9296	24958	
1355	9317	24930	
1314	9129	25097	
1330	9396	24891	
1398	9211	24977	
1358	9128	25253	
1380	9202	25044	
1326	9302	24916	
1360	9046	25150	
1356	9053	25121	
1434	9266	24897	
1324	9233	24941	
1332	9362	24776	
1350	9245	25070	
1401	9040	25186	
1347	9036	25258	
1344	9244	24920	
1341	9296	24982	
1366	9173	25023	
1349	9183	25075	
1303	9102	25141	
1330	9196	25061	
1352	9229	25006	
1365	9239	24962	
1380	9100	25127	
1315	9154	25052	
1404	9126	25067	
1328	9265	24907	
1400	9329	24964	
1375	9066	25181	
1330	9346	24911	
1434	9200	24938	
1343	9176	25032	
1349	9195	25006	
1353	9346	24847	
1364	9359	24989	
1411	9239	25065	
1368	9154	25065	
1262	9177	24949	
1356	9251	24963	
1352	9242	25134	
1326	9202	24968	
1369	9206	24928	
1371	9184	25076	
1334	9282	24877	
1300	9165	25105	
1308	9113	25056	
1373	9191	25052	
1324	9173	24968	
1345	9046	25012	
1366	9172	25136	
1435	9277	24851	
1358	9052	25152	
1381	9197	25049	
1327	9234	25066	
1340	9369	24867	
1308	9266	24976	
1382	9287	24988	
1299	9326	24935	
1340	9201	25085	
1301	9236	25098	
1303	9281	25017	
1342	9217	24901	
1414	9036	25137	
1389	9142	25135	
1356	9132	25110	
1308	9235	25060	
1408	9138	25082	
1275	9239	25139	
1376	9212	25041	
1329	9325	25046	
1338	9208	25091	
1380	9228	24910	
1458	9223	24864	
1394	9251	25023	
1391	9078	25090	
1307	9147	25121	
1379	9107	24964	
1307	9131	25132	
1271	9043	25175	
1404	9098	25030	
1357	9318	25035	
1352	9193	25090	
1395	9451	24844	
1393	9270	24987	
1310	9175	25143	
1320	9242	24895	
1405	9218	25072	
1369	9214	25055	
1380	9138	25060	
1373	9189	25064	
1340	9240	25018	
1309	9192	25096	
1373	9280	24950	
1372	9165	24977	
1384	9250	24951	
1329	9160	25167	
1295	9239	25050	
1426	9236	24931	
1301	9128	25210	
1322	9055	25140	
1397	9206	25068	
1347	9115	25078	
1336	9205	25048	
1356	9146	25093	
1357	9216	24957	
1344	9167	25112	
1396	9320	24916	
1335	9158	25073	
1367	9127	25107	
1349	9316	24897	
1381	9197	25002	
1330	9239	25070	
1374	9188	24911	
1292	9226	24966	
1387	9114	24994	
1367	9268	25038	
1362	9296	24915	
1427	9146	25111	
1385	9172	25053	
1378	9222	24985	
1324	9107	25147	
1338	9306	24857	
1313	9112	25207	
1326	9236	25038	
1276	9114	25102	
1409	9197	25065	
1359	9200	24971	
1334	9082	25080	
1379	9176	25161	
1346	9090	25136	
1327	9189	25063	
1311	9256	25005	
1376	9154	25047	
1334	9178	25163	
1324	9333	24879	
1350	9239	24938	
1437	9218	25051	
1300	9205	25005	
1319	9117	25074	
1361	9139	25145	
1326	9218	24957	
1411	9206	25075	
1343	9162	25049	
1323	9237	25013	
1388	9259	25009	
1333	9294	24864	
1406	9091	25161	
1374	9136	25136	
1425	9183	24986	
1312	9170	25179	
1380	9257	25011	
1368	9145	25122	
1299	9087	25106	
1351	9204	25017	
1317	9200	24980	
1299	9324	24945	
1350	9221	25035	
1325	9275	25009	
1313	9266	25064	
1395	9285	25019	
1322	9202	25162	
1344	9254	24986	
1320	9242	25062	
1305	8998	25283	
1336	9366	24915	
1327	9258	25028	
1383	9196	24978	
1421	9183	25070	
1310	9217	25017	
1390	9198	25081	
1317	9179	25039	
1388	9195	25079	
1363	9076	25262	
1346	9177	25070	
1319	9142	25167	
1291	9259	25071	
1369	9211	24920	
1364	9146	25146	
1354	9183	25024	
1381	9168	25132	
1354	9193	24962	
1347	9273	25169	
1384	9093	25182	
1310	9258	24983	
1409	9206	24990	
1306	9335	24819	
1368	9400	24944	
1382	9183	25140	
1264	9215	25031	
1363	9202	25001	
1405	9081	25154	
1358	9124	25125	
1315	9135	24961	
1335	9226	25104	
1406	9279	25057	
1310	9174	25063	
1386	9243	25030	
1436	9173	25062	
1340	9225	25001	
1406	9246	25072	
1368	9208	24976	
1378	9239	24898	
1309	9269	24936	
1400	9024	25219	
1301	9102	25104	
1369	9292	25024	
1328	9405	24887	
1320	9077	25129	
1360	9256	25031	
1401	9218	24875	
1378	9061	25080	
1438	9210	24930	
1357	9175	25002	
1369	9263	24928	
1393	9401	24849	
1376	9356	24869	
1349	9138	25078	
1448	9279	25088	
1273	9149	25161	
1366	9206	24959	
1378	9202	24983	
1342	9286	25006	
1370	9080	25112	
1444	9248	24867	
1290	9123	25054	
1325	9266	24905	
1417	9342	24959	
1337	9163	25072	
1416	9288	24907	
1334	9199	25021	
1350	9254	24964	
1297	9200	25028	
1387	9303	24917	
1377	9269	25064	
1360	9170	25064	
1334	9180	25021	
1423	9209	25175	
1288	9206	25051	
1306	9133	24909	
1301	9250	25072	
1353	9119	25018	
1346	9262	25050	
1390	9337	24840	
1394	9216	24983	
1365	9137	25035	
1415	9211	24809	
1364	9142	25007	
1421	9153	25116	
1374	9079	25151	
1443	9182	25090	
1331	9208	25050	
1351	9159	25008	
1381	9284	25020	
1363	9202	24968	
1394	9205	25029	
1336	9092	25205	
1315	9220	25005	
1372	9272	24891	
1367	9224	25153	
1422	9345	24857	
1338	9243	24989	
1363	9210	24951	
1422	9196	25012	
1379	9146	25084	
1323	9116	25151	
1338	9133	25156	
1350	9246	24990	
1356	9148	25202	
1346	9273	25019	
1365	9147	24984	
1409	9098	25113	
1338	9119	25156	
1277	9197	25152	
1387	9125	25060	
1415	9186	25041	
1369	9210	25089	
1411	9249	24863	
1406	9150	25066	
1357	9014	25118	
1293	9257	24964	
1358	9171	25059	
1379	9236	25010	
1332	9195	25007	
1297	9197	25053	
1308	9098	25115	
1409	9084	25081	
1324	9060	25175	
1306	9256	24996	
1440	9063	25181	
1379	9144	25047	
1368	9261	25024	
1447	9225	24962	
1360	9176	25059	
1390	9327	24864	
1398	9455	24779	
1324	9303	24948	
1358	9207	25036	
1281	9213	25062	
1359	9268	24923	
1306	9387	24909	
1403	9085	25032	
1306	9130	25048	
1352	9129	25076	
1271	9208	25061	
1305	9027	25173	
1284	9295	24896	
1366	9216	25055	
1336	9227	25120	
1294	9098	25047	
1295	9242	25068	
1336	9269	24932	
1369	9319	24963	
1394	9035	25092	
1353	9186	24991	
1374	9229	25042	
1388	9348	24983	
1320	9174	25118	
1284	9263	25027	
1366	9180	25060	
1361	9297	25134	
1362	9208	25063	
1372	9058	25243	
1341	9066	25107	
1340	9203	25065	
1354	9081	25157	
1305	9189	25080	
1333	9245	25013	
1301	9208	25003	
1308	9322	24977	
1385	9213	24998	
1397	9157	25125	
1395	9042	25133	
1324	9249	25029	
1388	9289	24968	
1332	9246	25000	
1368	9092	25157	
1344	9177	25121	
1342	9288	24891	
1329	9196	25113	
1389	9167	25018	
1340	9138	25091	
1371	9042	25101	
1303	9103	25070	
1349	9195	25086	
1393	9375	24839	
1386	9067	25062	
1370	9065	25217	
1384	9242	25029	
1330	9075	25106	
1300	9248	25128	
1319	9248	25077	
1354	9152	24947	
1316	9212	25100	
1373	9296	25070	
1340	9237	24914	
1344	9174	24968	
1406	9258	24953	
1405	9285	24891	
1359	9173	25128	
1410	9295	24912	
1349	9186	24986	
1370	9221	24969	
1324	9185	25141	
1358	9314	24952	
1396	9284	25034	
1310	9339	24941	
1339	9149	25167	
1403	9311	24877	
1314	9253	24979	
1367	9127	25177	
1367	9048	25047	
1348	9178	25038	
1273	9136	25056	
1382	9336	24899	
1359	9315	24921	
1363	9228	25035	
1324	9173	25043	
1316	9086	25221	
1346	9092	25166	
1330	9157	25088	
1342	9083	25094	
1403	9163	25141	
1375	9204	25014	
1370	8897	25268	
1358	9312	24936	
1381	9183	25015	
1371	9149	25071	
1280	9333	24937	
1399	9342	24881	
1433	9142	24994	
1387	9318	24943	
1380	9063	25189	
1388	9104	25135	
1339	9243	25072	
1283	9176	25160	
1334	9220	25047	
1343	9143	25111	
1388	9162	25169	
1335	9119	25105	
1330	8979	25264	
1336	9142	25153	
1350	9342	24845	
1412	9103	25022	
1323	9059	25126	
1376	9149	25114	
1429	9219	24916	
1268	9227	25157	
1431	9280	24970	
1362	9190	25128	
1372	9288	25007	
1388	9161	25117	
1351	9093	25100	
1322	9285	25024	
1315	9344	24826	
1331	9156	25044	
1274	9091	25146	
1415	9238	24950	
1389	9198	25004	
1385	9092	25211	
1348	9314	24763	
1371	9106	25140	
1380	9241	24992	
1398	9079	25106	
1391	9175	25025	
1412	9112	25197	
1403	9097	25130	
1303	9347	24998	
1309	9184	25000	
1348	9195	25161	
1348	9085	25181	
1348	9206	25091	
1315	9444	24888	
1372	9159	25108	
1417	9145	24993	
1322	9094	25205	
1440	9184	25015	
1302	9159	25054	
1333	9188	24960	
1297	9189	25023	
1333	9237	25016	
1363	9199	24930	
1353	9151	25005	
1352	9289	24971	
1358	9309	24923	
1307	9225	25027	
1347	9133	25152	
1326	9224	24966	
1354	9211	25063	
1395	9152	25114	
1355	9237	24954	
1334	9274	24939	
1324	9330	24910	
1329	9151	25133	
1364	9107	25079	
1408	9213	24925	
1356	9190	25096	
1346	9310	25030	
1359	9104	25152	
1321	9176	25014	
1353	9099	24960	
1316	9297	25054	
1363	9169	25027	
1393	9123	25034	
1350	9137	25077	
1379	9032	25195	
1442	9212	25029	
1327	9133	25045	
1283	9109	25146	
1342	9145	25024	
1315	9355	24961	
1292	9188	25057	
1377	9085	25207	
1313	9369	24821	
1388	9138	24865	
1367	9347	24957	
1351	9217	25189	
1355	9073	25166	
1310	9222	25029	
1340	9335	25033	
1346	9110	25136	
1330	9062	25062	
1406	9174	25047	
1381	9309	24873	
1344	9223	25118	
1380	9229	24948	
1367	9204	25137	
1332	9165	25190	
1339	9296	24919	
1306	9151	25092	
1308	9192	25011	
1334	9176	24953	
1294	9329	24859	
1357	9195	25018	
1456	9215	24999	
1374	9091	25022	
1350	9250	25005	
1351	9156	24987	
1308	9087	25102	
1396	9237	25072	
1318	9092	25046	
1384	9124	25129	
1375	9358	24907	
1333	9209	25097	
1316	9223	25078	
1405	9209	25073	
1371	9232	25000	
1323	9228	24981	
1300	9237	25084	
1366	9186	25258	
1340	9192	25014	
1378	9240	25130	
1295	9269	25090	
1324	9259	24995	
1295	9134	25042	
1334	9077	25100	
1280	9239	24973	
1303	9210	24979	
1403	9187	25226	
1389	9284	25116	
1331	9192	25009	
1358	9249	24881	
1282	9167	25159	
1306	9263	25132	
1301	9186	24953	
1413	9079	25029	
1356	9115	25081	
1376	9231	24981	
1401	9085	25231	
1361	9361	24965	
1363	9169	25066	
1390	9153	25005	
1332	9113	25135	
1376	9247	24908	
1358	9213	25029	
1342	9245	24996	
1388	9076	25166	
1387	9196	24965	
1303	9189	25116	
1413	9000	25200	
1348	9033	25184	
1351	9250	25052	
1298	9207	25186	
1338	9297	25059	
1298	9185	25232	
1352	9279	24948	
1430	9222	24969	
1269	9069	25179	
1301	9344	24895	
1378	9173	25095	
1303	9069	25097	
1318	9312	24905	
1370	9325	24877	
1318	9321	25020	
1347	9281	24913	
1328	9151	25064	
1308	9138	25176	
1421	9034	25257	
1378	9158	25029	
1298	9223	25010	
1364	9173	25158	
1371	9304	24896	
1304	9273	24964	
1324	9254	25078	
1360	9321	24970	
1377	9135	25080	
1429	9091	25086	
1361	9108	25118	
1386	9205	24935	
1332	9201	25017	
1371	9150	24988	
1389	9132	25081	
1373	9167	25020	
1311	9210	25086	
1315	9203	25075	
1331	9208	25089	
1361	9278	24965	
1402	9137	25081	
1335	9104	25098	
1363	9149	25083	
1392	9201	25105	
1359	9243	24969	
1395	9322	24826	
1346	9206	25043	
1349	9230	25002	
1389	9248	24971	
1370	9129	25058	
1382	9229	25095	
1298	9122	25195	
1363	9319	24900	
1342	9166	25050	
1382	9075	25113	
1396	9352	24782	
1317	8951	25262	
1363	9226	25092	
1297	9120	25030	
1357	9168	25157	
1356	9202	25025	
1361	9182	24961	
1356	9169	25157	
1403	9241	24985	
1347	9216	24958	
1385	9281	24952	
1408	9253	24924	
1394	9194	24958	
1400	9255	24978	
1358	9234	24964	
1277	9207	25113	
1428	9126	25160	
1307	9280	25027	
1371	9111	25114	
1349	9117	25144	
1360	9267	25036	
1369	9053	25110	
1375	9193	25041	
1387	9297	24817	
1405	9221	25001	
1335	9288	24856	
1341	9218	25064	
1377	9283	24989	
1413	9187	25018	
1370	9182	25032	
1298	9407	24781	
1390	9278	24838	
1331	9070	25163	
1419	9094	25001	
1346	9227	25009	
1349	9170	25087	
1286	9153	25012	
1387	9207	24992	
1409	9243	24960	
1398	9099	25109	
1336	9249	24946	
1360	9330	24983	
1364	9080	25145	
1361	9128	25184	
1334	9191	24991	
1340	9240	24968	
1361	9130	24975	
1389	9289	24974	
1371	9041	25078	
1345	9333	24913	
1288	9220	25072	
1342	9332	25017	
1363	9194	25018	
1390	9231	24918	
1332	9244	24994	
1389	9122	25090	
1277	9165	25149	
1399	9290	24807	
1396	9261	25063	
1397	9232	25107	
1288	9186	25189	
1347	9250	24990	
1382	9134	25141	
1355	9230	24976	
1380	9147	25114	
1340	9234	24980	
1341	9164	25083	
1329	9241	25026	
1382	9340	24946	
1462	9125	25049	
1348	9101	25091	
1397	9222	25035	
1354	9310	24865	
1275	9339	25039	
1376	9068	25141	
1366	9184	24989	
1372	9246	24985	
1347	9270	24974	
1346	9167	25124	
1406	9173	25032	
1321	9345	24919	
1305	9141	25090	
1328	9309	24825	
1373	9171	25105	
1357	9323	25020	
1349	9186	25129	
1360	9236	24987	
1274	9192	25200	
1356	9165	25035	
1343	9140	24879	
1351	9203	25048	
1401	9361	25028	
1335	9105	25125	
1327	9123	25199	
1422	9239	24970	
1327	9226	25044	
1361	9076	25130	
1393	9055	25191	
1318	9182	25064	
1306	9306	25029	
1434	9218	25032	
1381	9280	24935	
1333	9294	24952	
1340	9181	25090	
1368	9226	25036	
1322	9169	25121	
1443	9206	24909	
1341	9159	25115	
1372	9067	25087	
1383	9163	25079	
1373	9088	25211	
1358	9107	25097	
1425	9041	25061	
1339	9166	25065	
1308	9250	25042	
1371	9158	25102	
1405	9146	25099	
1328	9298	24885	
1383	9301	24906	
1383	9227	24940	
1354	9258	25109	
1390	9252	25032	
1337	9076	25093	
1369	9136	25078	
1355	9247	24959	
1390	9302	24902	
1326	9257	24879	
1325	9337	24972	
1399	9136	25127	
1437	9089	25102	
1358	9091	25222	
1343	9179	25117	
1336	9312	24913	
1297	9315	24970	
1317	9162	25035	
1317	9293	24872	
1425	9101	25012	
1344	9178	25111	
1343	9265	25042	
1303	9233	24987	
1397	9212	25020	
1291	9276	24971	
1363	9197	24961	
1336	9249	25007	
1398	9196	24986	
1331	9259	25109	
1394	9170	25032	
1348	9156	25046	
1331	9318	25055	
1389	9194	25070	
1371	9177	25080	
1378	9219	25062	
1348	9270	24934	
1355	9327	24950	
1401	9224	24984	
1338	9275	25033	
1380	9120	25109	
1370	8872	25277	
1274	9217	25020	
1318	9229	24894	
1376	9259	24878	
1293	9296	24928	
1326	9074	25214	
1332	9277	24977	
1327	9163	25067	
1347	9029	25013	
1325	9182	25043	
1361	9260	24967	
1396	9140	25071	
1424	9197	25034	
1340	9174	25192	
1308	9151	25132	
1373	9157	25134	
1381	9155	25064	
1327	9232	25088	
1422	9195	25067	
1429	9308	24924	
1365	9018	25163	
1307	9148	25067	
1435	9056	25131	
1358	9169	24994	
1362	9111	25069	
1388	9220	25116	
1350	9253	24953	
1353	9133	25132	
1337	9141	25165	
1288	9366	24924	
1323	9169	24998	
1404	9143	25031	
1320	9122	25101	
1414	9201	25031	
1320	9213	25036	
1307	9284	24978	
1365	8956	25340	
1321	9094	25186	
1333	9136	25023	
1396	9168	25018	
1275	9269	25015	
1312	9271	24945	
1406	9159	25153	
1334	9151	25064	
1362	9221	25018	
1313	9199	25065	
1342	9259	24949	
1404	9195	25054	
1433	9290	24907	
1339	9112	25158	
1326	9103	25107	
1346	9158	25066	
1321	9281	24969	
1339	9160	25089	
1388	9185	25072	
1362	9234	25135	
1365	9405	24798	
1252	9138	25136	
1317	9134	25041	
1354	9142	25200	
1354	9200	24972	
1418	9271	24979	
1373	9204	25040	
1365	9137	25110	
1295	9245	25101	
1381	9044	25218	
1291	9213	24982	
1361	9293	24950	
1412	9294	25001	
1326	9206	25058	
1364	9074	25219	
1367	9261	24915	
1325	9045	25308	
1350	9263	24998	
1358	9198	25041	
1330	9318	24929	
1341	9046	25144	
1439	9307	24825	
1394	9224	24990	
1368	9139	24986	
1415	9132	25163	
1278	9322	24923	
1305	9410	24832	
1329	9209	25120	
1347	9002	25258	
1378	9250	24938	
1338	9161	25087	
1343	9157	24969	
1310	9275	24998	
1362	9240	25033	
1410	9096	25182	
1358	9163	25096	
1386	9325	25021	
1364	9106	25190	
1401	9438	24837	
1365	9210	25089	
1337	9189	25079	
1323	9122	25171	
1381	9286	24943	
1359	9219	25070	
1381	9142	25168	
1308	9077	25135	
1343	9121	25109	
1402	9246	24995	
1367	9152	25156	
1289	9165	25027	
1359	9165	25023	
1325	9168	25137	
1345	9106	25158	
1423	9178	25125	
1380	9151	25201	
1385	9111	25010	
1415	9176	25046	
1379	9372	24875	
1331	9225	24933	
1389	9231	24883	
1312	9292	24955	
1383	9126	25166	
1327	9152	24961	
1396	9051	25149	
1332	9154	25055	
1340	9139	25034	
1299	9149	25123	
1352	9235	25057	
1355	9169	25065	
1339	9264	24954	
1326	9111	24968	
1330	9193	24947	
1299	9106	25163	
1341	8946	25274	
1376	9139	25128	
1437	9136	25029	
1419	9225	24977	
1360	8990	25200	
1391	9140	25041	
1346	9177	25067	
1360	9257	24996	
1312	9283	24955	
1385	9009	25248	
1317	9127	25009	
1334	9160	25045	
1309	9212	25184	
1312	9183	25027	
1365	9216	24938	
1402	9210	24881	
1276	9101	25138	
1313	9185	25061	
1429	9177	24985	
1367	9107	25054	
1352	9101	25182	
1354	9283	24917	
1368	9143	25061	
1329	9189	25088	
1352	9150	25055	
1380	9134	25027	
1316	9408	24835	
1419	9220	24907	
1385	9193	24996	
1386	9085	25142	
1364	9140	25078	
1369	9044	25080	
1335	9081	25121	
1353	9409	24816	
1352	9134	25102	
1341	9188	25152	
1320	9191	25073	
1357	9147	25050	
1377	9430	24786	
1314	9107	24986	
1350	9196	25079	
1394	9069	25018	
1360	9286	24975	
1333	9251	24933	
1340	9216	25043	
1386	9184	25050	
1369	9190	24997	
1363	9086	25058	
1373	9159	25125	
1305	9156	25169	
1357	9205	25130	
1375	9180	25039	
1373	9323	24957	
1429	9039	25108	
1343	9141	24981	
1254	9210	25143	
1430	9184	25021	
1407	9239	24985	
1287	9294	24903	
1364	9209	25160	
1406	9090	25071	
1385	9180	25057	
1320	9312	24827	
1426	9363	24962	
1400	9140	25013	
1372	9243	25005	
1338	9288	24988	
1301	9321	25049	
1321	8995	25246	
1414	9198	25082	
1302	9158	24975	
1389	9173	25077	
1288	9176	25090	
1370	9170	25088	
1362	9313	24981	
1400	9098	25203	
1399	9282	24923	
1385	9218	25110	
1370	9213	25005	
1352	9282	24985	
1430	9331	24930	
1329	9282	24918	
1340	9100	25158	
1384	9146	25127	
1344	9234	25027	
1370	9220	24959	
1352	9178	25062	
1370	9149	24997	
1341	9279	24908	
1342	9140	24986	
1320	9216	24853	
1285	9151	25073	
1349	9196	25031	
1361	9265	25008	
1407	9132	25119	
1356	9112	25244	
1332	9076	25129	
1350	9100	25083	
1351	9211	25065	
1405	9225	24950	
1314	9307	24882	
1342	9349	24786	
1353	9096	25173	
1413	9147	24963	
1334	9211	24998	
1348	9218	24950	
1319	9236	25106	
1379	8997	25192	
1424	9108	25164	
1383	9207	24846	
1337	9153	25097	
1365	9204	25111	
1405	9244	24876	
1356	9194	24958	
1318	9174	24981	
1385	9138	25027	
1345	9253	24959	
1310	9077	25031	
1370	9087	25084	
1313	9223	25036	
1351	9066	25154	
1287	9191	25056	
1379	9075	25131	
1391	9167	25027	
1376	9083	25234	
1371	9187	25112	
1391	9166	25088	
1339	9228	24994	
1353	9231	25013	
1236	9303	24983	
1330	9152	25143	
1341	9305	24932	
1298	9250	24964	
1285	9149	25109	
1369	9222	25102	
1284	9149	25135	
1357	9037	25210	
1325	9071	25218	
1342	9260	24928	
1343	9205	25067	
1397	9057	25140	
1408	9170	25112	
1377	9119	25171	
1378	9333	24819	
1398	9261	25050	
1349	8992	25089	
1335	9225	25094	
1357	9171	25048	
1342	9198	25075	
1347	9115	25167	
1385	9261	25004	
1445	9105	25083	
1315	9313	24961	
1405	9189	25186	
1400	9127	25094	
1457	9300	24933	
1369	9216	25078	
1360	9225	24948	
1325	9031	25205	
1425	9161	25112	
1394	9261	25047	
1390	9210	24926	
1394	9217	24943	
1303	9156	25122	
1334	9281	24877	
1424	9232	24878	
1383	9362	24893	
1363	9239	25022	
1357	9370	24904	
1320	9213	25022	
1362	9280	25059	
1330	9225	24969	
1335	9248	25047	
1347	9217	24995	
1355	9231	25033	
1382	9323	24940	
1320	9186	25121	
1330	9258	25044	
1374	9343	24911	
1311	9217	25113	
1295	9281	24934	
1325	9244	25027	
1306	9254	24941	
1373	9279	24960	
1342	9313	24952	
1368	9192	25001	
1346	9118	25097	
1350	9323	24963	
1373	9124	25155	
1293	9306	25048	
1302	9197	24989	
1395	9225	24952	
1340	9270	25028	
1379	9194	25027	
1319	9120	25148	
1318	9293	24993	
1313	9224	25103	
1353	9158	25017	
1317	9104	24995	
1393	9244	25073	
1381	9366	24915	
1352	9187	24958	
1408	9130	24963	
1372	9361	24938	
1349	9182	25037	
1370	9150	25044	
1370	9248	24968	
1399	9271	25031	
1369	9324	24953	
1334	9339	24975	
1365	9258	25015	
1374	9107	25115	
1380	9209	25003	
1311	9080	25139	
1423	9297	24937	
1389	9135	25157	
1359	9248	25011	
1313	9251	25037	
1427	8954	25310	
1343	9127	25037	
1387	9417	24941	
1393	9087	25088	
1305	9250	25139	
1353	9130	25118	
1354	9174	25036	
1330	9253	25106	
1305	9228	25112	
1306	9114	25135	
1352	9418	24737	
1343	9121	24977	
1317	9286	24892	
1295	9103	25206	
1348	9225	25030	
1332	9259	24977	
1348	9257	25039	
1360	9293	25057	
1427	9165	25164	
1363	9099	25207	
1384	9355	24930	
1321	9286	25013	
1374	9137	25048	
1394	9284	25044	
1340	9223	25054	
1379	9144	25078	
1417	9136	25169	
1356	9135	25036	
1328	9216	25027	
1328	9089	25100	
1338	9148	25175	
1374	9319	24902	
1345	9033	25119	
1351	9195	25095	
1310	9216	25130	
1400	9195	25040	
1345	9183	24854	
1361	9254	24959	
1328	9364	24876	
1338	9213	25039	
1402	9119	25110	
1350	9188	24935	
1344	9207	25090	
1303	9269	24877	
1349	9050	25127	
1328	9204	24932	
1374	9140	25151	
1389	9185	24999	
1421	9101	25083	
1343	9054	25232	
1406	9225	24959	
1427	9199	24985	
1389	9070	25018	
1385	9196	24968	
1326	9199	25009	
1337	9239	25028	
1392	9261	24981	
1332	9204	25018	
1356	9162	25152	
1353	9313	24869	
1321	9233	25058	
1341	9148	24986	
1371	9317	24881	
1311	9095	25116	
1336	9033	25154	
1334	9237	25011	
1388	9250	25026	
1423	9097	25161	
1393	9246	24984	
1376	9117	25128	
1352	9234	24977	
1339	9108	25143	
1322	9307	25063	
1369	9293	24950	
1355	9263	25003	
1389	9261	24988	
1338	9234	25056	
1374	9180	25047	
1332	9167	25058	
1321	9341	24944	
1435	9236	25002	
1308	9218	25084	
1400	9305	24909	
1352	9215	25112	
1349	9242	25018	
1386	9110	25057	
1369	9096	25032	
1414	9220	25099	
1338	9082	25096	
1315	9114	25129	
1417	9100	25088	
1322	9228	24983	
1354	9118	25101	
1326	9320	25046	
1366	9210	25054	
1336	9278	24922	
1395	9087	25082	
1354	9297	25011	
1338	9055	25107	
1370	9172	25037	
1302	9136	25169	
1340	9106	25044	
1354	9087	25086	
1358	9151	25208	
1335	9193	25061	
1380	9077	25244	
1370	9267	25191	
1362	9146	25133	
1371	9198	25051	
1323	9054	25167	
1330	9133	25064	
1363	9108	25084	
1404	9009	25018	
1335	9241	24977	
1339	9186	25022	
1299	9224	25010	
1323	9254	24971	
1290	9240	25162	
1296	9241	25095	
1290	9232	25088	
1339	9152	25023	
1341	9221	25018	
1357	9101	24987	
1282	9192	25160	
1320	9296	25064	
1381	9222	24824	
1376	9250	25015	
1333	9209	24931	
1388	9330	24884	
1341	9207	24873	
1335	9161	25186	
1357	9275	25038	
1398	9214	24922	
1309	9154	25111	
1305	9148	25146	
1361	9201	24979	
1399	9178	25082	
1409	9290	25109	
1388	9215	24973	
1310	9153	25209	
1339	9346	24992	
1372	9214	25119	
1304	9193	25102	
1386	9255	25038	
1371	9277	24942	
1348	9243	25008	
1358	9116	25088	
1334	9292	24953	
1306	9251	25005	
1287	9109	25209	
1362	9150	25128	
1355	9257	25083	
1389	9169	25063	
1345	9218	25055	
1354	9187	25107	
1394	9288	24945	
1328	9356	24974	
1369	9144	24938	
1319	9184	25030	
1362	9191	25031	
1356	9163	25075	
1336	9117	25128	
1343	9111	24984	
1333	9198	25075	
1431	9198	25057	
1348	9239	25033	
1352	9236	25076	
1360	9137	25078	
1308	9175	25068	
1365	9051	25273	
1339	9167	25091	
1411	9284	24891	
1376	9156	25020	
1376	9265	24957	
1332	9221	24995	
1472	9325	24853	
1361	9238	25031	
1324	9286	24956	
1318	9101	25226	
1289	9200	25119	
1395	9013	25306	
1325	9315	24972	
1296	9125	25107	
1368	9316	24909	
1388	9120	25036	
1349	9152	25046	
1350	9284	25067	
1328	9126	25092	
1318	9306	24931	
1409	9269	25074	
1299	9030	25176	
1383	9251	24935	
1323	9034	25155	
1333	9286	24993	
1419	9177	25059	
1274	9225	25092	
1375	9233	24894	
1309	9222	25025	
1446	9176	25083	
1393	9375	24819	
1361	9130	25010	
1328	9237	24988	
1390	9249	24917	
1338	9148	25105	
1412	9215	25057	
1419	9172	24922	
1328	9221	25055	
1269	9370	24948	
1348	9097	25058	
1388	9213	24979	
1339	9213	24945	
1332	9176	25132	
1385	9162	25141	
1331	9219	25004	
1351	9364	24915	
1382	9343	25048	
1383	9209	25062	
1313	9132	25191	
1341	9298	24988	
1324	9265	24981	
1371	8996	25124	
1372	9473	24768	
1349	9192	25087	
1325	9260	24877	
1342	9176	25019	
1326	9277	24946	
1498	9096	25177	
1334	9127	25016	
1329	9125	25218	
1326	9121	25132	
1354	9196	24969	
1308	9093	25127	
1359	9104	25194	
1344	9072	25175	
1369	9123	25053	
1347	9041	25178	
1303	9029	25193	
1376	9207	25008	
1382	9240	25018	
1314	9228	25043	
1345	9084	25161	
1338	9214	25054	
1351	9267	25087	
1341	9074	25133	
1444	9246	24964	
1327	9315	24916	
1360	9105	25123	
1317	9243	25011	
1383	9208	25052	
1350	9317	24983	
1393	9213	24922	
1381	9119	25061	
1388	9141	25165	
1410	9210	24996	
1320	9267	25027	
1307	9284	24982	
1336	9158	25128	
1333	9092	25126	
1354	9138	24981	
1303	9255	25022	
1332	9086	25041	
1375	9173	25106	
1364	9224	24955	
1387	8983	25081	
1388	9169	25038	
1348	9143	25113	
1246	9231	25014	
1450	9190	24932	
1333	9117	25018	
1340	9167	25020	
1317	9095	25074	
1319	9101	25125	
1343	9308	24962	
1419	9182	25035	
1379	9136	25157	
1397	8992	25282	
1356	9118	25078	
1380	9162	25019	
1352	9260	25014	
1331	9324	25063	
1341	9160	25009	
1330	9199	25157	
1382	9247	24987	
1419	9071	24992	
1308	9223	25137	
1365	9278	25013	
1350	9123	25228	
1359	9231	24987	
1302	9223	25042	
1346	9263	25040	
1300	9243	25081	
1368	9154	24998	
1371	9266	24965	
1428	9229	24979	
1400	9300	24861	
1374	9197	25037	
1343	9113	25037	
1336	9174	25040	
1369	9220	25016	
1377	9458	24920	
1376	9225	24961	
1298	9029	25249	
1385	9173	25004	
1406	9031	25125	
1349	9164	25071	
1348	9229	25071	
1406	9131	25143	
1337	9260	25016	
1376	9215	24901	
1384	9269	24987	
1396	9244	24946	
1350	9321	24969	
1448	9120	25154	
1329	9199	25180	
1360	9163	25151	
1348	9189	25024	
1341	9017	25248	
1405	9213	24875	
1430	9370	24996	
1336	9226	24987	
1372	9158	25024	
1288	9194	25000	
1431	9162	24919	
1363	9255	25117	
1327	9173	25170	
1358	9161	25236	
1342	9272	25004	
1365	9256	24974	
1323	9212	25079	
1357	9079	25122	
1309	9229	24907	
1344	9153	25006	
1347	9264	25052	
1261	9410	24870	
1387	9103	25045	
1335	9160	24968	
1446	9072	25094	
1349	9233	24893	
1305	9252	25026	
1391	9099	25069	
1354	9347	24904	
1369	9217	25042	
1490	9230	25098	
1357	9137	24983	
1319	9171	25037	
1357	9086	25105	
1395	9072	25052	
1351	9170	25086	
1359	9150	25093	
1408	9097	25128	
1298	9178	25138	
1372	9100	25087	
1350	9137	25038	
1337	9118	25123	
1381	9135	25119	
1315	9198	25002	
1267	9287	24891	
1390	9257	24974	
1351	9109	25073	
1330	9140	25031	
1353	9311	24803	
1346	9136	25013	
1352	9157	25075	
1410	9268	24988	
1305	9170	25102	
1366	9291	25049	
1326	9282	24992	
1339	9430	24898	
1371	9205	24942	
1342	9174	25049	
1352	9257	25123	
1310	9126	25173	
1296	9246	25094	
1317	9145	25202	
1303	9240	25068	
1316	9309	25030	
1418	9324	24890	
1380	9190	24986	
1332	9269	25001	
1401	9103	25083	
1320	9106	25069	
1392	9246	25082	
1328	9284	25113	
1353	9188	24896	
1376	9284	25013	
1364	9202	25029	
1314	9182	25071	
1370	9265	24972	
1389	9279	24952	
1339	9266	24996	
1360	9157	25054	
1345	9207	24985	
1337	9239	25034	
1396	9109	25014	
1394	9074	25043	
1361	9217	25106	
1400	9179	25037	
1356	9281	24911	
1350	9106	25148	
1334	9249	24900	
1401	9183	25087	
1394	9155	25078	
1381	9279	24933	
1343	9269	25107	
1346	9201	25032	
1312	9123	25168	
1338	9292	24929	
1317	9120	25053	
1394	9390	24951	
1390	9080	25008	
1298	9337	25033	
1355	9145	25124	
1322	9217	25037	
1359	9329	24981	
1335	9258	24942	
1384	9374	24817	
1383	9051	25143	
1424	9230	24956	
1402	9109	25192	
1385	9118	25153	
1358	9274	24997	
1289	9035	25265	
1370	9239	24930	
1365	9142	25061	
1350	9225	25068	
1318	9270	24960	
1365	9169	25080	
1403	9205	25067	
1381	9198	25129	
1401	9242	24980	
1314	9315	24996	
1348	9032	25210	
1402	9120	25052	
1276	9130	25189	
1401	9187	25104	
1275	9340	24824	
1390	9406	24947	
1402	9236	25029	
1327	9185	25085	
1382	9134	25039	
1401	9357	24971	
1340	9089	25105	
1351	9234	24911	
1381	9035	25155	
1311	9221	25030	
1360	9166	25058	
1368	9076	25160	
1370	9114	25169	
1305	9237	25087	
1290	9071	25180	
1428	9197	24919	
1368	9111	25160	
1406	9156	24975	
1299	9080	25174	
1319	9212	24974	
1407	9223	25038	
1377	9303	24956	
1448	9167	25035	
1348	9085	25176	
1353	9146	25086	
1382	9242	25068	
1432	9128	25085	
1369	9228	25103	
1342	9107	25086	
1460	9301	24992	
1294	9041	25157	
1258	9192	25100	
1324	9298	24965	
1349	9151	25024	
1364	9226	25005	
1276	9260	25136	
1306	9145	25076	
1359	9123	25125	
1371	9220	25002	
1367	9150	25156	
1348	9386	24953	
1361	9192	24909	
1406	9298	25042	
1374	9167	25000	
1402	9200	25053	
1331	9090	25152	
1280	9201	25076	
1365	9256	25009	
1339	9274	24985	
1328	9301	24850	
1327	9107	25066	
1382	9165	25028	
1363	9309	24823	
1409	9273	24909	
1333	9062	25169	
1330	9358	24973	
1356	9207	25124	
1307	9232	25041	
1291	9209	25023	
1381	9148	25063	
1338	9173	25090	
1281	9198	25028	
1342	9193	24975	
1341	9148	25079	
1401	9172	25043	
1349	9159	25160	
1405	9176	25060	
1362	9129	25123	
1351	9332	24973	
1335	9251	24983	
1337	9327	24940	
1310	9126	25115	
1377	9166	25008	
1401	9179	25096	
1383	9169	25082	
1317	9221	24958	
1359	9103	25193	
1356	9215	24971	
1340	9199	25030	
1310	9254	25050	
1349	9100	25127	
1357	9269	25041	
1349	9355	24841	
1278	9152	25063	
1322	9159	25072	
1323	9091	25191	
1368	9142	25053	
1316	9121	25120	
1335	9226	25027	
1339	9193	25086	
1278	9249	25000	
1354	9291	25045	
1408	9063	25139	
1359	9168	25004	
1327	9160	25076	
1293	9171	25209	
1407	9184	24923	
1323	9289	25022	
1426	9163	25080	
1341	9286	24913	
1353	9145	24977	
1422	9163	25124	
1354	9013	25146	
1342	9215	25089	
1337	9134	25053	
1346	9067	25044	
1241	9115	25134	
1379	9205	25190	
1353	9150	24998	
1296	8998	25174	
1316	9178	25128	
1352	9070	25077	
1389	9159	25108	
1364	9219	24858	
1390	9299	25024	
1308	9228	25004	
1357	9068	25133	
1356	9206	24873	
1386	9270	24935	
1376	9159	24991	
1386	9219	24962	
1416	9269	24924	
1368	9428	24887	
1357	9213	25114	
1394	9114	25060	
1390	9354	24840	
1398	9238	24947	
1364	9152	25047	
1299	9246	25039	
1343	9367	24917	
1365	9102	25064	
1381	9162	25040	
1339	9178	25138	
1329	9303	24970	
1380	9202	25172	
1296	9183	25122	
1324	9179	25045	
1335	9085	25091	
1379	9106	25025	
1350	9028	25191	
1382	9174	24984	
1375	9014	25285	
1359	9238	25032	
1330	9213	25022	
1372	9139	25020	
1394	9201	25020	
1325	9127	25025	
1360	9213	24992	
1376	9265	24895	
1320	9128	25144	
1335	9309	24939	
1391	9182	25044	
1325	9190	25088	
1360	9119	25134	
1346	9195	25196	
1404	9182	25032	
1354	9312	24937	
1334	9230	25094	
1370	9241	24960	
1361	9534	24749	
1411	9149	25226	
1335	9147	25020	
1333	9248	24913	
1311	9412	24924	
1415	9090	25048	
1299	9182	25010	
1361	9144	25035	
1278	9249	25050	
1377	9164	25054	
1362	9253	24991	
1393	9238	24930	
1370	9265	25007	
1419	9261	24937	
1344	9203	24970	
1317	9234	25081	
1299	9110	25048	
1288	9010	25253	
1407	9243	25020	
1415	9112	25047	
1346	9114	25080	
1354	9121	24979	
1422	9167	25023	
1338	9147	25262	
1338	9284	25033	
1393	9109	25160	
1408	9040	24996	
1362	9093	25052	
1351	9292	25005	
1394	9198	24996	
1262	9245	25159	
1361	9320	25074	
1381	9144	25002	
1320	9219	25129	
1356	9249	24992	
1319	9187	24785	
1358	9080	25167	
1349	9049	25201	
1406	9093	25180	
1336	9390	24795	
1308	9125	25213	
1289	9179	25110	
1269	9351	24928	
1380	9234	24947	
1326	9054	25107	
1415	9234	25091	
1304	9150	25080	
1356	9179	25120	
1401	9179	25057	
1398	9259	24935	
1401	9099	25098	
1437	9154	25019	
1348	9305	25003	
1386	9182	24937	
1363	9239	24861	
1391	9165	25044	
1346	9286	24920	
1337	9207	24990	
1365	9073	25287	
1361	9254	25040	
1344	9189	24982	
1418	9244	25064	
1293	9338	25059	
1318	9322	24810	
1286	9317	24868	
1333	9260	24974	
1372	9203	25016	
1355	9231	25092	
1383	9284	24862	
1373	9248	24984	
1394	9175	24987	
1351	9145	25075	
1448	9173	25077	
1346	9293	24964	
1295	9448	24982	
1342	9144	25097	
1373	9190	25069	
1356	9434	24787	
1399	9231	24947	
1408	9183	25096	
1315	9252	25076	
1369	9258	25013	
1349	9175	25077	
1404	9337	24948	
1350	9114	25062	
1385	9149	24981	
1339	9118	25091	
1327	9080	25076	
1357	9253	24994	
1399	9273	24883	
1380	9318	24960	
1412	9033	25132	
1307	9262	25180	
1338	9154	25194	
1389	9107	25151	
1367	9217	25044	
1353	9078	25166	
1313	9223	25061	
1320	9067	25207	
1406	9145	25053	
1299	9321	25029	
1331	9155	25069	
1345	9208	25101	
1367	9179	24990	
1344	9206	25055	
1285	9187	25074	
1335	9213	24997	
1322	9008	25245	
1368	9280	24919	
1398	9082	25102	
1355	9187	25002	
1304	9090	25182	
1411	9053	25090	
1384	9165	25089	
1365	9271	25074	
1280	9186	25042	
1350	9137	25133	
1340	9208	24973	
1273	9252	25095	
1360	9107	25219	
1377	9172	25081	
1382	9087	25188	
1308	9112	25136	
1325	9202	25132	
1397	9085	25159	
1397	9117	25093	
1353	9334	24906	
1448	9214	24876	
1384	9303	24890	
1355	9267	25039	
1410	9162	25056	
1368	9158	25006	
1303	9140	25120	
1417	8992	25250	
1392	9186	25148	
1349	9250	25062	
1394	9232	25065	
1385	9074	25202	
1290	9257	25098	
1297	9204	25075	
1370	9291	24961	
1333	9236	24939	
1330	9107	25139	
1380	9159	25054	
1380	9183	25173	
1437	9217	24961	
1330	9179	25034	
1346	9293	25001	
1344	9331	24921	
1414	9193	25090	
1399	9113	25059	
1367	9363	24934	
1441	9191	25034	
1416	9163	25026	
1364	9100	25038	
1302	9088	25094	
1415	9119	25096	
1405	9224	24921	
1359	9115	25154	
1364	9112	25164	
1345	9267	24983	
1386	9061	25176	
1346	9094	25148	
1391	9172	24977	
1414	9171	24984	
1377	9143	25087	
1359	9128	25196	
1333	9182	25100	
1278	9066	25135	
1325	9179	25211	
1362	9162	25120	
1356	9220	25091	
1366	9142	25079	
1334	9246	25038	
1363	9149	24936	
1357	9260	24962	
1384	9193	25077	
1416	9119	25074	
1406	9348	24921	
1362	9162	25142	
1392	9052	25183	
1425	9179	24974	
1361	9160	25105	
1385	9270	24957	
1383	9186	24947	
1308	9195	25102	
1351	9248	24948	
1287	9145	25096	
1375	9270	25013	
1355	9103	25041	
1404	9214	25093	
1317	9187	25058	
1332	9129	25205	
1367	9162	25133	
1325	9276	24939	
1370	9287	24832	
1379	9201	24989	
1379	9132	25146	
1294	9128	25174	
1268	9102	25170	
1380	9088	25044	
1422	9071	25091	
1388	9147	25159	
1325	9207	25042	
1326	9304	24978	
1307	9232	24961	
1304	9179	25070	
1365	9330	24960	
1326	9364	24901	
1339	9102	25095	
1290	9158	25203	
1388	9097	25047	
1332	9235	25009	
1415	9250	25005	
1393	9241	25055	
1345	9217	24939	
1321	9168	25028	
1334	9140	25052	
1394	9182	25053	
1380	9222	24960	
1338	9191	25007	
1344	9284	24934	
1368	9263	24905	
1365	9213	25058	
1395	9118	24960	
1372	9068	25179	
1328	9140	25110	
1401	9046	25182	
1295	9272	24918	
1409	9105	25130	
1351	9193	25033	
1369	9067	25072	
1390	9051	25066	
1389	9115	25212	
1397	9254	25030	
1364	9250	25063	
1381	9174	24968	
1293	9207	24959	
1305	9280	25071	
1354	9252	24988	
1313	9201	25079	
1374	9086	25166	
1400	9041	25144	
1380	9036	25147	
1326	9123	25087	
1406	9282	24841	
1336	9218	25090	
1343	9212	25053	
1382	9182	25025	
1361	9287	24954	
1382	9124	25130	
1296	9064	25120	
1349	9177	25128	
1251	9140	25165	
1366	9098	25051	
1329	9122	25160	
1298	9137	25048	
1346	9158	25087	
1358	9241	25016	
1436	9330	24875	
1322	9209	25147	
1343	9283	24921	
1342	9128	25102	
1368	9268	24961	
1292	9176	25122	
1384	9183	25082	
1330	9269	24951	
1303	9161	25089	
1302	9313	24985	
1341	9245	24979	
1297	9082	25259	
1342	9148	25101	
1319	9096	25071	
1388	9240	24993	
1356	9192	24966	
1338	9103	25048	
1407	9276	25045	
1363	9150	25044	
1343	9307	24923	
1384	9120	25132	
1386	9066	25189	
1396	9163	25020	
1347	9091	25070	
1350	9050	25159	
1408	9065	25193	
1349	9180	24983	
1265	9259	25115	
1304	9093	25097	
1385	9172	25003	
1332	9188	25165	
1328	9177	25025	
1394	9282	24885	
1296	9098	25083	
1332	9124	24944	
1279	9148	25069	
1366	9265	25000	
1401	9161	24904	
1316	9251	25014	
1340	9161	25072	
1350	9219	25076	
1422	9240	25026	
1319	9193	25117	
1421	9204	25125	
1308	9258	25006	
1364	9274	24778	
1349	9159	25011	
1304	9246	25085	
1297	9191	25142	
1359	9277	25157	
1281	9108	25157	
1369	9304	24882	
1456	9210	24826	
1245	9191	25017	
1374	9185	25104	
1269	8997	25141	
1340	9144	25207	
1348	9049	25188	
1433	9030	25143	
1375	9144	25039	
1371	9278	25047	
1378	9116	25052	
1310	9210	25002	
1342	9221	25085	
1403	9228	24945	
1298	9293	24909	
1354	9209	25084	
1357	9020	25212	
1487	9116	24826	
1345	9090	25101	
1393	9291	25062	
1364	9163	25115	
1372	9171	25085	
1337	9427	24849	
1381	9257	24933	
1310	9230	25124	
1390	9256	24938	
1377	9189	25053	
1419	9057	25034	
1380	9260	24853	
1382	9206	25047	
1404	9186	25087	
1355	9314	24905	
1345	9191	25010	
1378	9186	25001	
1335	9078	25168	
1311	9278	25054	
1266	9148	25102	
1351	9275	24998	
1402	9180	24974	
1322	9208	25060	
1414	9379	24833	
1332	9247	24970	
1388	9235	24872	
1401	9245	25125	
1389	9047	25166	
1334	9178	25156	
1331	9245	24971	
1308	9340	24970	
1342	9189	24968	
1351	9322	24957	
1311	9255	25003	
1383	9296	24958	
1402	9273	24913	
1316	9300	24917	
1392	9228	25096	
1326	9077	25130	
1348	9187	25031	
1329	9354	24948	
1390	9129	24972	
1320	9290	25016	
1358	9233	24982	
1338	9108	25107	
1312	9166	25053	
1355	9294	24990	
1379	9085	25072	
1386	9175	25101	
1336	9150	25037	
1379	9159	25047	
1290	9230	25033	
1383	9338	24989	
1334	9095	25080	
1358	9138	25238	
1303	9099	25293	
1431	9126	25018	
1312	9408	24925	
1314	9294	25045	
1371	9277	24902	
1377	9193	24984	
1360	9103	25054	
1356	9307	25037	
1319	9289	24920	
1352	9303	24952	
1383	9277	24919	
1361	9256	24992	
1360	9199	24972	
1358	9136	25065	
1330	9200	25018	
1365	9142	25098	
1391	9172	25146	
1331	9110	25114	
1309	9228	25017	
1358	9188	25122	
1371	9204	24972	
1411	9192	24961	
1310	9247	24973	
1310	9333	24952	
1342	9044	25233	
1377	9223	25032	
1312	9105	25119	
1405	9256	24962	
1372	9021	25270	
1327	9263	25043	
1343	9199	25062	
1391	9201	25056	
1408	9272	24966	
1359	9259	25036	
1423	9082	25107	
1331	9249	25114	
1433	9314	25062	
1369	9132	25086	
1386	9227	25041	
1370	9248	24945	
1428	9119	25088	
1302	9291	25019	
1374	9210	25007	
1395	9173	24893	
1327	9156	25028	
1404	9091	25115	
1383	9143	24974	
1287	9308	25120	
1305	9215	25117	
1269	9186	25102	
1408	9057	25190	
1362	9168	25112	
1367	9143	25041	
1375	9172	25126	
1378	9091	25194	
1383	9204	24825	
1339	9307	24997	
1345	9279	25089	
1397	9049	25055	
1348	9301	25013	
1324	9330	24903	
1383	9148	25085	
1431	9194	24973	
1364	9265	24992	
1277	9064	25213	
1317	9010	25233	
1311	9159	25108	
1386	9094	24952	
1393	9255	24990	
1383	9163	25042	
1328	9186	24877	
1407	9188	24938	
1319	9168	25075	
1420	9102	25032	
1322	9242	25175	
1338	9232	24970	
1354	9278	25017	
1356	9156	25101	
1453	9213	24945	
1422	9080	24949	
1318	9147	25131	
1353	9272	25105	
1391	9214	25059	
1367	9351	24889	
1362	9235	24982	
1384	9064	25309	
1314	9216	25050	
1302	9187	25100	
1297	9071	25191	
1355	9120	25187	
1416	9181	24932	
1389	9214	25005	
1462	9138	25004	
1290	9170	25032	
1354	9166	25086	
1394	9148	25065	
1418	9107	25126	
1337	9094	25040	
1309	9403	24898	
1372	9022	25169	
1352	9345	24867	
1380	9042	25192	
1378	9236	24989	
1359	9258	24979	
1285	9248	25108	
1374	9009	25200	
1423	9145	25113	
1386	9345	24950	
1342	9337	25005	
1307	9171	25130	
1351	9221	25056	
1373	9153	25032	
1323	9205	25010	
1342	9076	25155	
1309	9161	25146	
1327	9251	24898	
1352	9120	25153	
1415	9314	24886	
1373	9110	24983	
1338	9187	25086	
1440	9149	25078	
1324	9191	25082	
1374	9268	24852	
1348	9188	25011	
1400	9169	25040	
1407	9107	25072	
1363	9226	24965	
1333	9166	25065	
1325	9217	25041	
1287	9325	24846	
1356	9167	25041	
1333	9340	24960	
1351	9095	25077	
1356	9167	24970	
1338	9279	25038	
1380	9201	24954	
1347	9167	25077	
1331	9053	25097	
1277	9241	25142	
1261	9076	25206	
1373	9248	24939	
1382	9085	25196	
1396	9264	24992	
1379	9273	24862	
1401	9150	25097	
1330	9255	24977	
1348	9186	25039	
1354	9325	24977	
1358	9250	24929	
1408	9412	24886	
1339	9276	25050	
1385	9148	24959	
1386	9120	25072	
1333	9379	24929	
1394	9221	24846	
1339	9156	25122	
1319	9129	25183	
1345	9245	25090	
1360	9078	25066	
1346	9128	25080	
1374	9278	24920	
1395	9179	25005	
1370	9210	25034	
1336	9309	24986	
1337	9261	25006	
1369	9291	24840	
1344	9226	25101	
1350	9252	24936	
1363	9239	24889	
1338	9152	25071	
1356	9454	24857	
1350	9216	24972	
1484	9026	25243	
1385	9261	24946	
1388	9308	24975	
1332	9296	24934	
1380	9167	24983	
1348	9216	24993	
1368	9264	24985	
1309	9216	25045	
1377	9158	25099	
1365	9337	25000	
1356	9201	25025	
1402	9340	24906	
1396	9127	25024	
1345	9312	24954	
1317	9225	25133	
1354	9181	25162	
1377	9191	24992	
1295	9200	25115	
1411	9206	25046	
1395	9101	24941	
1322	9137	25062	
1341	9278	24864	
1392	9168	24973	
1327	9059	25170	
1350	9307	24965	
1378	9203	25072	
1338	9198	24850	
1399	9284	24993	
1364	9158	25177	
1379	9199	25098	
1346	9148	25050	
1417	9208	24943	
1418	9357	24795	
1311	9066	25144	
1366	9218	25028	
1338	9026	25155	
1363	9251	25001	
1376	9241	25106	
1342	9100	25084	
1421	9311	24856	
1315	9287	24982	
1312	9257	24902	
1403	9214	24990	
1332	9141	25175	
1345	9140	25121	
1305	9091	25077	
1394	9045	25202	
1361	9230	24910	
1312	9180	25147	
1364	9150	25085	
1329	9248	25004	
1358	9169	25100	
1358	9231	25011	
1335	9223	25051	
1387	9319	24893	
1386	9205	24952	
1366	9196	25096	
1340	9241	24918	
1315	9310	24913	
1282	9153	25090	
1289	9030	25148	
1324	9113	25124	
1343	9222	25082	
1310	9268	25052	
1319	9126	24968	
1384	9143	25097	
1387	9227	24894	
1361	9142	24978	
1398	9243	24958	
1300	9322	24962	
1381	9137	25044	
1392	9276	24981	
1350	9154	25182	
1382	9190	25008	
1353	9173	25050	
1404	9326	24901	
1401	9321	24964	
1358	9070	25141	
1368	9370	24864	
1330	9042	25106	
1363	9054	25109	
1346	9234	24985	
1346	9408	24856	
1317	9264	24802	
1321	9224	24910	
1375	9236	25104	
1366	9071	25190	
1275	9030	25115	
1389	9232	24956	
1383	9215	24941	
1339	9230	25019	
1404	9193	25073	
1370	9219	24995	
1310	9101	25098	
1346	9200	25050	
1323	9182	25092	
1316	9044	25135	
1340	9169	25081	
1310	9241	24893	
1342	9358	24968	
1326	9230	25172	
1409	9217	25158	
1354	9026	25215	
1342	9172	25012	
1324	9107	25034	
1377	9245	25015	
1314	9139	25020	
1412	9122	25139	
1337	9176	25083	
1375	9304	24962	
1274	9269	25031	
1408	9252	24916	
1307	9343	25012	
1350	8985	25240	
1391	9110	25071	
1375	9198	25071	
1325	9104	25092	
1337	9051	25072	
1393	9202	25070	
1376	9277	25024	
1355	9354	24897	
1340	9198	25072	
1367	9322	25007	
1325	9180	25096	
1365	9156	24989	
1360	9213	25038	
1375	9115	25182	
1358	9304	24972	
1337	9174	25133	
1424	9262	25007	
1396	9298	25001	
1349	9069	25100	
1343	9223	25012	
1377	9114	24977	
1368	9179	24997	
1383	9164	24990	
1377	9158	25026	
1330	9117	24943	
1392	9171	25030	
1325	9157	25112	
1299	9070	25160	
1296	9189	24997	
1345	9308	24973	
1411	9129	25082	
1407	9221	25034	
1370	9312	24907	
1342	9210	25055	
1402	9124	25097	
1293	9178	25024	
1378	9236	25030	
1394	9255	25073	
1351	9241	24959	
1410	9072	25083	
1379	9163	25136	
1351	9279	24902	
1311	9053	25141	
1458	9205	24987	
1353	9244	25070	
1350	9162	24917	
1322	8993	25324	
1406	9075	25145	
1312	9210	24968	
1286	9112	25149	
1303	9293	24958	
1373	9230	24909	
1429	9115	25170	
1337	9344	25070	
1362	9189	24949	
1403	9137	25011	
1321	9233	25061	
1375	9164	24952	
1382	9092	25081	
1359	9186	25081	
1344	9136	25272	
1337	9393	24913	
1328	9077	25020	
1383	9337	24879	
1347	9105	25191	
1281	9333	25029	
1328	9176	25057	
1332	9265	25070	
1333	9141	25141	
1382	9132	25117	
1438	9101	25097	
1304	9253	24998	
1367	9046	25243	
1279	9272	24795	
1341	9185	25099	
1393	9193	25015	
1338	9350	24875	
1400	9264	24974	
1308	9049	25269	
1368	9292	24948	
1271	9286	25014	
1364	9131	25124	
1421	9139	25107	
1360	9185	25160	
1372	9249	25001	
1283	9231	25022	
1315	9121	25125	
1392	9105	24986	
1360	9227	25077	
1393	9221	25050	
1377	9164	24983	
