1369	9147	25114	
1307	9180	25060	
1264	9200	25128	
1362	9349	25021	
1319	9191	24953	
1420	9148	25114	
1350	9040	25086	
1388	9086	25108	
1329	9165	25084	
1254	9071	25091	
1322	9244	24955	
1248	9089	25138	
1335	9179	25065	
1295	9258	24982	
1395	9182	25095	
1374	9225	25108	
1342	9288	25031	
1356	9204	25019	
1353	9228	25027	
1383	9228	24979	
1273	9317	24946	
1342	9097	25180	
1323	9251	24951	
1312	9319	24927	
1295	9190	25022	
1336	9305	24961	
1445	9030	25212	
1313	9507	24835	
1274	9247	24970	
1388	9273	25001	
1383	9292	25000	
1395	9169	25158	
1343	9069	25242	
1320	9345	24928	
1354	9127	25108	
1387	9196	24964	
1322	9295	25059	
1259	9150	25087	
1387	9193	24997	
1390	9253	24892	
1400	9193	25089	
1334	9149	25160	
1385	9159	25033	
1362	9287	24992	
1406	9291	24993	
1286	9302	24960	
1340	9195	25075	
1384	9079	25178	
1356	9214	24932	
1379	9230	24957	
1325	9202	25051	
1351	9178	25116	
1297	9285	24947	
1359	9204	25022	
1347	9197	25154	
1275	9352	24923	
1375	9197	25005	
1327	9274	25011	
1317	9226	25033	
1408	9150	25046	
1328	9142	25212	
1332	9224	25046	
1363	9086	25035	
1401	9228	25022	
1349	9010	25207	
1387	9222	24916	
1373	9283	24951	
1354	9125	25058	
1351	8999	25275	
1422	9072	25211	
1381	9215	24979	
1390	9227	24953	
1369	9099	25168	
1368	9253	25069	
1378	9124	25013	
1380	9316	24875	
1400	9254	24958	
1329	9328	24980	
1387	9053	25221	
1314	9215	25172	
1343	9139	25109	
1361	9211	25043	
1424	9027	25084	
1377	9292	25069	
1389	9070	25061	
1386	9055	25098	
1413	9147	24969	
1388	9167	25110	
1356	9117	25117	
1364	9154	25030	
1311	9249	24899	
1349	9166	25185	
1322	9169	25045	
1285	9148	25080	
1328	9216	25088	
1364	9127	25131	
1428	9214	24915	
1354	9292	25019	
1351	9237	25023	
1404	9158	25002	
1356	9027	25177	
1367	9225	24965	
1372	9166	25001	
1384	9252	24990	
1372	9189	25017	
1363	9243	24953	
1342	9186	25044	
1381	9059	25158	
1283	9452	24933	
1325	9115	25115	
1378	9062	25167	
1309	9094	25140	
1322	9267	25090	
1334	9236	25124	
1376	9194	25134	
1333	9254	25063	
1446	9263	25130	
1328	9280	25006	
1376	9226	24961	
1391	9140	25201	
1406	9088	25214	
1374	9158	25085	
1337	9126	25168	
1362	9098	25167	
1421	9310	24852	
1344	9208	25014	
1348	9158	25004	
1393	9114	24976	
1372	9217	24994	
1336	9213	25068	
1355	9141	25020	
1355	9279	24932	
1425	9166	24987	
1348	9175	24950	
1322	9102	25194	
1304	9225	25089	
1353	9099	24985	
1375	9127	25061	
1323	9229	25061	
1378	9206	25058	
1356	9029	25222	
1315	9163	25084	
1367	9364	24869	
1362	9129	25119	
1340	9184	25206	
1377	9210	25086	
1414	9199	25059	
1410	9205	25040	
1339	9178	25164	
1385	9235	24929	
1392	9233	24919	
1385	9166	24941	
1353	9295	24991	
1358	9232	24949	
1398	9093	25186	
1253	9248	25077	
1322	9338	24892	
1360	9150	25145	
1363	9248	25081	
1306	9134	25074	
1381	9205	24964	
1360	9179	24926	
1266	9289	24997	
1431	9132	25136	
1364	9259	24947	
1387	9072	25091	
1393	9149	25027	
1447	9182	24983	
1377	8985	25224	
1369	9227	25019	
1376	9176	24998	
1380	9183	25062	
1339	9133	25023	
1358	9401	24750	
1338	9309	25007	
1340	9149	25101	
1403	9151	25047	
1334	9122	25089	
1354	9116	25092	
1336	9137	24987	
1350	9111	25038	
1376	9285	24948	
1345	9289	24850	
1285	9177	24996	
1303	9239	25042	
1370	9325	24929	
1351	9203	25080	
1379	9120	25138	
1371	9208	25072	
1396	9233	24923	
1313	9290	25024	
1334	9288	25007	
1327	9141	25029	
1368	9328	24784	
1371	9079	25178	
1389	9345	25010	
1342	9214	25017	
1343	9241	25124	
1267	9191	25104	
1371	9110	25181	
1409	9061	25068	
1349	9202	25039	
1436	9295	25037	
1343	9224	25044	
1375	9148	25055	
1366	9337	24981	
1311	9287	25095	
1406	8984	25206	
1374	9315	24878	
1319	9205	24874	
1321	9169	25064	
1286	9255	25018	
1361	9105	25173	
1340	9094	25099	
1340	9182	25043	
1430	9289	24885	
1329	9232	25011	
1385	9130	25186	
1383	9217	24928	
1388	9058	25156	
1357	9321	24976	
1361	9340	24852	
1383	9121	25109	
1333	9172	25016	
1371	9333	24890	
1343	9278	24925	
1340	9165	24985	
1374	9282	25056	
1403	9118	25058	
1360	9174	25085	
1308	9277	24980	
1334	9225	25009	
1422	9230	24987	
1341	9167	25108	
1295	9352	24897	
1354	9090	25221	
1324	9213	25090	
1383	9027	25134	
1324	9176	25041	
1383	9278	24980	
1370	9135	25047	
1316	9251	24955	
1336	9255	24915	
1398	9317	24990	
1376	9239	25146	
1385	9258	24954	
1365	9259	24930	
1392	9120	25111	
1306	9189	25155	
1324	9334	24751	
1389	9163	25085	
1439	9235	25004	
1384	9281	25000	
1376	9100	25027	
1353	9209	25027	
1318	9296	25067	
1351	9129	25026	
1303	9172	25011	
1284	9208	24945	
1362	9213	25020	
1350	9239	24929	
1300	9126	25077	
1486	9120	25000	
1363	9265	24961	
1369	9326	24971	
1385	9208	24953	
1371	9323	24920	
1386	9150	25037	
1238	9146	25153	
1325	9267	25010	
1403	9231	25018	
1347	9007	25138	
1366	9169	25138	
1359	9235	24964	
1297	9119	25103	
1363	9254	25184	
1374	9202	24898	
1411	9214	25001	
1300	9203	25067	
1390	9104	24988	
1401	9072	25066	
1338	9249	24896	
1388	9221	25011	
1339	9104	25127	
1387	9257	24907	
1387	9319	24888	
1378	9000	25243	
1334	9297	24921	
1335	9337	24902	
1300	9256	24941	
1359	9234	24990	
1406	9037	25074	
1361	9196	24966	
1385	9121	25175	
1338	9226	25136	
1303	9141	25103	
1349	9312	25036	
1326	9328	25044	
1380	9251	25084	
1412	9289	24937	
1255	9222	25102	
1340	9144	25089	
1288	9128	25130	
1368	9060	25138	
1379	9370	24853	
1313	9131	25144	
1389	9281	24890	
1373	9260	25068	
1334	9287	24875	
1340	9288	24980	
1303	9318	25004	
1384	9143	25079	
1404	9157	25141	
1371	9280	25001	
1282	9483	24889	
1251	9271	25010	
1313	9177	24978	
1363	9177	25151	
1358	9233	25010	
1359	9166	25067	
1314	9192	25148	
1382	9213	25020	
1310	9297	25043	
1408	9403	25029	
1337	9088	25199	
1396	9203	24981	
1357	9283	25058	
1337	9215	25078	
1372	9186	25074	
1364	9351	24891	
1359	9129	25155	
1364	9274	24922	
1425	9177	25140	
1315	9099	25032	
1320	9121	25149	
1344	9216	24937	
1369	9115	25042	
1355	9131	25002	
1382	9265	24970	
1416	9060	25130	
1317	9120	25120	
1339	9140	25159	
1399	9275	25100	
1375	9301	24858	
1440	9113	24987	
1307	9045	25135	
1293	9228	25061	
1327	9157	25028	
1375	9133	25204	
1364	9374	24922	
1389	9316	24984	
1345	9157	24998	
1356	9232	24904	
1352	9250	25008	
1399	9158	25081	
1322	9276	24972	
1338	9210	24950	
1379	9169	25050	
1320	9175	24908	
1347	9173	25050	
1410	9135	25079	
1279	9149	25037	
1305	9214	25059	
1366	9203	24956	
1361	9182	25012	
1290	9270	25034	
1348	9186	25050	
1372	9149	25237	
1397	9282	24917	
1324	9143	25109	
1308	9178	25035	
1333	9088	25116	
1369	9214	25030	
1348	9201	24995	
1407	9077	24966	
1347	9157	25135	
1360	9217	24964	
1310	9270	24922	
1362	9173	25193	
1254	8984	25324	
1411	9172	24984	
1253	9143	25230	
1335	9135	25077	
1376	9072	25177	
1396	9253	24925	
1289	9221	25007	
1408	9366	24835	
1314	9231	24981	
1320	9248	25042	
1336	9229	24974	
1337	9213	24896	
1345	9276	24877	
1318	9234	25054	
1370	9216	24990	
1350	9327	24814	
1393	9082	25065	
1316	9248	24996	
1363	9198	25067	
1387	9231	24895	
1338	9025	25238	
1314	9316	24978	
1328	9196	25053	
1366	9168	25054	
1370	9191	25067	
1395	9148	25084	
1334	9110	25088	
1366	9216	25057	
1399	9194	25151	
1426	9214	25072	
1304	9263	25074	
1384	9009	25331	
1377	9234	25057	
1423	9228	25054	
1380	8958	25182	
1319	9089	25161	
1367	9275	25016	
1351	9249	24936	
1317	9299	24856	
1320	9120	25146	
1328	9169	25088	
1308	9144	25079	
1254	9357	24941	
1393	9098	25042	
1328	9352	24995	
1397	9181	25055	
1415	9088	25084	
1341	9200	25010	
1384	9177	25057	
1376	9168	25051	
1343	9115	25043	
1372	9203	25019	
1333	9354	24901	
1323	9195	25072	
1413	9212	25050	
1329	9220	25096	
1289	9183	25065	
1347	9052	25183	
1336	9296	24935	
1393	9189	25061	
1352	9143	25016	
1302	9048	25212	
1372	9201	24936	
1372	9261	24973	
1300	9209	25119	
1334	9276	25074	
1357	9132	24994	
1344	9238	25102	
1311	9123	25161	
1342	9161	25097	
1378	9174	25123	
1354	8977	25164	
1304	9274	24951	
1320	9295	24879	
1379	9410	24925	
1363	9352	24937	
1416	9021	25114	
1432	9219	24964	
1415	9222	24946	
1358	9320	24848	
1301	9316	25013	
1337	9318	24828	
1350	9251	25103	
1305	9119	25219	
1349	9239	25007	
1424	9041	25083	
1405	9347	24938	
1343	9141	25086	
1330	9228	25130	
1365	9148	25056	
1332	9251	25082	
1348	9086	25120	
1341	9118	25162	
1324	9225	25072	
1377	9282	24788	
1296	9259	25088	
1328	9061	25067	
1319	9376	24878	
1393	9165	25086	
1322	9083	25116	
1362	9200	25118	
1352	9172	25058	
1345	9092	25127	
1302	9402	24930	
1403	9280	24943	
1374	9142	25136	
1401	9279	24870	
1312	9239	25055	
1348	9214	25127	
1346	9241	24919	
1423	9142	25025	
1374	9218	25106	
1384	9232	25050	
1317	9102	25082	
1299	9231	25107	
1343	9023	25116	
1300	9325	24910	
1371	9054	25071	
1373	9249	24993	
1311	9147	25182	
1341	9376	24917	
1259	9210	25092	
1357	9183	25013	
1343	9165	25028	
1379	9138	25089	
1394	9086	25121	
1294	9321	24913	
1370	9168	25092	
1347	9163	25141	
1314	9277	25008	
1354	9274	24960	
1323	9215	25046	
1326	9275	24985	
1281	9207	25047	
1363	9311	25003	
1321	9244	25003	
1337	9244	25035	
1352	9232	24955	
1398	9174	25007	
1253	9251	24967	
1296	9111	25141	
1425	9282	24969	
1384	9177	25051	
1369	9162	24992	
1312	9254	24996	
1367	9187	25119	
1329	9102	25075	
1395	9220	24957	
1396	9057	25127	
1315	9222	25064	
1381	9186	24964	
1379	9097	25170	
1312	9329	24920	
1297	9300	24955	
1389	9163	25142	
1398	9069	25156	
1375	9246	24949	
1304	9256	24980	
1348	9206	24976	
1343	9358	24902	
1352	9320	24943	
1399	9405	24846	
1357	9049	25150	
1311	9132	25044	
1399	9152	25134	
1355	9218	25038	
1355	9319	24938	
1395	9311	25006	
1314	9304	24980	
1341	9027	25093	
1384	8919	25236	
1361	9081	25142	
1358	9311	25014	
1332	9362	24878	
1351	9230	25021	
1416	8988	25263	
1406	9250	25003	
1317	9138	25203	
1374	9168	25122	
1331	9132	25063	
1392	9203	25034	
1380	9225	24992	
1332	9212	25044	
1410	9131	24996	
1393	9177	24960	
1363	9178	25026	
1340	9243	24978	
1350	9167	25075	
1341	9141	25061	
1321	9318	25018	
1308	9185	25168	
1314	9227	24848	
1352	9234	25076	
1358	9258	24962	
1341	9266	24963	
1383	9009	25165	
1330	9227	25001	
1353	9151	25077	
1331	9322	24956	
1273	8981	25267	
1287	9096	25173	
1426	9169	25050	
1384	9289	25023	
1442	9183	25077	
1319	9159	25157	
1294	9206	25003	
1322	9207	24980	
1324	9122	25145	
1330	9251	24999	
1401	9244	25030	
1349	9098	25073	
1338	9187	25017	
1323	9205	24975	
1301	9153	25040	
1323	9226	25118	
1384	9311	25073	
1313	9173	25022	
1342	9024	25259	
1312	9250	24971	
1375	9266	24931	
1355	9027	25135	
1341	9105	25184	
1381	9144	25021	
1346	9368	24963	
1338	9239	24984	
1479	9232	24920	
1289	9127	25057	
1315	9251	24998	
1363	9061	25099	
1401	9147	25042	
1269	9160	25136	
1375	9103	25049	
1283	9282	25065	
1347	9251	25077	
1412	9200	24984	
1393	9107	25136	
1383	9147	24990	
1305	9299	25072	
1309	9061	25239	
1321	9281	24950	
1344	9229	25138	
1280	9134	25158	
1433	9184	24991	
1338	9209	25045	
1396	9108	25075	
1392	9122	25148	
1320	9216	24988	
1339	9324	25092	
1346	9037	25175	
1356	9256	24969	
1297	9242	25114	
1355	9034	25305	
1345	9220	25054	
1321	9236	24993	
1362	9129	25079	
1351	9041	25278	
1352	9123	25066	
1275	8999	25298	
1353	9178	25034	
1365	9354	24965	
1398	9213	25063	
1393	9115	25137	
1335	9166	25161	
1329	9027	25248	
1406	9086	25145	
1362	9130	25122	
1344	9149	25016	
1408	9185	25014	
1323	9132	25243	
1341	9288	24985	
1353	9253	24982	
1413	9176	25052	
1357	9053	25196	
1382	9172	24984	
1341	9069	25264	
1335	9072	25189	
1351	9336	24926	
1400	9280	24996	
1345	9263	24877	
1428	9410	24788	
1406	9050	24954	
1326	9159	25081	
1439	9118	24922	
1337	9200	25021	
1346	9183	25084	
1413	9098	25134	
1380	9106	25256	
1276	9216	25085	
1381	9137	25032	
1334	9040	25134	
1412	9173	25045	
1373	9156	25103	
1320	9150	25114	
1396	9065	25181	
1378	9173	25118	
1399	9189	24981	
1357	9218	24910	
1395	9172	25023	
1326	9335	25024	
1370	9007	25246	
1345	9207	25030	
1327	9273	25043	
1361	9210	24980	
1346	9182	25062	
1364	9156	25122	
1402	9330	24930	
1233	9092	25302	
1395	9135	25026	
1366	9205	24970	
1349	9214	24988	
1255	9302	25000	
1366	9218	25025	
1336	9298	24907	
1350	9221	24996	
1281	9173	25028	
1351	9279	24995	
1373	9156	24976	
1407	9193	24940	
1379	9078	25203	
1349	9134	25057	
1353	9178	25017	
1370	9174	25003	
1319	9100	25198	
1338	9296	24897	
1324	9247	25031	
1350	9198	25028	
1382	9145	24989	
1407	9281	24952	
1334	9181	25042	
1335	9072	25149	
1401	9260	25091	
1382	9036	25063	
1368	9145	25119	
1376	9174	25018	
1324	9195	24943	
1362	9289	24995	
1344	9205	25104	
1335	9270	24948	
1385	9008	25211	
1371	9294	24991	
1371	9264	24933	
1417	9251	24926	
1337	9153	25035	
1416	9279	24943	
1282	9136	25154	
1306	9220	25015	
1362	9145	25119	
1405	9211	25021	
1338	9081	25103	
1304	9260	25161	
1337	9153	24997	
1332	9182	25063	
1316	9266	24959	
1362	9306	24970	
1341	9132	25160	
1250	9136	25153	
1336	9142	25094	
1378	9130	25017	
1277	9286	25084	
1328	9163	24965	
1319	9181	24987	
1341	9188	25120	
1305	9382	24880	
1370	9085	24995	
1333	9306	25067	
1402	9068	25123	
1333	9005	25249	
1340	9281	24935	
1358	9082	25078	
1325	9308	24966	
1388	9149	25025	
1391	9215	24994	
1352	9149	25056	
1358	9194	24950	
1331	9327	25026	
1360	9064	25053	
1325	9151	25034	
1285	9135	25093	
1344	9260	24995	
1393	9193	25017	
1368	9275	24952	
1295	9217	24950	
1312	9174	25095	
1372	9373	24951	
1444	9220	25091	
1317	9163	25020	
1314	9121	25192	
1386	9153	25108	
1454	9211	24968	
1294	9161	25101	
1283	9204	25012	
1268	9212	25060	
1346	9206	25117	
1348	9229	24980	
1319	9264	24883	
1330	9211	25080	
1352	9259	25097	
1361	9221	25079	
1347	9223	24976	
1299	9220	25044	
1334	9221	24967	
1394	9269	24999	
1355	9239	25013	
1479	9182	25020	
1399	9270	24948	
1397	9182	25074	
1354	9353	24955	
1371	9149	25118	
1293	9210	25155	
1394	9268	24868	
1387	9124	25056	
1362	9258	24979	
1350	9157	25094	
1331	9286	24909	
1315	9255	25018	
1386	9304	24983	
1413	8993	25100	
1357	9171	25005	
1397	9399	24718	
1340	9203	24987	
1311	9282	25039	
1366	9231	24936	
1375	9302	24917	
1359	9230	25003	
1289	9134	24997	
1376	9177	24959	
1344	9184	25112	
1355	9151	25161	
1386	9263	25028	
1348	9042	25113	
1340	9210	25040	
1307	9347	24979	
1353	9190	25032	
1286	9240	25093	
1390	9144	25045	
1311	9091	25200	
1389	9121	25118	
1366	9143	25098	
1323	9116	25178	
1361	9160	24977	
1439	9262	24972	
1378	9112	25157	
1357	9238	25108	
1356	9210	24987	
1311	9235	25119	
1342	9210	25082	
1355	9169	25094	
1369	9142	25100	
1295	9380	24887	
1380	9139	25075	
1328	8993	25168	
1374	9165	25052	
1340	9200	25097	
1328	9091	25237	
1361	9127	25169	
1336	9145	25120	
1389	9093	25125	
1376	9140	25015	
1425	9262	25007	
1342	9126	25147	
1317	9325	24961	
1335	9234	24977	
1355	9224	25006	
1255	9032	25171	
1371	9185	25136	
1319	9193	25064	
1401	9234	24934	
1336	9330	25005	
1331	9128	25111	
1345	9189	25021	
1389	9030	25176	
1257	9178	25092	
1324	9128	25037	
1393	9217	24943	
1331	9202	25099	
1317	9247	24999	
1364	9192	25120	
1335	9252	25055	
1373	9251	24938	
1412	9291	24956	
1336	9286	25060	
1328	9084	25243	
1361	9181	24968	
1409	9166	25105	
1292	9264	25001	
1359	9273	25085	
1351	9063	25123	
1351	9086	25139	
1439	9160	25020	
1279	9279	25030	
1386	9278	25102	
1335	9180	25009	
1369	9132	25039	
1308	9157	25120	
1326	9137	25019	
1329	9332	24984	
1390	9109	25063	
1449	9064	25037	
1350	9227	24932	
1392	9295	24916	
1345	9278	25053	
1313	9139	25143	
1400	9180	24980	
1332	9224	25070	
1359	9121	25144	
1351	9074	25204	
1281	8998	25368	
1316	9176	25127	
1331	9183	24954	
1360	9299	24981	
1394	9160	25086	
1340	9225	25102	
1328	9098	25150	
1388	9200	25115	
1401	9196	24881	
1374	9183	25067	
1349	9280	24972	
1352	9194	25072	
1440	9248	24856	
1394	9248	24912	
1303	9284	25082	
1327	9291	25000	
1396	9208	25070	
1368	9264	25028	
1350	9161	25115	
1358	9140	25066	
1357	9232	25108	
1300	9238	25005	
1339	9229	25069	
1382	9193	25087	
1331	9222	24951	
1393	9285	24800	
1328	9278	24940	
1267	9174	24973	
1405	9094	25109	
1394	9113	25203	
1366	9242	24989	
1361	9118	25061	
1335	9115	25176	
1363	9202	25118	
1337	9159	25149	
1402	9254	24938	
1371	9194	24981	
1410	9115	25257	
1367	9110	25219	
1396	9142	25172	
1355	9220	24975	
1300	9145	25135	
1333	9234	25053	
1330	9318	24808	
1364	9414	24967	
1338	9279	24890	
1394	9149	24924	
1373	9165	25109	
1385	9127	25067	
1365	9172	25032	
1321	9148	25086	
1335	9350	24959	
1321	9185	25104	
1302	9157	25058	
1306	9245	25005	
1338	9226	24975	
1410	9249	24905	
1343	9179	24978	
1324	9198	25144	
1286	9336	24840	
1315	9091	25221	
1311	9031	25133	
1373	9184	25059	
1316	9200	25117	
1429	9285	24969	
1360	9179	24947	
1400	9378	24895	
1321	9216	25026	
1394	9095	24977	
1384	9049	25314	
1338	9255	24914	
1451	9168	25094	
1342	9285	24871	
1366	9275	25086	
1323	9237	25060	
1408	9136	25049	
1359	9106	25229	
1377	9342	24902	
1289	9176	25187	
1330	9393	24833	
1403	9242	24970	
1401	9171	25030	
1396	9154	25105	
1329	9229	24967	
1323	9183	25102	
1343	9186	24965	
1329	9271	24976	
1460	9166	25074	
1335	9178	25085	
1411	9200	24938	
1322	9044	25184	
1295	9216	25059	
1261	9140	25071	
1348	9187	25092	
1403	9085	25017	
1358	9246	24997	
1288	9218	25118	
1303	9201	25164	
1328	9181	25136	
1380	9240	25071	
1349	9127	25170	
1331	9122	25183	
1391	9124	25082	
1372	9267	25017	
1305	9213	25009	
1325	9144	25041	
1350	9226	25091	
1319	9138	25039	
1360	9289	24939	
1359	9192	25025	
1341	9150	25112	
1370	9117	25062	
1416	9039	25114	
1343	9224	24987	
1353	9036	25127	
1334	9212	24784	
1270	9272	24962	
1357	9152	24958	
1360	9277	25162	
1310	9016	25157	
1390	9162	25107	
1366	9173	25084	
1355	9270	25137	
1361	9167	25073	
1358	9052	25069	
1350	9044	25263	
1385	9265	25010	
1299	9283	25036	
1406	9165	25094	
1342	9101	25139	
1410	9354	24960	
1328	9220	24963	
1296	9124	25164	
1356	9328	24980	
1363	9114	25195	
1370	9226	25177	
1358	9247	25001	
1372	9177	24952	
1313	9297	24947	
1306	9242	25144	
1396	9114	25018	
1291	9242	25017	
1333	9323	24981	
1379	9363	24952	
1415	9063	25140	
1353	9071	25164	
1372	9231	24939	
1363	9216	25107	
1379	9329	24901	
1328	9167	25007	
1399	9113	25180	
1377	9236	25086	
1316	9196	25063	
1312	9199	25034	
1309	9217	25015	
1426	9077	25114	
1340	9181	25097	
1355	9214	25167	
1327	9117	25200	
1389	9105	25150	
1333	9207	25133	
1315	9119	24986	
1306	9351	24832	
1345	9127	25184	
1338	9225	25096	
1344	9077	25236	
1397	9084	25090	
1407	9052	25074	
1347	9186	25014	
1372	9115	24993	
1368	9137	25071	
1342	9196	25003	
1418	9101	25189	
1348	9273	24907	
1359	9207	24993	
1365	9101	25099	
1412	9205	25148	
1357	9222	24937	
1343	9320	25018	
1332	9273	24995	
1371	9123	25048	
1305	9132	25156	
1336	9195	25061	
1377	9175	25083	
1315	9174	25002	
1397	9200	25031	
1402	9177	25093	
1262	9308	24966	
1312	9058	25139	
1347	9087	25126	
1352	9217	24955	
1404	9206	24985	
1384	9160	25068	
1294	9306	25023	
1353	9141	25047	
1322	9232	24841	
1325	9260	24987	
1331	9206	25109	
1312	9263	25064	
1331	9172	25034	
1415	9184	25106	
1367	9323	24903	
1314	9164	25058	
1389	9318	24909	
1298	9175	25011	
1385	9183	25044	
1348	9271	24961	
1370	9268	24959	
1354	9214	24995	
1355	9066	25069	
1368	9237	25041	
1368	9081	25080	
1435	9268	24884	
1335	9175	25139	
1329	9281	25087	
1337	9241	25146	
1341	9266	25077	
1356	9217	25008	
1291	9072	25222	
1296	9241	25046	
1378	9140	25024	
1370	9199	24977	
1341	9288	24958	
1390	9128	24993	
1367	9065	25135	
1330	9200	25054	
1367	9310	24960	
1444	9159	25037	
1313	9115	25186	
1342	9126	25090	
1367	9185	25070	
1369	9154	25100	
1313	9278	24904	
1317	9395	24904	
1346	9362	24843	
1355	9214	25059	
1333	9214	25043	
1373	9189	24936	
1408	9092	25207	
1427	9229	24958	
1242	9124	25172	
1313	9195	25179	
1325	9208	25038	
1364	9321	24958	
1358	9278	24924	
1378	9236	24929	
1359	9312	24830	
1394	9139	25122	
1398	9139	25097	
1394	9276	24969	
1343	9071	25031	
1291	9342	25061	
1286	9108	25083	
1371	9106	25168	
1347	9303	24975	
1356	9146	25123	
1370	9289	24942	
1332	9290	24923	
1364	9194	25008	
1384	9250	24933	
1375	9238	24968	
1348	9263	24894	
1284	9255	25108	
1369	9158	25036	
1341	9210	25050	
1366	9096	25118	
1360	9107	25175	
1331	9172	25070	
1390	9317	24879	
1375	9309	24899	
1315	9261	24951	
1301	9236	25049	
1331	9358	24980	
1299	9172	25021	
1408	9168	25023	
1355	9226	25004	
1379	9281	24948	
1279	9171	25107	
1324	9317	24927	
1369	9221	24939	
1341	9095	24961	
1394	9250	25016	
1384	9136	25066	
1320	9114	25132	
1373	9221	25006	
1338	9190	24998	
1315	9225	24992	
1353	9150	25107	
1391	9318	24894	
1374	9171	25072	
1349	9201	25046	
1315	9225	25039	
1370	9183	25043	
1322	9219	24887	
1353	9302	24943	
1360	9127	25212	
1325	9320	24930	
1390	9295	24996	
1373	9142	25101	
1310	9092	25256	
1359	9039	25253	
1334	9183	25091	
1415	9022	25147	
1248	9147	25261	
1368	9157	25083	
1336	9175	25065	
1324	9306	24990	
1459	9110	25076	
1358	9407	24884	
1363	9368	24912	
1362	9386	24879	
1417	9347	24882	
1292	9131	25049	
1336	9303	24865	
1365	9195	25072	
1327	9233	24918	
1333	9145	25135	
1378	9202	25029	
1367	9050	25020	
1355	8994	25239	
1347	9200	24962	
1281	9179	25130	
1339	9039	25321	
1346	9195	24980	
1327	9209	24966	
1366	9171	24971	
1358	9104	25091	
1309	9126	25135	
1376	9125	25005	
1406	9167	24900	
1421	9055	25211	
1374	9244	25055	
1417	9067	25057	
1268	9388	24888	
1373	9163	25060	
1365	9137	25053	
1315	9059	25184	
1391	9241	25043	
1313	9140	25176	
1322	9211	25050	
1396	9241	24994	
1402	9334	24869	
1336	9246	25019	
1408	9239	24995	
1319	9156	25152	
1406	9121	25071	
1415	9068	25240	
1296	9377	24958	
1320	9177	25019	
1356	9156	25054	
1331	9203	25080	
1406	9030	25132	
1308	9295	25048	
1332	9155	25133	
1339	9153	24988	
1339	9100	25173	
1291	9295	24954	
1388	9121	25133	
1271	9187	25060	
1388	9195	24938	
1458	9293	25011	
1343	9172	24984	
1374	9205	25020	
1328	9246	25119	
1314	9159	24951	
1397	9063	25131	
1393	9165	25118	
1351	9066	25157	
1337	9120	25126	
1323	9075	25233	
1388	9271	25057	
1442	9168	25052	
1330	9174	25088	
1403	9209	24936	
1372	9134	25134	
1361	9319	24889	
1344	9106	25044	
1354	9273	24989	
1350	9242	25144	
1363	9002	25247	
1338	9237	24993	
1407	8979	25195	
1402	9194	25010	
1309	9194	24956	
1337	9049	25068	
1402	9264	24982	
1366	9356	24881	
1377	9137	24992	
1362	9201	25032	
1329	9224	25023	
1365	9119	25112	
1383	9156	25032	
1356	9094	25178	
1415	9264	24928	
1343	9124	24977	
1369	9309	25026	
1355	9128	25184	
1320	9127	24960	
1418	9208	24927	
1346	9177	25125	
1357	9117	25049	
1337	8926	25197	
1351	9341	24938	
1375	9194	25015	
1363	9387	25025	
1311	9133	25121	
1343	9347	24861	
1302	9307	25045	
1343	9125	25111	
1267	9272	25035	
1322	9260	25002	
1368	9219	24982	
1473	9226	24986	
1374	9221	24967	
1352	9316	25012	
1371	9260	24991	
1401	9228	24964	
1330	9212	24921	
1339	9178	25051	
1383	9261	25026	
1325	9159	25053	
1342	9430	24830	
1374	9064	24980	
1360	9266	24948	
1381	9161	25098	
1352	9346	24965	
1358	9233	25108	
1333	9036	25190	
1300	9210	25097	
1392	9238	25004	
1373	9228	24980	
1372	9127	25254	
1318	9196	25111	
1367	9063	25099	
1344	9150	25065	
1414	9015	25176	
1418	9058	25004	
1348	9233	24988	
1368	9164	25058	
1357	9204	24998	
1364	9223	24908	
1366	9195	24987	
1365	9128	25004	
1353	9183	25058	
1353	9246	24971	
1307	9150	25177	
1377	9174	25049	
1332	9140	25048	
1376	9308	24948	
1405	9128	25182	
1374	9117	25017	
1360	9264	25013	
1383	9147	25042	
1310	9287	24993	
1330	9255	25043	
1339	9222	25136	
1395	9186	25108	
1355	9240	24958	
1380	9072	25205	
1379	9270	24882	
1381	9115	25140	
1331	9312	24925	
1356	9168	25047	
1336	9321	24889	
1361	9159	25131	
1410	9177	25015	
1398	9249	24976	
1398	9264	24878	
1358	9227	24962	
1375	9198	25085	
1284	9199	25103	
1327	9157	25150	
1303	9259	25043	
1328	9246	24903	
1359	9083	25189	
1357	9134	25104	
1412	9217	25053	
1322	9243	24958	
1336	9060	24995	
1295	9329	24899	
1365	9255	25022	
1343	9194	25101	
1380	9281	25090	
1378	9112	25109	
1370	9273	24933	
1371	9047	25178	
1389	9199	25071	
1372	9219	24928	
1360	9196	24889	
1369	9191	25126	
1350	9214	25031	
1348	9164	25070	
1287	9239	24991	
1396	9214	25006	
1342	9261	25038	
1368	9066	25313	
1301	9224	25044	
1414	9186	25010	
1376	9294	25008	
1334	9033	25161	
1361	9139	25135	
1326	9091	25086	
1331	9219	25056	
1350	9036	25261	
1255	9321	25038	
1321	9209	25066	
1403	9196	25032	
1413	9161	25057	
1333	9130	24981	
1381	8988	25200	
1308	9272	24967	
1373	9054	25252	
1370	9293	24845	
1352	9182	25006	
1315	9323	25001	
1345	9190	25040	
1350	9048	25107	
1345	8932	25253	
1354	9185	25126	
1362	9200	24989	
1409	9325	24928	
1330	9015	25260	
1358	9229	25130	
1391	9146	25052	
1332	9197	25079	
1337	9147	25055	
1377	9240	25002	
1351	9188	25063	
1330	9258	24916	
1347	9188	25070	
1380	9186	25109	
1310	9108	25122	
1363	9295	24970	
1349	9155	25186	
1319	9224	25034	
1380	9242	25058	
1376	9263	24974	
1358	9166	25031	
1382	9237	25084	
1415	9152	24966	
1395	9158	25068	
1337	9269	25012	
1308	9212	25192	
1416	9175	24988	
1331	9172	25087	
1323	9189	24960	
1290	9373	24782	
1349	9190	25129	
1374	9169	24968	
1386	9236	25002	
1288	9112	25093	
1310	9149	25048	
1285	9231	25080	
1308	9124	25049	
1416	9219	25023	
1350	9141	25074	
1325	9143	25143	
1325	9248	25024	
1386	9257	24971	
1345	9329	25045	
1408	9300	24957	
1372	9182	25090	
1328	9180	25033	
1322	9335	24887	
1299	9251	25071	
1390	9215	25065	
1405	9117	25014	
1365	9219	25004	
1359	9266	24934	
1392	9298	24857	
1387	9138	25203	
1434	9409	24852	
1324	9110	24993	
1380	9199	25070	
1352	9128	25036	
1295	9217	24994	
1377	9222	25013	
1361	9235	25077	
1313	9284	25092	
1358	9016	25233	
1352	9192	24955	
1358	9165	25013	
1371	9160	24983	
1325	9122	25074	
1355	9076	25141	
1311	9292	24917	
1347	8997	25226	
1303	9213	25090	
1385	9111	24975	
1363	9222	24816	
1331	9186	25119	
1284	9177	25161	
1321	9087	25101	
1340	9131	25097	
1449	9271	24799	
1321	9079	25153	
1371	9332	24928	
1337	9264	24884	
1303	9137	25141	
1391	9238	24984	
1342	9153	24986	
1346	9229	24965	
1374	9105	25004	
1307	9325	24892	
1309	9084	25176	
1375	9381	24936	
1340	9135	25177	
1462	9122	24883	
1356	9232	24993	
1358	9130	24984	
1391	9153	25120	
1382	9231	24920	
1362	9237	24996	
1438	9099	25008	
1386	9187	25023	
1353	9274	24937	
1402	9212	25091	
1333	9213	24881	
1327	9328	24918	
1321	9139	25094	
1359	9278	24969	
1457	9125	25076	
1399	9017	25222	
1351	9081	25270	
1387	9268	24847	
1319	9043	25099	
1309	9078	25053	
1420	9208	25059	
1360	9074	25113	
1400	9162	25040	
1406	9173	24866	
1352	9169	24963	
1370	9077	25133	
1306	9290	24892	
1365	9385	24920	
1331	9128	25039	
1362	9220	25043	
1341	9095	25180	
1353	9114	24984	
1289	9081	25175	
1473	9269	24943	
1338	9256	24915	
1402	9199	25065	
1402	9079	25120	
1431	9147	24980	
1379	9188	25058	
1364	9194	24942	
1337	9256	24992	
1406	9207	25083	
1402	9122	25186	
1320	9252	24963	
1318	9124	25071	
1360	9385	24816	
1373	9176	25035	
1324	9131	25143	
1308	9275	24922	
1321	9273	24926	
1387	9256	25072	
1338	9119	25079	
1366	9137	25032	
1360	9253	25035	
1379	9342	25013	
1356	9139	25186	
1361	9145	25189	
1335	9195	24993	
1374	9077	25066	
1386	9234	25028	
1352	9146	25067	
1292	9371	24929	
1391	9266	25058	
1394	9308	24965	
1361	9118	25068	
1367	9161	25080	
1400	9208	25011	
1353	9134	25032	
1365	9360	24880	
1383	9049	25190	
1314	9116	25077	
1363	9256	24815	
1401	9175	25002	
1330	9032	25123	
1383	9161	25053	
1308	9137	25027	
1329	9263	25007	
1421	9042	25078	
1394	9201	25085	
1332	9216	25013	
1373	9052	25059	
1350	9090	25105	
1328	9232	25048	
1348	9259	25023	
1236	9121	25123	
1357	9267	25052	
1400	9219	25048	
1421	9442	24788	
1369	9245	25011	
1375	9198	24948	
1325	9093	25185	
1366	9111	25113	
1341	9195	25067	
1371	9102	25146	
1414	9210	24969	
1374	9366	24888	
1359	9158	24961	
1446	9199	24995	
1375	9201	25017	
1377	9261	24850	
1402	9231	24948	
1345	9193	25076	
1355	9069	25191	
1319	9291	24987	
1291	9167	24947	
1343	9162	25045	
1345	9199	25067	
1331	9182	25154	
1415	9336	24826	
1350	9232	25022	
1347	9165	25023	
1297	9107	25037	
1262	9165	25183	
1387	9211	24910	
1388	9100	25162	
1320	9158	25115	
1346	9157	25222	
1394	9161	25025	
1443	9117	25075	
1347	9263	24969	
1389	9174	25079	
1370	9210	25064	
1354	9235	25082	
1374	9212	25060	
1413	9176	25102	
1338	9289	24901	
1381	9137	25110	
1309	9346	24914	
1378	9206	24870	
1355	9163	25010	
1320	9057	25138	
1395	9232	25005	
1356	9371	24833	
1363	9231	24976	
1354	9264	25015	
1331	9268	24972	
1349	9063	25217	
1344	9347	24739	
1255	9166	25068	
1363	9098	25092	
1372	9150	25072	
1363	9097	25121	
1468	9184	24949	
1360	9336	24932	
1412	9103	25095	
1428	9209	25042	
1370	9112	25101	
1313	9158	25176	
1343	9189	25046	
1343	9156	25096	
1312	9261	24831	
1332	9219	25162	
1362	9036	25201	
1336	9137	25086	
1324	9334	24982	
1363	9138	25076	
1379	9121	25132	
1342	9020	25150	
1376	9247	25022	
1388	9206	25156	
1353	9255	25134	
1350	9109	25006	
1354	9113	25044	
1335	9206	25080	
1374	9243	25001	
1342	9154	25098	
1345	9168	25071	
1296	9133	25139	
1334	9166	25027	
1353	9370	24815	
1284	9122	25188	
1300	9162	25065	
1374	9202	24970	
1264	9295	25034	
1302	9203	25086	
1329	9206	24937	
1378	9057	25165	
1416	9272	24940	
1384	9032	25345	
1395	9182	24979	
1324	9202	25104	
1287	9102	25113	
1345	9231	25072	
1337	9304	24898	
1397	9227	24984	
1441	9105	25140	
1329	9333	24878	
1358	9178	25090	
1328	9210	24962	
1381	9212	24991	
1377	9186	25090	
1357	9226	24996	
1367	9324	24905	
1359	9245	25056	
1329	9357	24808	
1393	9116	25161	
1390	9099	25028	
1380	9137	25149	
1315	9196	25116	
1271	9221	25029	
1333	9179	25041	
1384	9036	25178	
1356	9119	25067	
1393	9266	24971	
1338	8962	25128	
1365	9039	25157	
1361	9259	24974	
1282	9351	25000	
1304	9082	25158	
1406	9165	25120	
1365	9201	25040	
1387	9099	25060	
1322	9208	25035	
1371	9191	25031	
1418	9144	25077	
1324	9174	25109	
1334	9232	25040	
1382	9427	24887	
1357	9354	24819	
1339	9221	25044	
1377	9191	25025	
1375	9077	25094	
1330	9161	25082	
1407	9199	25004	
1372	9048	25207	
1348	9230	25017	
1330	9356	24994	
1357	9126	25116	
1304	9180	25108	
1301	9234	25021	
1351	9109	25166	
1378	9106	25064	
1335	9401	24929	
1366	9118	25057	
1352	9123	25043	
1353	9235	24983	
1361	9182	25025	
1337	9253	24963	
1425	9238	25011	
1348	9210	24878	
1342	9124	25042	
1347	9192	25021	
1311	9159	25131	
1313	9351	24968	
1380	9090	25003	
1387	9294	24986	
1289	9172	25120	
1345	9229	25009	
1346	9357	24972	
1349	9088	25043	
1319	9093	25141	
1378	9188	25003	
1357	9271	24993	
1350	9195	24994	
1330	9316	24905	
1380	9304	24926	
1308	9246	25087	
1379	9101	25159	
1382	9236	25026	
1382	9190	25057	
1289	9107	25074	
1363	9274	25097	
1318	9194	24972	
1345	9147	25182	
1390	9296	24959	
1340	9121	25195	
1282	9213	25004	
1322	9057	25148	
1278	9180	25038	
1344	9354	24857	
1360	9116	25174	
1372	9111	25170	
1363	9319	24997	
1431	9099	25056	
1449	9076	25122	
1357	9128	25114	
1338	9145	25126	
1327	9012	25128	
1348	9221	25014	
1342	9180	25040	
1328	9213	25089	
1342	9239	25145	
1394	9133	24976	
1303	9058	25187	
1357	9240	25048	
1360	9231	24970	
1331	9210	25050	
1378	9258	24941	
1401	9207	24982	
1408	9117	25139	
1377	9199	25125	
1324	9098	25150	
1337	9201	25012	
1377	9118	25055	
1414	9271	24935	
1326	9309	25003	
1335	9199	25067	
1378	9125	25004	
1294	9145	25246	
1323	9005	25213	
1330	9167	25043	
1348	9173	25060	
1348	9331	24827	
1361	9234	25035	
1355	9220	24973	
1390	9247	25083	
1313	9157	25039	
1461	9145	25034	
1311	9262	25010	
1328	9267	24996	
1359	9232	25091	
1376	9188	25057	
1286	9242	25039	
1340	9232	25169	
1367	9246	25037	
1374	9166	25008	
1347	9311	25044	
1318	9218	25036	
1371	9417	24708	
1305	9017	25333	
1341	8990	25265	
1397	9231	25000	
1326	9187	24949	
1428	9220	24988	
1338	9287	24926	
1323	9344	24912	
1402	9203	24991	
1369	9186	25038	
1310	9166	25096	
1371	9245	25025	
1389	9192	25124	
1385	9279	24856	
1373	9183	24996	
1332	9220	25082	
1395	9223	25058	
1395	9233	24993	
1376	9248	24972	
1391	9113	25100	
1333	9093	25163	
1382	9230	24953	
1356	9202	25100	
1306	9196	25033	
1431	9099	25126	
1342	9106	25187	
1351	9070	25172	
1341	9131	25208	
1370	9222	25085	
1359	9159	25087	
1304	9414	24939	
1345	9357	25045	
1290	9288	25137	
1310	9119	25108	
1346	9261	24981	
1376	9285	24991	
1370	9171	25055	
1385	9376	24825	
1301	9146	25114	
1371	9196	25127	
1351	9274	24954	
1335	9268	25047	
1334	9130	25138	
1356	9132	25032	
1366	9234	25035	
1292	9158	25083	
1363	9248	24974	
1288	9351	24918	
1373	9311	24989	
1378	9195	25072	
1364	9136	25216	
1312	9153	25033	
1363	9162	25116	
1330	9057	25185	
1383	9302	24915	
1299	9270	24950	
1360	9092	25140	
1348	9176	25056	
1364	9223	25057	
1357	9147	25007	
1300	9274	25055	
1312	9202	25020	
1380	9112	25068	
1351	9004	25248	
1319	9279	24980	
1407	9072	25136	
1347	9166	25022	
1363	9140	25192	
1398	9237	24941	
1327	9365	25028	
1342	9098	25195	
1342	9298	25068	
1395	9166	25069	
1391	9254	24987	
1314	9162	25007	
1292	9253	25001	
1365	9227	24983	
1369	9207	25143	
1402	9244	25032	
1438	9226	24901	
1304	9284	24994	
1376	9131	25136	
1422	9286	25011	
1332	9211	24976	
1340	9240	24986	
1417	9298	25057	
1323	9209	25077	
1383	9224	25101	
1394	9208	24967	
1370	9118	25077	
1429	9191	25032	
1379	9158	25093	
1391	9310	24947	
1433	9228	25034	
1369	9197	25097	
1344	9316	25077	
1365	9214	25089	
1431	9298	24895	
1327	9155	25195	
1394	9277	25025	
1301	9237	25085	
1365	9121	25094	
1403	9146	25020	
1321	9232	24941	
1357	9189	24912	
1405	8992	25226	
1364	9182	25067	
1396	9132	25025	
1403	9185	25129	
1349	9130	25084	
1408	9153	24975	
1369	9137	25246	
1362	9216	25060	
1344	9202	25018	
1309	9176	25089	
1350	9313	24926	
1381	9199	25001	
1350	9153	25080	
1443	9133	25008	
1348	9092	25130	
1334	9206	25009	
1424	9175	25049	
1299	9193	25012	
1392	9216	25052	
1353	9251	25024	
1286	9315	25087	
1383	9228	25054	
1344	9192	24939	
1342	9303	24958	
1337	9122	24990	
1338	9189	25034	
1350	9242	24931	
1343	9225	25008	
1360	9097	25210	
1342	9202	25070	
1417	9130	24920	
1344	9079	25150	
1363	9060	25173	
1353	9176	25082	
1365	9310	24927	
1353	9134	25153	
1359	9236	24955	
1355	9287	24919	
1351	9118	25001	
1351	9235	25024	
1268	8999	25232	
1368	9254	25053	
1364	9168	25061	
1318	9169	25090	
1317	9332	24900	
1346	9154	25069	
1326	9256	24941	
1389	9265	24908	
1332	9317	24924	
1340	9118	24991	
1372	9275	24821	
1318	9267	24991	
1340	9255	24889	
1307	9116	25123	
1312	9292	25062	
1346	9160	25106	
1328	9211	24906	
1281	9119	25074	
1415	9132	25076	
1368	9200	24975	
1385	9080	24999	
1340	8974	25336	
1358	9185	25052	
1357	9084	25181	
1357	9246	25015	
1356	9088	25059	
1353	9180	25007	
1383	9152	24927	
1347	9217	25003	
1316	9250	24993	
1268	9117	25161	
1337	9130	25169	
1391	9324	24963	
1308	9205	25151	
1296	9187	24968	
1364	9219	24898	
1327	9186	25039	
1328	9098	25074	
1382	9390	24898	
1373	9195	24986	
1358	9244	25067	
1364	9117	24938	
1319	9137	25085	
1428	9062	25198	
1329	9386	24874	
1380	9282	24927	
1357	9314	25083	
1386	9042	25214	
1407	9220	25114	
1432	9113	25155	
1411	9209	24952	
1366	9057	25191	
1364	9075	25121	
1302	9364	24857	
1330	9201	25120	
1354	9145	25083	
1356	9234	25141	
1341	9280	24945	
1405	9297	24942	
1369	9123	25049	
1328	9247	25053	
1296	9167	25092	
1401	9236	25015	
1308	9254	24909	
1359	9198	25130	
1392	9268	25057	
1397	9192	25070	
1341	9242	24904	
1320	9204	25024	
1329	9292	25035	
1393	9152	25143	
1339	9182	25015	
1367	9108	25042	
1353	9112	25035	
1403	9351	24844	
1335	9228	25095	
1330	9167	25050	
1403	9357	24900	
1285	9310	24980	
1381	9257	24967	
1370	9165	25020	
1397	9252	24977	
1380	9133	25028	
1376	9309	24943	
1393	9259	25035	
1321	9342	24889	
1408	9187	25052	
1301	9139	25091	
1381	9164	25100	
1313	9276	24954	
1391	9229	24994	
1365	9201	24909	
1391	9306	24981	
1359	9255	24964	
1314	9194	25051	
1337	9041	25147	
1407	9250	24984	
1357	9232	24969	
1387	9122	25116	
1406	9186	24949	
1329	9160	25120	
1332	9068	25099	
1369	9166	25041	
1355	9275	25097	
1357	9060	25090	
1318	9298	24998	
1368	9275	25067	
1331	9234	24979	
1372	9156	25060	
1331	9258	24875	
1405	9291	24930	
1340	9046	25088	
1406	9327	24897	
1359	9216	24985	
1376	9229	25097	
1299	9214	25039	
1345	9172	24988	
1379	9143	25058	
1397	8979	25135	
1305	9202	25020	
1386	9231	25073	
1379	9381	24916	
1317	9292	24842	
1309	9228	25023	
1378	9147	25150	
1350	9278	25088	
1328	9184	25060	
1370	9160	25100	
1409	9210	24913	
1361	9169	25075	
1335	9109	25130	
1294	9199	25041	
1405	9184	25013	
1343	9250	24912	
1396	9122	25063	
1354	9197	24951	
1341	9273	24982	
1346	9249	24886	
1377	9132	25065	
1402	9150	25045	
1388	9194	25029	
1372	9189	24961	
1290	9264	25018	
1272	9198	24928	
1298	9056	25331	
1378	9155	25103	
1310	9008	25283	
1270	9237	25075	
1324	9041	25068	
1276	9249	25020	
1399	9212	24900	
1333	9196	24968	
1348	9132	24970	
1366	9121	24980	
1398	9214	24960	
1321	9324	25025	
1370	9173	25008	
1388	9199	25185	
1359	9116	25054	
1403	9269	24997	
1413	9151	25098	
1385	9105	25126	
1363	9327	24988	
1303	9214	25025	
1379	9205	24965	
1331	9282	25004	
1358	9234	25085	
1391	9041	25203	
1376	9356	24851	
1346	9183	25102	
1354	9202	25048	
1266	9334	24981	
1297	9419	24855	
1358	9117	25091	
1367	9260	24958	
1281	9343	24985	
1393	9239	24982	
1274	9244	25007	
1381	9144	25116	
1444	9206	25097	
1349	9073	25278	
1268	9295	24891	
1434	9178	25033	
1308	9253	25028	
1453	9230	24907	
1370	9257	24939	
1372	9141	25163	
1335	9234	25016	
1358	9343	24890	
1395	9169	25095	
1402	9146	24997	
1362	9155	25010	
1304	9241	25057	
1346	9280	24933	
1371	9221	24960	
1279	9056	25252	
1365	9141	25001	
1446	9130	25086	
1351	9309	25085	
1361	9162	24994	
1392	9326	24950	
1422	9144	25090	
1365	9422	24883	
1306	9199	25034	
1368	9168	25056	
1330	8963	25277	
1336	9151	25077	
1415	9118	25066	
1395	9188	24996	
1387	9316	24949	
1367	9277	24977	
1366	9173	25017	
1288	9267	24905	
1352	9214	25032	
1357	9211	25011	
1353	9085	25067	
1362	9144	24999	
1436	9161	25047	
1333	9356	24988	
1321	9202	25002	
1396	9085	25173	
1329	9109	25163	
1399	9118	24992	
1433	9139	24994	
1389	9066	25245	
1317	9190	25052	
1343	9224	25069	
1402	9102	25097	
1387	9221	25035	
1360	9354	25014	
1417	9300	25035	
1354	9178	25098	
1299	9256	24934	
1297	9194	24928	
1358	9380	25057	
1348	9238	24983	
1337	9093	25090	
1387	9139	25109	
1323	9406	24955	
1365	9076	25140	
1291	9118	25140	
1348	9165	25061	
1284	9240	24957	
1366	9047	25021	
1283	9004	25299	
1353	9172	25134	
1366	9246	24890	
1336	9164	25091	
1361	9042	25098	
1426	9208	25107	
1296	9300	24911	
1313	9282	24948	
1305	9110	25147	
1355	9138	25039	
1379	9105	25119	
1310	9131	25129	
1423	9122	25040	
1315	9116	25031	
1305	9132	25107	
1279	9209	24842	
1393	9235	24990	
1345	9210	25200	
1366	9161	25061	
1312	9265	24871	
1315	9279	25005	
1340	9317	24965	
1314	9137	25134	
1315	9288	25061	
1379	9252	24958	
1329	9178	25074	
1324	9063	25079	
1345	9228	25161	
1328	9138	25178	
1355	9196	24987	
1376	9092	25208	
1311	9076	25193	
1364	9133	25064	
1364	9221	25076	
1274	9292	24952	
1337	9208	25074	
1288	9256	25113	
1365	9266	24931	
1367	9085	25204	
1311	9383	24993	
1390	9215	25028	
1371	9276	24863	
1333	9129	25096	
1395	9257	25021	
1325	9255	24961	
1318	9170	25141	
1352	9286	24882	
1360	9134	25127	
1337	9182	25126	
1319	9297	24868	
1427	9251	25052	
1247	9145	25128	
1391	9185	25107	
1374	9143	25074	
1290	9036	25311	
1351	9339	24881	
1369	9275	24952	
1325	9207	24921	
1366	9388	24842	
1414	9300	24910	
1340	9107	25136	
1311	9355	24886	
1311	9117	25037	
1373	9387	24809	
1278	9215	25033	
1296	9252	25037	
1380	9178	25027	
1323	9288	25054	
1356	9099	25081	
1335	9189	25065	
1341	9182	25021	
1348	9205	25109	
1415	9266	25008	
1333	9173	25080	
1362	9182	24883	
1339	9228	25013	
1379	9257	25045	
1344	9118	25199	
1387	9143	25084	
1262	9328	24853	
1409	9290	24972	
1337	9191	25101	
1392	9172	25101	
1329	9310	25029	
1309	9114	25153	
1360	9176	25063	
1377	9146	25180	
1358	9112	25201	
1357	9106	25119	
1356	9193	25030	
1350	9190	25046	
1409	9112	25077	
1338	9387	24872	
1312	9289	24860	
1384	9121	25097	
1295	9160	25045	
1404	9201	25106	
1374	9077	25167	
1335	9120	25118	
1329	9213	24959	
1345	9155	25127	
1366	9260	24915	
1319	9293	25014	
1350	9168	25035	
1335	9372	24887	
1406	9292	24983	
1364	9287	24993	
1381	9131	25039	
1392	9378	24854	
1322	9185	25040	
1374	9041	25064	
1333	9212	24909	
1344	9084	25092	
1330	9163	25116	
1376	9223	24937	
1300	9182	25110	
1320	9177	25072	
1441	9069	25102	
1362	9331	24900	
1354	9334	24975	
1394	9310	24890	
1347	9328	24934	
1285	9111	25211	
1359	9202	25016	
1279	9197	25158	
1338	9087	25140	
1402	9232	24956	
1336	9187	25038	
1347	9195	25011	
1333	9252	25042	
1369	9169	25095	
1322	9441	24884	
1472	9144	24897	
1307	9409	24750	
1408	9144	25072	
1301	8995	25191	
1295	9232	24957	
1357	9240	24975	
1369	9065	25207	
1351	9223	24917	
1300	9218	25014	
1321	9181	25075	
1382	9152	25072	
1369	9138	25037	
1411	9055	25327	
1343	9055	25203	
1277	9119	25235	
1364	9099	25122	
1339	9127	25161	
1333	9304	24882	
1392	9387	24835	
1335	9382	25032	
1347	9180	25055	
1390	9152	25101	
1407	9246	25001	
1401	9121	25055	
1352	9143	25131	
1344	9221	25123	
1404	9138	25133	
1380	9140	24978	
1322	9248	24986	
1333	9329	24872	
1379	9339	24953	
1394	9032	25187	
1402	9134	25115	
1324	9176	25056	
1336	9270	24996	
1373	9249	25042	
1367	9155	25144	
1356	9095	25031	
1376	9297	24944	
1407	9292	24968	
1277	9165	25130	
1325	9164	25090	
1292	9241	25043	
1346	9062	25220	
1307	9310	24940	
1347	9106	25079	
1425	9275	24896	
1351	9076	25262	
1229	9162	25169	
1315	9157	25088	
1352	9166	24976	
1382	9196	25122	
1323	9198	25148	
1341	9133	25087	
1340	9235	25037	
1344	9335	24895	
1390	9149	25094	
1375	9251	25040	
1361	9195	25090	
1375	9214	24936	
1383	9202	25045	
1399	9246	24869	
1393	9082	25016	
1330	9197	25126	
1427	9191	25092	
1368	9360	24984	
1374	9138	25031	
1288	9246	25091	
1390	9114	24971	
1354	9287	24901	
1414	9000	25209	
1357	9222	25038	
1305	9182	25061	
1412	9092	25149	
1423	9111	25106	
1264	9418	24814	
1390	9116	25231	
1343	9204	25015	
1309	9114	25044	
1402	9192	24992	
1305	9146	24992	
1314	9046	25266	
1304	9101	25209	
1370	9165	24914	
1357	9214	24899	
1371	9225	24989	
1378	9122	25077	
1438	9201	25005	
1394	9107	25064	
1389	9215	24974	
1439	9203	24977	
1377	9159	25086	
1335	9364	24944	
1420	9125	25094	
1400	9147	25048	
1310	9148	25109	
1398	9163	25028	
1319	9150	25076	
1321	9274	25042	
1406	9277	24996	
1398	9232	24973	
1427	9203	25039	
1359	9186	25029	
1403	9137	25096	
1314	9335	24886	
1321	9233	25018	
1346	9103	25132	
1392	9241	24950	
1325	9422	24876	
1370	9162	25061	
1320	9103	25152	
1377	8983	25315	
1370	9227	25041	
1410	9240	24929	
1313	9111	25170	
1339	9223	25041	
1334	9177	25104	
1345	9123	25006	
1390	9284	24939	
1362	9235	25030	
1332	9164	25126	
1369	9210	24982	
1333	9173	24978	
1350	9139	25057	
1355	9209	24977	
1401	8958	25131	
1276	9235	25009	
1326	9274	24950	
1401	9176	25124	
1433	9127	25179	
1355	9207	25073	
1357	9031	25265	
1299	9160	25165	
1326	9196	24942	
1414	9197	25078	
1341	9180	25014	
1297	9255	25147	
1372	9143	25034	
1323	9349	24911	
1355	9106	25077	
1289	9200	25107	
1326	9360	24879	
1381	9287	25060	
1364	9256	25052	
1355	9168	25163	
1415	9202	24994	
1354	9318	24983	
1366	9255	25029	
1390	9239	25062	
1350	9263	25030	
1388	9154	25114	
1332	9097	25023	
1243	9235	25058	
1385	9334	25040	
1333	9317	24967	
1284	9159	25133	
1332	9229	24989	
1334	9254	24957	
1342	9289	24981	
1336	9258	25010	
1329	9143	25067	
1411	9225	24918	
1290	9180	25122	
1416	9071	25005	
1338	9192	25093	
1351	9115	25075	
1336	9329	24954	
1277	9176	25075	
1345	9090	25125	
1351	9343	24856	
1405	9027	25241	
1381	9263	24938	
1284	9214	24960	
1341	9206	25134	
1386	9149	25095	
1363	9050	25163	
1361	9202	25069	
1345	9169	25110	
1326	9211	25055	
1356	9138	25115	
1383	9348	24890	
1351	9159	25164	
1341	9036	25169	
1369	9115	25085	
1409	9218	25048	
1335	9135	25069	
1442	9089	25056	
1325	9153	25124	
1400	9068	25151	
1271	9282	25018	
1388	9060	25150	
1413	9117	25137	
1390	9196	24950	
1363	9203	25106	
1340	9201	25102	
1374	9241	25097	
1356	9290	24914	
1384	9170	25067	
1390	9186	25056	
1336	9260	25125	
1284	9304	24990	
1334	9255	24990	
1353	9192	25064	
1406	9077	25033	
1323	9079	25040	
1389	9130	25113	
1430	9311	24966	
1345	9261	24956	
1321	9229	25007	
1321	9237	25056	
1346	9212	25056	
1419	9291	24910	
1354	9192	25115	
1345	9275	25009	
1438	9161	25065	
1305	9221	25070	
1313	9247	24947	
1386	9115	25143	
1336	9278	25006	
1385	9280	24988	
1317	9099	25097	
1327	9252	24981	
1340	9229	25011	
1333	9397	24832	
1274	9221	25050	
1430	9232	24959	
1367	9416	24970	
1350	9305	24881	
1362	9286	24884	
1410	9180	24998	
1349	9266	25021	
1350	9286	24955	
1328	9339	24921	
1315	9255	25144	
1402	9136	25104	
1412	9030	25106	
1367	9004	25145	
1380	9270	24985	
1369	9161	25126	
1394	9136	25192	
1297	8955	25297	
1353	9214	25077	
1349	9230	24941	
1407	9109	25125	
1333	9209	25022	
1433	9077	25216	
1399	9241	24975	
1389	9207	25023	
1316	9109	25186	
1395	9278	24894	
1363	9162	24976	
1307	9093	25081	
1301	9190	25156	
1393	9212	25098	
1360	9137	25122	
1372	9233	25092	
1271	9213	24975	
1358	9270	25167	
1319	9172	25050	
1350	9209	24987	
1360	9259	24939	
1339	9160	25171	
1376	9261	25002	
1408	9197	25053	
1383	9213	24970	
1310	9086	25206	
1329	9211	25040	
1370	9304	24935	
1358	9162	25075	
1346	9163	25012	
1333	9300	24956	
1388	9232	24989	
1347	9172	25081	
1377	9293	24935	
1382	9300	24963	
1363	9061	25129	
1407	9063	25173	
1468	9114	25023	
1392	9056	25226	
1368	9304	24910	
1358	9200	25137	
1314	9321	24959	
1421	9261	24965	
1327	9205	25064	
1432	9144	25182	
1362	9278	24942	
1292	9340	24959	
1337	9150	25038	
1332	9161	25085	
1401	9115	25223	
1375	9131	25066	
1365	9030	25061	
1360	9261	24901	
1301	9213	25078	
1261	9240	25100	
1372	9303	24811	
1318	9179	25173	
1258	9218	24977	
1325	9140	25088	
1398	9213	25006	
1365	9388	24830	
1425	9283	24986	
1450	9135	24964	
1320	9139	25104	
1367	9256	24909	
1375	9145	25088	
1344	9121	25147	
1303	9117	25117	
1384	9195	25117	
1318	9438	24841	
1418	9119	25062	
1379	9122	25116	
1364	9274	25067	
1348	9236	25002	
1354	9261	24920	
1306	9286	24932	
1425	9284	24936	
1250	9161	25171	
1351	9293	24962	
1351	9149	24963	
1370	9268	24833	
1350	9260	24971	
1422	8988	25050	
1366	9205	24941	
1302	9268	25063	
1342	9063	25203	
1380	9067	25125	
1384	9152	25087	
1403	9161	24952	
1379	9161	25065	
1335	9262	25022	
1376	9454	24827	
1280	9325	24969	
1302	9168	25100	
1305	9300	25039	
1365	9128	25162	
1305	9172	25054	
1335	9306	24972	
1372	9233	24900	
1375	9148	25132	
1311	9266	25059	
1340	9029	25131	
1373	9298	24916	
1294	9215	25056	
1379	9268	25025	
1390	9166	24966	
1370	9103	25164	
1360	9176	25040	
1380	9007	25206	
1379	9310	24984	
1384	9156	25056	
1380	9203	25082	
1359	9061	25192	
1318	9017	25277	
1349	9240	25016	
1385	9203	24926	
1361	9249	24970	
1346	9180	25070	
1317	9193	25101	
1381	9172	25076	
1273	9180	25053	
1271	9170	25104	
1368	9191	25117	
1374	9393	24889	
1329	9274	24908	
1345	9223	25100	
1436	9112	25087	
1286	9205	25026	
1311	9292	25015	
1292	9112	25128	
1395	9137	25005	
1422	9164	24968	
1324	9190	25097	
1339	9156	25077	
1380	9208	25043	
1367	9241	24925	
1362	9053	25157	
1357	9118	25086	
1312	9359	24859	
1349	9193	25013	
1321	9174	25031	
1348	9265	24976	
1403	9116	25089	
1372	9236	25046	
1338	9361	24950	
1268	9331	25032	
1391	9152	25085	
1363	9230	24999	
1377	9174	25038	
1300	9376	24920	
1368	9007	25162	
1365	9205	25032	
1282	9251	24997	
1373	9237	25142	
1366	9307	24911	
1441	9201	24954	
1359	9292	25083	
1394	9325	25018	
1337	9225	24949	
1372	9127	25067	
1314	9253	25133	
1380	9061	25099	
1424	9203	24935	
1376	9163	25122	
1354	9221	25069	
1415	9188	25105	
1404	9078	25051	
1381	9199	25085	
1341	9181	25132	
1363	9262	24981	
1314	9127	25187	
1378	9144	25070	
1300	9214	25061	
1348	9134	25103	
1340	9239	25003	
1389	9213	25087	
1341	9220	25086	
1370	9323	24931	
1358	9128	25083	
1306	9340	25041	
1343	9090	25224	
1325	9224	25027	
1333	9201	25032	
1324	9376	24902	
1352	9305	24853	
1360	9139	25143	
1352	9133	25135	
1350	9259	25014	
1342	9190	25113	
1382	9031	25179	
1293	9262	24950	
1412	9265	25054	
1404	9203	24941	
1363	9228	24959	
1403	9240	25048	
1358	9177	25070	
1339	9259	25016	
1365	9166	25077	
1330	9048	25236	
1390	9050	25241	
1245	9180	25109	
1339	9238	24922	
1347	9203	25133	
1303	9234	25118	
1308	9168	25082	
1380	9174	25044	
1365	9164	25003	
1323	9296	24879	
1366	9181	25057	
1317	9106	25198	
1373	9129	25086	
1376	9087	25142	
1343	9186	24921	
1312	9485	24833	
1358	9045	25230	
1356	9163	25035	
1421	9273	25033	
1336	9191	25069	
1375	9218	25085	
1340	9133	25112	
1355	9310	24965	
1336	9225	25017	
1341	9224	25070	
1360	9222	25066	
1348	9129	25123	
1371	9200	25067	
1383	9164	24987	
1417	9358	24884	
1402	9146	25054	
1298	9282	25112	
1348	9219	25039	
1431	9222	24919	
1389	9163	25098	
1332	9042	25182	
1371	9177	25001	
1345	9150	25129	
1292	9203	25190	
1362	9094	25189	
1322	9202	25144	
1304	9294	25040	
1366	9229	25013	
1331	9213	24962	
1427	9226	24935	
1307	9221	25007	
1444	9192	24983	
1346	9227	25037	
1326	9258	25084	
1397	9317	24956	
1318	9140	25057	
1360	9270	24957	
1408	9261	24819	
1302	9069	25213	
1358	9044	25170	
1352	9165	25101	
1387	9276	24911	
1274	9213	25097	
1393	9192	24958	
1370	9144	24926	
1344	9185	25021	
1410	9209	24988	
1363	9191	24982	
1376	9176	24980	
1342	9320	24950	
1318	9145	25023	
1370	9264	25001	
1340	9181	25157	
1299	9091	25137	
1361	9253	25039	
1358	9231	24995	
1340	9249	25035	
1363	9083	25155	
1338	9252	24964	
1319	9080	25142	
1371	9364	24823	
1425	9033	25091	
1336	9111	25073	
1314	9297	24986	
1348	9227	24976	
1361	9269	25017	
1372	9039	25260	
1418	9128	25104	
1407	9210	25012	
1364	9283	24956	
1400	9149	25101	
1335	9293	24946	
1347	9188	25118	
1357	9152	24983	
1384	9232	25059	
1375	9112	25105	
1305	9061	25255	
1320	9189	25053	
1418	9162	25117	
1354	9067	25090	
1359	9167	24906	
1374	9273	24911	
1379	9215	25056	
1352	9104	25076	
1374	9244	25010	
1334	9285	24922	
1387	9288	25014	
1367	9200	25005	
1389	9162	25060	
1387	9194	25036	
1349	9324	24940	
1332	9304	25030	
1407	9196	24986	
1339	9181	24924	
1340	9281	25083	
1318	9174	25074	
1421	9101	25211	
1317	9200	24936	
1362	9232	25040	
1392	9035	25140	
1374	9142	25001	
1392	9157	25075	
1293	9221	25039	
1341	9241	25116	
1369	9319	24820	
1345	9240	25010	
1317	9079	25172	
1342	9111	25172	
1327	9352	24890	
1366	9102	25094	
1399	9107	25097	
1366	9224	25107	
1366	9365	24766	
1297	9238	25054	
1387	9290	24947	
1384	9274	24926	
1323	9070	25077	
1271	9134	25010	
1349	9017	25235	
1331	9179	25080	
1327	9126	25069	
1366	9119	25255	
1331	9191	25089	
1360	9193	25093	
1345	9129	25162	
1397	9295	24953	
1392	9155	24966	
1357	9044	25307	
1350	9244	25080	
1344	9247	24888	
1401	9169	24942	
1318	9251	25029	
1355	9183	25126	
1332	9221	25087	
1358	9274	25089	
1393	9227	24908	
1386	9170	25085	
1416	9206	25077	
1369	9209	25117	
1342	9238	25106	
1353	9364	24877	
1406	9087	25195	
1414	9256	24912	
1347	9280	24929	
1425	9215	25056	
1349	9174	25015	
1390	9226	24996	
1364	9137	25063	
1381	9201	25060	
1371	9359	24944	
1400	9105	25114	
1418	9308	24918	
1282	9126	25117	
1288	9104	25142	
1410	9061	25109	
1349	8990	25247	
1341	9140	25207	
1365	9234	24905	
1365	9009	25187	
1384	9299	24946	
1344	9152	25094	
1379	9225	25027	
1377	9148	25051	
1354	9272	24947	
1329	9252	25035	
1336	9273	25062	
1382	9112	25198	
1312	9178	25127	
1393	9189	25041	
1397	9241	25045	
1280	9213	25125	
1327	9298	25019	
1275	9140	25214	
1397	9068	25209	
1400	8922	25337	
1381	9114	25214	
1314	9325	24963	
1287	9281	25027	
1363	9161	25047	
1341	9236	25093	
1397	9182	25004	
1248	9358	25043	
1372	9230	25056	
1399	9216	25100	
1357	9274	24975	
1351	9252	25076	
1325	9122	25081	
1366	9315	25032	
1362	9302	24824	
1399	9146	25020	
1378	9109	25041	
1348	9295	24929	
1345	9162	25158	
1342	9135	25142	
1357	9234	24910	
1307	9214	25170	
1353	9128	25068	
1302	9247	25102	
1375	9239	25005	
1391	9183	25066	
1282	9182	25117	
1355	9281	24953	
1327	9311	24897	
1297	9243	25072	
1416	9025	25091	
1302	9198	25088	
1362	9357	24907	
1340	9210	25055	
1401	9155	25064	
1343	9169	25162	
1355	9166	25048	
1306	9175	25062	
1276	9174	25044	
1334	9172	25092	
1308	9261	25087	
1334	9204	25041	
1378	9159	25039	
1337	9194	25045	
1297	9312	25064	
1324	9206	25026	
1328	9182	24951	
1346	9239	24906	
1357	9137	25111	
1367	9178	25141	
1359	9240	24980	
1321	9233	25064	
1314	9241	25045	
1397	9200	25079	
1363	9163	25022	
1361	9153	24898	
1380	9283	25006	
1393	9087	25162	
1304	9236	24989	
1306	9288	24906	
1386	9309	24846	
1393	9263	24986	
1376	9233	24973	
1431	9129	25085	
1391	9079	25062	
1363	9209	25069	
1421	9210	25023	
1409	9235	24968	
1352	9132	24961	
1329	9154	25005	
1368	9110	25167	
1392	9164	25089	
1355	9308	25015	
1402	9306	24896	
1303	9128	25080	
1328	9273	25025	
1302	9120	25154	
1296	9240	25034	
1370	9097	25140	
1313	9243	25128	
1364	9196	24980	
1387	9115	25016	
1401	9081	25127	
1373	9166	25038	
1417	9162	25002	
1375	9195	25096	
1409	9233	25084	
1310	9248	25070	
1336	9325	24960	
1364	9241	24980	
1310	9262	25050	
1359	9124	25072	
1389	9206	25109	
1371	9194	25080	
1412	9166	25047	
1284	9335	24837	
1313	9276	24996	
1341	9101	25200	
1322	9157	25101	
1393	9256	25020	
1409	9150	24999	
1355	9212	25164	
1359	9125	25122	
1323	9220	25084	
1386	9122	25198	
1403	9257	25025	
1325	9298	25022	
1370	9169	25056	
1369	9124	25145	
1420	9289	24982	
1371	9189	25066	
1388	9343	24919	
1341	9206	25025	
1358	9222	24995	
1298	9208	25085	
1373	9186	25034	
1434	9270	24877	
1339	9115	25083	
1391	9243	24954	
1310	9244	25018	
1352	9193	25040	
1391	9183	25027	
1379	9124	25068	
1448	9190	25008	
1279	9097	25214	
1324	9266	24899	
1342	9152	25162	
1383	9217	25001	
1357	9373	24903	
1353	9353	24832	
1327	9200	25051	
1349	9112	25190	
1408	9201	25039	
1415	9152	25107	
1287	9149	25189	
1412	9344	24930	
1358	9278	24973	
1282	9098	25095	
1429	9329	24934	
1353	9145	25103	
1320	9147	25019	
1337	9101	25147	
1418	9294	24844	
1393	9336	24815	
1385	9180	25083	
1356	9262	25027	
1349	9319	24968	
1380	9090	24988	
1388	9071	25103	
1339	9239	25017	
1363	9231	25080	
1313	9145	24986	
1316	9186	25075	
1331	9309	24946	
1359	9219	25004	
1359	9254	25028	
1364	9162	25119	
1405	9181	24906	
1381	9118	25109	
1388	9220	25019	
1346	9262	25022	
1400	9095	25075	
1329	9390	24836	
1401	9313	24954	
1330	9274	24866	
1404	9178	25077	
1307	9224	24960	
1310	9043	25065	
1330	9161	25027	
1420	9329	24894	
1327	9158	25075	
1329	9289	24968	
1337	9202	25108	
1421	9152	25068	
1326	9160	25064	
1366	9167	25032	
1376	9164	25077	
1358	9148	25220	
1382	9357	24822	
1338	9260	25070	
1366	9093	25133	
1332	9207	24921	
1381	9332	24975	
1323	9146	25074	
1396	9106	25016	
1325	9215	25025	
1372	9164	24993	
1308	9223	24992	
1395	9101	25065	
1401	9238	25090	
1357	9238	25020	
1367	9113	25077	
1356	9250	25066	
1305	9180	25175	
1391	9220	24912	
1422	9204	24977	
1369	9227	25070	
1380	9150	25200	
1410	9238	24947	
1372	9236	25047	
1328	9318	25030	
1338	9196	24998	
1379	9222	25005	
1408	9056	25174	
1295	9305	24978	
1356	9353	25015	
1386	9157	25073	
1329	9215	24979	
1383	9232	24941	
1380	9193	24941	
1289	9253	24982	
1365	9112	25032	
1366	9316	24978	
1383	9045	25199	
1328	9145	25072	
1308	9251	25165	
1412	9249	25157	
1392	9121	25053	
1390	9176	25092	
1373	9236	25139	
1302	9299	25000	
1295	9150	25165	
1295	9188	25041	
1324	9122	25140	
1389	9277	25058	
1381	9162	25082	
1406	9149	25035	
1401	9180	25015	
1321	9220	25026	
1365	9085	25085	
1318	9315	24980	
1300	9013	25186	
1385	9125	25103	
1309	9080	25183	
1316	9234	24973	
1351	9134	24982	
1357	9137	25000	
1303	9325	25082	
1341	9177	25055	
1318	9243	25105	
1316	9241	25012	
1314	9202	25091	
1393	9157	25131	
1414	9212	24877	
1348	9314	25010	
1366	9170	24946	
1297	9164	25144	
1366	9075	25205	
1310	9137	25072	
1346	9266	24989	
1421	9294	24939	
1322	9254	25033	
1387	9194	25032	
1351	9195	25062	
1325	9113	25186	
1374	9089	25118	
1425	9152	25039	
1377	9005	25174	
1362	9231	24891	
1329	8991	25171	
1363	9251	25099	
1429	9319	24853	
1373	9114	25079	
1406	9100	25097	
1309	9157	25132	
1348	9212	25035	
1400	9294	24840	
1331	9263	25033	
1367	9180	25051	
1336	9133	25026	
1390	9126	25166	
1305	9359	24820	
1291	9076	25099	
1367	9274	24902	
1356	9108	25186	
1330	9147	25079	
1401	9187	25215	
1373	9327	24901	
1300	9192	25131	
1367	9152	25019	
1399	9014	25102	
1353	9070	25183	
1392	9142	25117	
1367	9222	24996	
1292	9117	25115	
1359	9347	24846	
1287	9245	25040	
1375	9098	25099	
1316	9316	24927	
1311	9166	25092	
1376	8967	25176	
1349	9332	24843	
1387	9407	24853	
1336	9310	24927	
1384	9221	25124	
1343	9098	25152	
1423	9276	25049	
1366	9241	25192	
1396	9175	25037	
1434	9162	25157	
1381	9019	25221	
1340	9143	25151	
1375	9179	25095	
1357	9242	25054	
1454	9249	24956	
1352	9018	25148	
1344	9074	25211	
1266	9229	24990	
1374	9187	25063	
1296	9228	25026	
1356	9228	24987	
1393	9269	24960	
1412	9202	25010	
1387	9099	24939	
1347	9340	24965	
1405	9162	25085	
1312	9056	25264	
1394	9085	25201	
1358	9360	24979	
1387	9183	25043	
1311	9244	25053	
1402	9241	25023	
1371	9222	24983	
1275	9182	25054	
1321	9131	25053	
1370	9183	25035	
1359	9291	25011	
1317	9209	24940	
1316	9159	25115	
1328	9238	24889	
1357	9422	24872	
1327	9166	25168	
1359	9143	25046	
1387	9262	24973	
1393	9125	24978	
1362	9016	25216	
1333	9286	25012	
1378	9284	24921	
1342	9357	24920	
1311	9166	25008	
1337	9236	25077	
1309	9213	24976	
1354	9193	25011	
1316	9041	25222	
1383	9103	25022	
1331	9172	25035	
1331	9285	24934	
1356	9186	25107	
1402	9370	24802	
1377	9309	24932	
1333	9052	25202	
1380	9173	24999	
1307	9175	25047	
1408	9243	24902	
1355	9143	24998	
1290	9162	25070	
1398	9151	25098	
1368	9141	25143	
1360	9121	25099	
1443	9344	24860	
1293	9172	25156	
1320	9088	25282	
1408	9210	25031	
1292	9222	25073	
1407	9156	25112	
1351	9384	24910	
1370	9200	24994	
1323	9252	24920	
1443	9190	25056	
1357	9266	25010	
1323	9211	25020	
1374	9254	24958	
1348	9063	25194	
1313	9137	25206	
1356	9144	24988	
1399	9223	25028	
1339	9186	24977	
1370	9104	25164	
1380	9251	25018	
1382	9228	25036	
1376	9272	24892	
1348	9291	24947	
1324	9117	25130	
1336	9196	25066	
1260	9136	25262	
1344	9223	25121	
1306	9221	25047	
1337	9020	25264	
1405	9129	25028	
1392	9167	25036	
1305	9101	25142	
1387	9228	25013	
1338	9152	25059	
1368	9305	24947	
1366	9106	25102	
1337	9118	25130	
1305	9335	25049	
1326	9117	25064	
1412	9124	25031	
1374	9203	25026	
1372	9120	25067	
1353	9060	25215	
1364	9158	25196	
1366	9081	25197	
1365	9258	24943	
1433	9339	24846	
1307	9177	25050	
1375	9096	25136	
1398	9230	24876	
1423	9005	25204	
1339	9140	25180	
1348	9189	25078	
1354	9232	25041	
1370	9136	25081	
1417	9119	25009	
1291	9136	25149	
1303	9260	25004	
1354	9308	24857	
1416	9109	25061	
1332	9219	25029	
1353	9153	25055	
1353	9210	25120	
1285	9093	25156	
1350	9048	25280	
1364	9083	25376	
1387	9185	25046	
1365	9151	25047	
1416	9256	24990	
1320	9099	25134	
1303	9263	25038	
1350	9157	25106	
1403	9220	24978	
1362	9358	24862	
1356	9246	25084	
1331	9056	25126	
1333	9203	25042	
1361	9146	25051	
1384	9269	24801	
1376	9215	25069	
1359	9175	25099	
1360	9214	25040	
1290	9102	25268	
1282	9274	25029	
1375	9189	24873	
1370	9206	25061	
1339	9188	25057	
1301	9144	25234	
1397	9131	25092	
1371	9289	24870	
1387	9130	25166	
1355	9182	25136	
1445	8994	25214	
1380	9134	25068	
1412	9176	25111	
1394	9164	25111	
1380	9112	25084	
1316	9276	24948	
1322	9272	25103	
1388	9133	25132	
1376	9137	25197	
1306	9079	25195	
1403	9243	24902	
1302	9325	24952	
1323	9194	25041	
1354	9160	25003	
1395	9170	24945	
1446	9226	24907	
1347	9088	25164	
1434	9112	25002	
1331	9251	24945	
1346	9201	24999	
1363	9163	24924	
1312	9151	25084	
1303	9288	24932	
1356	9111	25146	
1326	9192	24971	
1327	9167	24928	
1368	9174	24982	
1374	9089	25189	
1381	8977	25166	
1338	9182	25107	
1311	9138	25115	
1423	9150	25084	
1398	9048	25113	
1279	9159	25022	
1250	9196	25121	
1379	9333	24830	
1431	9358	24821	
1365	9094	25167	
1405	9012	25063	
1385	9147	25050	
1356	9264	25098	
1333	9113	25055	
1402	9203	24951	
1304	9198	24992	
1390	9069	25105	
1262	9193	25064	
1361	9191	24993	
1401	8995	25237	
1367	9162	25106	
1371	9174	25016	
1376	9187	25104	
1399	9144	25089	
1342	9087	25166	
1286	9254	24957	
1381	9332	24881	
1337	9336	24868	
1412	9197	25040	
1388	9115	25062	
1348	9112	25173	
1371	8948	25111	
1295	9091	25153	
1379	9263	24897	
1372	9170	25010	
1366	9150	25162	
1313	9165	25149	
1321	9089	25107	
1379	9474	24739	
1352	9135	24921	
1339	9173	25029	
1326	9151	25006	
1374	9378	24850	
1328	9219	24968	
1390	9200	25015	
1359	9178	25050	
1352	9209	25012	
1339	9121	25000	
1282	9235	24985	
1370	9053	25182	
1328	9158	25165	
1409	9157	25084	
1301	9280	25034	
1343	9073	25046	
1397	9124	25092	
1354	9212	25121	
1399	9132	25146	
1333	9287	24979	
1391	9202	24961	
1290	9244	25220	
1351	9132	25057	
1376	9164	25149	
1387	9220	25037	
1336	9224	25073	
1385	9264	25052	
1330	9202	24950	
1366	9189	25048	
1374	9336	24981	
1301	9153	25173	
1481	9192	25126	
1399	9212	24856	
1396	9261	25003	
1372	9181	25035	
1368	9258	24964	
1397	9350	24890	
1348	9163	25094	
1359	9269	24999	
1408	9419	24891	
1368	9095	25114	
1379	9282	25005	
1282	9283	25085	
1282	9104	25287	
1375	8984	25253	
1372	9179	25078	
1336	9250	25020	
1395	9309	24813	
1320	9252	25027	
1289	9137	25144	
1340	9165	25068	
1341	9258	24869	
1299	9083	25190	
1380	8974	25233	
1344	9207	24980	
1409	9120	25138	
1345	9347	24915	
1349	9262	24998	
1326	9245	25123	
1364	9157	25044	
1355	9329	24864	
1369	9216	25027	
1358	9319	24973	
1354	9205	25038	
1374	9154	25120	
1322	9147	25112	
1365	9085	25125	
1371	9090	25087	
1352	9320	25002	
1374	9184	25001	
1350	9254	25045	
1347	9169	24999	
1360	9063	25084	
1330	9177	25117	
1424	9091	25065	
1368	9078	25156	
1387	9132	25000	
1303	9236	24976	
1300	9295	24965	
1363	9054	25184	
1354	9160	25021	
1401	9289	24914	
1364	9092	25143	
1392	9145	25117	
1367	9130	25068	
1465	8952	25193	
1352	9170	25129	
1403	9299	24890	
1278	9184	25111	
1435	9222	24975	
1328	9227	25113	
1330	9336	24904	
1376	9268	24959	
1390	9278	25055	
1354	9129	25064	
1304	9270	24959	
1388	9178	25093	
1351	9170	25041	
1399	9142	25090	
1379	9039	25097	
1398	9246	24978	
1338	9075	25159	
1307	9105	25100	
1424	9189	25055	
1267	9228	24882	
1468	9235	24959	
1341	9294	24952	
1338	9090	25092	
1387	9042	25143	
1391	9151	25044	
1303	9193	25128	
1384	9160	25051	
1356	9273	25026	
1347	9178	25034	
1351	9269	25044	
1331	9276	25008	
1309	9222	25019	
1379	9226	25027	
1353	9246	24997	
1327	9326	24803	
1302	9197	25026	
1367	9264	24852	
1436	9224	24962	
1352	9041	25144	
1388	9175	25067	
1371	9034	25231	
1372	9259	24891	
1312	9260	24944	
1302	9255	25094	
1334	9110	25125	
1384	9196	25017	
1323	9170	25052	
1332	9297	25009	
1362	9259	24905	
1282	9340	24932	
1347	9099	25041	
1380	9228	24977	
1449	9348	24878	
1319	9247	25059	
1420	9140	25240	
1374	9171	25034	
1391	9280	24937	
1297	9101	25198	
1370	9314	24942	
1411	9304	24878	
1304	9310	24926	
1377	9201	24952	
1446	9162	24980	
1308	9147	25094	
1312	9196	25026	
1270	9254	25171	
1330	9158	25047	
1321	9386	25006	
1314	9271	25081	
1337	9261	24932	
1321	9036	25221	
1401	9261	25007	
1309	9288	24946	
1397	9218	25053	
1287	9371	24987	
1329	9217	25050	
1331	9177	25086	
1318	9144	25185	
1416	9200	24976	
1349	9086	25041	
1349	9211	24987	
1384	9211	25058	
1317	9180	25000	
1288	9213	25098	
1349	9343	24907	
1367	9188	25029	
1312	9309	24963	
1372	9229	25067	
1369	9129	25177	
1353	9187	25156	
1346	9145	25123	
1364	9140	25016	
1288	9321	24923	
1328	9247	24956	
1299	9054	25156	
1317	9115	25048	
1329	9224	24997	
1315	9321	24884	
1397	9291	25011	
1329	9096	25118	
1358	9265	25041	
1287	9224	25099	
1363	9220	25091	
1285	9135	25005	
1377	9130	25050	
1337	9184	25031	
1387	9117	25065	
1393	9296	24905	
1336	9040	25219	
1270	9151	25073	
1307	9138	25110	
1310	9219	25067	
1423	9164	24993	
1362	9243	24964	
1386	9183	25030	
1339	9278	25101	
1349	9217	25072	
1362	9194	25069	
1382	9289	24947	
1348	9418	24846	
1399	9130	25015	
1384	9173	24953	
1290	9220	25040	
1435	9201	24951	
1314	9200	25140	
1390	9161	25071	
1366	9186	25091	
1361	9197	25085	
1406	9296	24946	
1289	9125	25100	
1384	9281	24986	
1377	9138	25236	
1335	9151	24988	
1312	9221	25071	
1327	9195	25075	
1340	9209	24961	
1349	9175	25039	
1372	9163	25068	
1385	9246	24986	
1395	9209	25096	
1365	9111	25004	
1360	9052	25166	
1370	9188	25105	
1344	9144	25072	
1343	9117	25006	
1370	9149	25025	
1357	9187	24992	
1382	9143	25193	
1311	9014	25205	
1299	9096	25225	
1378	8975	25233	
1408	9330	25016	
1346	9214	25072	
1355	9177	25097	
1411	9156	25090	
1303	9158	25092	
1296	9231	24921	
1368	8965	25280	
1370	9215	25018	
1339	9192	25122	
1390	9046	25127	
1365	9115	24991	
1351	9142	25118	
1374	9167	24969	
1404	9224	25009	
1325	9269	24991	
1390	9403	24792	
1309	9207	24916	
1423	9370	24847	
1294	9321	24853	
1364	9226	25081	
1376	9212	25029	
1312	9260	24963	
1350	9175	25102	
1262	9292	25060	
1386	9241	25012	
1361	9202	25072	
1391	9162	25043	
1345	9203	25025	
1346	9292	25021	
1281	9018	25111	
1298	9051	25151	
1361	9102	25162	
1350	9181	25130	
1417	9124	25168	
1315	9073	25083	
1327	9293	25054	
1269	9171	25159	
1388	9237	24899	
1297	9384	24846	
1311	9237	25008	
1330	9155	25130	
1399	9258	25014	
1290	9092	25143	
1389	9092	25021	
1402	9421	24765	
1377	9219	24929	
1287	9160	25166	
1352	9045	25256	
1348	9071	24986	
1329	9085	25050	
1283	9202	25009	
1356	9238	25086	
1409	9316	24900	
1392	9348	24985	
1281	9250	24983	
1410	9174	24952	
1425	9082	25226	
1377	9179	24943	
1299	9314	24949	
1357	9280	24939	
1328	9194	25101	
1341	9308	24953	
1373	9289	25085	
1384	9169	25106	
1372	9257	24990	
1363	9347	24922	
1340	9224	25038	
1380	9198	25050	
1352	9088	25116	
1397	9203	25174	
1390	9274	24948	
1339	9155	25175	
1384	9204	25010	
1340	9334	24897	
1422	9158	25104	
1267	9143	25171	
1393	9194	25040	
1351	9146	25077	
1336	9187	24970	
1289	9167	24952	
1288	9256	25047	
1359	9313	25013	
1326	9199	25092	
1372	9182	24972	
1366	9151	24963	
1368	9174	25015	
1292	9227	25008	
1352	9197	24890	
1297	9235	25013	
1402	9079	25122	
1402	9043	25124	
1387	9223	24878	
1376	9241	25066	
1370	9239	24955	
1354	9191	25035	
1338	9212	25034	
1321	9349	24977	
1344	9191	25017	
1417	9277	24857	
1390	9131	25009	
1320	9382	24973	
1337	9229	25030	
1343	9118	25090	
1368	9192	25011	
1348	9173	25028	
1411	9259	25033	
1371	9078	25159	
1401	9119	25097	
1323	9330	24829	
1304	9313	24954	
1468	9260	24961	
1414	9275	25055	
1378	9161	25156	
1301	9164	25118	
1335	9090	25108	
1442	9156	25038	
1287	9257	24980	
1323	9199	25009	
1315	9093	25123	
1414	9176	25120	
1341	9174	25121	
1287	9164	25092	
1420	9126	25150	
1322	9100	25012	
1409	9242	25047	
1422	9016	25262	
1386	9227	24974	
1358	9143	25117	
1371	9170	25098	
1330	9167	25001	
1325	9229	25041	
1389	9362	24993	
1347	9189	24988	
1412	9208	25112	
1300	9195	25074	
1394	9115	25054	
1315	9206	25080	
1361	9269	24899	
1410	9252	24897	
1374	9265	24983	
1238	9308	25099	
1344	9177	25046	
1314	9149	24994	
1302	9167	25036	
1328	9223	25123	
1384	9180	24983	
1389	9183	25042	
1385	9338	25036	
1328	9173	24971	
1380	9202	25111	
1302	9147	25155	
1341	9142	25110	
1369	9073	25172	
1375	9139	25030	
1423	9224	24896	
1329	9121	24998	
1368	9228	25113	
1329	9229	25133	
1387	9217	25098	
1336	9392	24870	
1276	9409	24986	
1378	9198	25094	
1315	9235	25078	
1395	9178	25042	
1359	9218	24919	
1381	9067	25131	
1311	9298	24945	
1429	9191	24922	
1337	9080	25065	
1344	9055	25155	
1352	9187	24943	
1393	9238	24937	
1326	9090	25188	
1400	9033	25097	
1348	9071	25130	
1334	9162	24975	
1320	9172	25174	
1342	9228	24990	
1385	9196	24974	
1324	9269	25019	
1326	8984	25207	
1359	9063	25043	
1352	9111	25234	
1364	9190	25004	
1369	9170	25097	
1398	9043	25207	
1335	9158	25058	
1337	9243	25112	
1283	9250	24995	
1308	9317	24983	
1375	9263	24842	
1344	9172	25071	
1374	9200	24973	
1297	9339	24946	
1349	9218	24987	
1339	9206	25027	
1355	9222	24996	
1364	9281	25076	
1337	9342	24816	
1392	9180	25128	
1284	9287	24890	
1375	9099	25103	
1349	9189	25026	
1352	9226	24895	
1316	9216	25043	
1390	9089	25066	
1404	9193	25090	
1357	9258	24928	
1389	9123	25014	
1356	9095	25172	
1364	9228	25002	
1386	9151	25013	
1392	9157	25025	
1296	9115	25173	
1350	9201	25064	
1377	9024	25079	
1389	9166	25027	
1411	9104	25122	
1375	9161	25089	
1349	9158	25182	
1343	8980	25224	
1325	9183	24984	
1294	9048	25157	
1346	9316	24985	
1371	9311	24974	
1294	9209	25021	
1349	9177	25087	
1396	9210	25011	
1327	9162	25067	
1339	9187	25056	
1436	9304	24913	
1306	9152	25254	
1380	9136	25055	
1428	9164	25008	
1329	9239	25090	
1374	9173	25164	
1440	9074	25058	
1363	9219	24935	
1323	9233	25026	
1336	9363	24927	
1407	9145	25023	
1412	9089	25013	
1383	9217	24930	
1357	9186	24967	
1361	9384	25038	
1425	9251	24929	
1365	9030	25196	
1330	9211	24951	
1316	9129	25122	
1363	9046	25217	
1328	9258	25089	
1375	9212	25047	
1298	9263	24976	
1290	9259	24958	
1328	9287	24976	
1364	9173	25075	
1340	9243	24952	
1336	9211	25007	
1322	9142	25236	
1385	9120	25119	
1406	9183	25001	
1296	9086	25255	
1372	9259	24926	
1377	9329	24962	
1313	9271	24976	
1365	9090	25071	
1335	9174	25008	
1376	9128	25115	
1352	9253	25085	
1366	9311	25085	
1352	9230	24998	
1340	9436	24854	
1333	9287	24962	
1376	9176	25079	
1388	9085	25092	
1329	9196	24932	
1333	9306	24892	
1358	9288	25015	
1392	9319	24948	
1352	9127	25119	
1363	9374	24711	
1370	9225	25010	
1339	9170	24988	
1327	9236	24951	
1322	9220	25035	
1390	9350	24929	
1272	9250	25101	
1354	9240	25002	
1330	9300	24853	
1371	9184	25043	
1351	9059	25117	
1388	8998	25126	
1367	9176	25067	
1366	9294	24979	
1351	9188	25102	
1260	9174	25115	
1328	9173	25072	
1300	9227	25064	
1384	9140	25069	
1411	9142	25052	
1405	9162	25048	
1317	9195	25107	
1361	9221	25018	
1449	9153	24960	
1396	9077	25125	
1412	9225	24999	
1300	9248	24983	
1371	9248	24949	
1337	9186	25076	
1354	9194	25108	
1362	9191	25001	
1363	9241	25018	
1321	9456	24748	
1414	9115	25019	
1376	9177	25142	
1394	9323	24867	
1311	9216	25061	
1430	9131	25123	
1402	9111	25184	
1306	9266	24967	
1360	9145	24950	
1321	9340	24980	
1385	9235	24923	
1436	9173	25154	
1323	9055	25192	
1382	9002	25121	
1314	9233	25051	
1359	9233	24969	
1320	9315	24991	
1321	9328	25006	
1313	9248	25090	
1354	9166	25025	
1339	9272	24875	
1315	9273	24962	
1371	9310	24883	
1379	9126	25034	
1336	8981	25092	
1301	9218	25082	
1363	9262	24856	
1303	9255	25021	
1324	9184	25075	
1305	9175	25170	
1356	9208	24866	
1367	9279	25024	
1390	9141	25080	
1397	9178	24993	
1392	9165	25039	
1364	9295	24884	
1355	9260	25028	
1356	9240	24966	
1397	9135	25138	
1320	9192	25065	
1372	9034	25160	
1321	9335	24921	
1361	9133	25056	
1328	9150	25092	
1356	9221	25019	
1381	9148	25034	
1356	9199	24935	
1392	9268	24843	
1369	9296	25064	
1393	9172	25083	
1358	9092	25187	
1369	9170	24972	
1344	9180	25070	
1358	9318	24927	
1312	9119	25112	
1397	9218	24883	
1390	9182	25020	
1379	9242	24961	
1385	9162	25064	
1279	9218	25080	
1358	9208	25006	
1341	9136	25025	
1383	9245	24958	
1384	9265	25006	
1377	9112	25136	
1383	9135	25120	
1412	9130	25072	
1385	9272	25069	
1337	9090	25093	
1345	9247	25020	
1307	9210	24999	
1375	9312	24979	
1339	9123	25123	
1391	9202	25012	
1345	9274	24935	
1372	9238	25038	
1374	9073	25175	
1330	9198	25066	
1403	9046	25152	
1345	9254	24988	
1353	9094	25044	
1338	9183	25048	
1372	9080	25012	
1338	9271	24991	
1343	9224	25108	
1306	9190	25092	
1312	9123	25114	
1359	9220	25005	
1301	9232	25012	
1384	9118	25155	
1335	9200	25080	
1317	9240	24908	
1372	9231	25011	
1304	9193	25083	
1387	9186	25014	
1376	9353	25001	
1364	9320	24898	
1360	9160	25151	
1363	9160	25046	
1356	9221	25022	
1310	9108	25114	
1284	9288	24973	
1300	9094	25240	
1338	9243	25009	
1366	9238	25022	
1329	9178	25097	
1343	9200	25055	
1360	9259	25028	
1371	9295	24956	
1367	9244	25030	
1368	9286	24899	
1364	9122	25084	
1409	9228	25029	
1358	9209	24991	
1378	9164	25108	
1327	9357	24936	
1365	9267	25023	
1308	9179	25099	
1368	9208	25025	
1345	9259	25072	
1333	9087	25340	
1352	9241	24995	
1412	9085	25058	
1420	9190	25023	
1417	9184	24981	
1361	9284	24968	
1458	9253	24918	
1411	9184	25008	
1371	9102	24990	
1357	9245	25039	
1378	9307	24940	
1375	9170	25041	
1361	9229	24970	
1355	9158	25045	
1359	9110	25098	
1379	9221	24917	
1333	9241	25065	
1385	9395	24904	
1376	9395	24910	
1370	9354	24947	
1367	9122	25101	
1323	9156	25079	
1361	9301	24976	
1356	9244	25105	
1365	9148	25083	
1321	9163	25117	
1385	9215	25100	
1338	9148	25033	
1448	9166	25019	
1346	9135	25053	
1412	9362	24844	
1456	9112	25064	
1277	9237	25039	
1382	9256	25006	
1308	9291	25048	
1385	9189	24931	
1376	9167	25081	
1396	9083	25103	
1377	9118	24988	
1312	9275	25013	
1365	9177	24973	
1245	9251	25079	
1327	9164	25058	
1306	9065	25198	
1337	9151	25011	
1304	9130	25132	
1381	9221	24909	
1328	9160	25106	
1347	9027	25197	
1365	9213	25039	
1386	9151	25145	
1390	9109	25043	
1347	9140	25073	
1293	9089	25107	
1351	8955	25130	
1299	9238	25048	
1342	9104	25129	
1358	9117	25058	
1309	9153	25245	
1332	9100	25085	
1385	9253	24975	
1332	9284	25033	
1430	9323	24910	
1369	9205	24926	
1351	9116	25098	
1332	9336	25053	
1322	9128	25200	
1339	9251	25055	
1379	9174	25059	
1386	9221	25039	
1385	9372	25031	
1404	9167	24993	
1338	9193	25028	
1343	9310	24918	
1347	9130	25022	
1414	9094	25076	
1310	9085	25188	
1306	9203	25082	
1339	9215	25073	
1301	9086	24966	
1344	9383	24857	
1318	9196	25024	
1329	9326	24896	
1276	9051	25231	
1414	9122	24923	
1388	9101	25153	
1263	9128	25032	
1369	9124	25111	
1290	9095	25134	
1296	9144	25074	
1399	9134	25151	
1383	9213	25007	
1356	9234	25050	
1320	9141	25083	
1359	9247	24978	
1380	9171	25116	
1437	9150	25038	
1298	9267	24917	
1383	9242	25066	
1292	9290	24912	
1288	9221	24962	
1299	9164	25108	
1438	9226	24997	
1341	9305	24982	
1406	9202	25025	
1313	9295	24933	
1415	9304	24893	
1278	9198	25120	
1344	9247	25063	
1323	9178	25026	
1253	9228	25069	
1414	9161	25110	
1331	9251	25025	
1362	9130	25064	
1389	9271	25018	
1354	9208	24949	
1364	9157	24989	
1289	9199	24976	
1395	9243	25014	
1323	9432	24861	
1431	9245	24889	
1347	9208	25008	
1328	9199	24968	
1315	9200	25168	
1410	9286	24942	
1352	9209	25024	
1331	9318	24986	
1391	9094	25107	
1303	9063	25098	
1372	9062	25158	
1347	9127	25115	
1346	9371	24859	
1432	9118	25089	
1345	9119	25120	
1334	9266	25015	
1286	9094	25178	
1352	9158	25228	
1396	9049	25051	
1337	9344	24993	
1295	9346	25083	
1373	9165	25018	
1345	9334	24918	
1332	9279	24917	
1311	9254	24952	
1335	9256	24967	
1352	9084	25177	
1336	9171	25006	
1369	9242	25031	
1332	8986	25224	
1358	9272	25082	
1311	9020	25319	
1406	9191	25112	
1347	9202	25084	
1339	9223	25030	
1334	9101	25176	
1406	9262	24895	
1354	9031	25279	
1370	9189	25041	
1376	9191	25015	
1393	9299	25075	
1402	9232	25158	
1327	9155	25103	
1355	9290	24943	
1335	9368	25023	
1316	9159	25007	
1317	9095	25170	
1336	9056	25268	
1350	9210	24952	
1255	9180	25047	
1398	9181	25121	
1351	9188	25095	
1413	8989	25221	
1400	9147	25156	
1334	9118	25126	
1342	9266	24939	
1211	9401	24945	
1366	9122	25011	
1337	9296	24988	
1360	9127	25093	
1307	9212	25110	
1384	9209	24940	
1359	9306	25029	
1373	9204	25100	
1378	9032	25206	
1399	9206	25072	
1396	9282	24919	
1354	9361	24937	
1315	9262	24990	
1309	9325	24995	
1334	9218	24941	
1327	9181	25036	
1406	9276	24950	
1331	9079	25138	
1372	9249	24843	
1337	9131	25068	
1316	9130	25109	
1348	9171	24983	
1388	9327	24934	
1345	9212	24994	
1407	9210	24964	
1376	9174	25024	
1345	9165	25136	
1463	9074	25096	
1401	9227	24989	
1414	9282	25008	
1328	9169	25074	
1337	8979	25146	
1327	9270	25040	
1354	9331	24968	
1357	9180	25188	
1348	9073	25170	
1360	9196	24899	
1393	9233	25056	
1338	9141	25086	
1305	9160	25037	
1375	9124	25037	
1363	9316	24871	
1386	9238	24969	
1348	9247	24954	
1294	9042	25273	
1405	9048	25043	
1315	9204	25067	
1377	9308	24957	
1438	9049	25215	
1326	9192	25030	
1319	9279	24894	
1394	9239	24998	
1348	9183	25072	
1343	9109	25079	
1359	9285	24922	
1340	9221	24995	
1416	9183	25127	
1321	9231	25015	
1382	9187	24984	
1355	9369	24945	
1364	9198	25017	
1432	9213	24996	
1370	9239	25035	
1299	9276	24995	
1318	9227	25010	
1390	9196	25069	
1258	9060	25202	
1368	9138	25082	
1345	9273	25021	
1311	9308	25006	
1399	9236	24953	
1361	9252	25011	
1361	9192	25079	
1312	9270	24974	
1280	9347	24923	
1383	9235	24965	
1345	9085	25146	
1411	9208	25023	
1361	9224	25043	
1370	9235	24977	
1365	9138	25120	
1331	9228	24945	
1426	9224	24973	
1339	9187	25041	
1344	9254	25052	
1357	9167	25155	
1334	9137	25090	
1398	9163	24937	
1371	9075	25126	
1375	9159	25040	
1286	9305	24874	
1372	9085	25128	
1318	9171	25127	
1359	9210	25009	
1332	9013	25260	
1339	9203	25072	
1401	9130	25006	
1377	9147	25030	
1311	9208	25048	
1369	9190	25075	
1397	9154	24991	
1301	9073	25114	
1351	9150	25234	
1272	9245	25045	
1397	9248	25012	
1384	9104	25121	
1363	9240	24980	
1385	9226	24968	
1377	9128	25102	
1398	9251	25045	
1361	9112	25084	
1352	9274	24973	
1360	9177	25053	
1299	9130	25176	
1303	9159	25008	
1348	9162	25160	
1354	9224	25000	
1323	9035	25112	
1330	9299	25008	
1405	9082	25066	
1390	9176	25087	
1387	9241	25001	
1359	9066	25111	
1338	9224	25131	
1318	9184	25045	
1357	9118	25177	
1368	9265	25068	
1365	9339	24879	
1314	9327	24928	
1417	9113	25079	
1394	9050	25229	
1376	9122	25052	
1366	9179	25015	
1430	9080	25031	
1376	9053	25122	
1410	9144	25130	
1329	9329	24995	
1401	9353	24929	
1294	9252	25010	
1308	9168	25028	
1283	9278	25033	
1374	9279	24980	
1344	9172	25138	
1354	9116	25181	
1290	9212	24970	
1371	9175	25014	
1400	9261	24951	
1264	9279	25021	
1345	9130	25038	
1407	9082	25040	
1313	9135	25030	
1366	9214	25003	
1352	9178	25059	
1256	9230	25061	
1350	9281	24902	
1341	9257	24979	
1367	9268	24887	
1306	9134	25029	
1359	9195	25009	
1357	9216	25015	
1355	9019	25244	
1365	9240	24924	
1351	9112	25150	
1379	9163	24966	
1336	9093	25077	
1331	9215	24950	
1410	9187	25193	
1386	9367	24923	
1380	9258	25049	
1339	9231	25034	
1450	9274	24814	
1345	9116	25139	
1317	9374	24903	
1349	9147	25106	
1334	9273	24975	
1364	9208	24966	
1320	9144	24950	
1310	9144	25150	
1344	9106	25049	
1378	9206	25142	
1381	9244	25003	
1327	9234	24987	
1369	9214	25079	
1408	9313	25019	
1307	9134	25048	
1371	9177	25105	
1353	9169	25004	
1338	9038	25179	
1366	9133	25069	
1351	9195	24939	
1345	9163	25163	
1366	9102	25158	
1336	9347	24863	
1337	9161	25200	
1358	9134	25078	
1397	9193	24990	
1354	9180	25022	
1351	9194	25098	
1397	9218	25074	
1356	9234	24975	
1391	9253	25040	
1342	9293	25060	
1343	9212	25058	
1333	8980	25229	
1315	9240	25011	
1336	9087	25139	
1357	9208	25049	
1283	9077	25280	
1341	9160	25073	
1378	9212	25057	
1431	9138	24973	
1306	9303	25079	
1385	9105	25190	
1345	9253	25043	
1375	9343	24962	
1326	9141	25138	
1342	9151	25130	
1416	9134	25127	
1324	9252	24977	
1334	9185	25136	
1336	9213	25069	
1392	9008	25129	
1359	9239	25060	
1295	9219	25063	
1352	9272	25041	
1361	8929	25238	
1326	9139	25035	
1337	9189	24988	
1345	9181	25067	
1380	9194	24890	
1398	9301	25004	
1359	9196	25048	
1354	9114	25110	
1390	9261	24979	
1325	9348	24872	
1379	9045	25242	
1433	9311	24834	
1395	9178	25022	
1311	9133	25184	
1390	9146	24912	
1362	9299	25021	
1314	9288	25008	
1374	9219	25037	
1322	9339	24904	
1367	9295	24936	
1348	9102	25143	
1363	9233	25011	
1330	9083	24992	
1374	9282	24973	
1309	9298	24939	
1394	9194	25049	
1319	9283	25070	
1331	9243	25017	
1306	9098	24994	
1306	9220	25040	
1383	9270	25011	
1377	9012	25130	
1368	9188	25006	
1406	9283	24934	
1282	9124	25075	
1363	9204	25023	
1376	9228	25042	
1372	9162	25096	
1263	9290	25024	
1367	9341	24915	
1393	9175	25004	
1350	9220	24992	
1391	9244	25046	
1359	9166	24969	
1377	9240	25014	
1308	9117	25047	
1329	9185	25109	
1330	9157	25195	
1402	9190	25048	
1413	9224	24955	
1358	9054	25051	
1383	9174	25009	
1377	9169	25155	
1368	9226	24918	
1377	9157	25094	
1363	9167	25165	
1399	9209	24996	
1361	9272	24950	
1317	9133	25106	
1343	9214	24983	
1271	9148	25121	
1402	9195	25045	
1402	9157	24977	
1404	9144	25096	
1309	9233	24929	
1309	9341	24935	
1399	9429	24989	
1367	9172	25112	
1334	9413	24812	
1345	9164	25044	
1391	9186	25063	
1372	9101	25151	
1347	9230	25005	
1361	9226	25088	
1354	9095	25132	
1308	9228	24941	
1433	9143	25049	
1355	9335	24866	
1440	9252	25003	
1384	9328	24864	
1361	9250	25038	
1403	9301	24998	
1354	9283	25024	
1423	9313	24980	
1390	9155	25023	
1317	9080	25173	
1320	9144	25065	
1396	9281	24940	
1379	9230	25151	
1329	9250	24951	
1369	9137	25082	
1320	9123	25019	
1327	9299	24950	
1379	9174	25120	
1403	9111	25127	
1328	9172	25103	
1322	9270	24959	
1335	9128	25124	
1362	9126	25025	
1337	9282	24986	
1347	9150	25249	
1376	9336	24955	
1280	9308	25062	
1317	9161	25221	
1349	9148	25028	
1281	9155	25065	
1310	9261	24974	
1326	9354	24859	
1350	9169	25082	
1412	9201	25071	
1396	9209	25021	
1358	9227	25055	
1368	9167	25075	
1267	9251	25153	
1343	9130	25044	
1392	9187	25014	
1369	9204	25056	
1380	9271	24881	
1299	9277	24971	
1362	9326	24865	
1327	9278	25018	
1349	9182	25073	
1366	9247	24994	
1315	9243	25193	
1407	9104	25201	
1364	9331	24949	
1323	9253	24949	
1404	9188	25001	
1366	9173	25004	
1367	9085	25201	
1302	9231	25084	
1429	9186	25006	
1367	9161	24997	
1303	9237	25014	
1334	9170	25233	
1418	9213	25039	
1385	9041	25281	
1391	9135	25042	
1327	9358	24908	
1299	9139	25175	
1372	9250	24926	
1362	8963	25266	
1365	9245	24923	
1330	9191	25064	
1409	9066	25051	
1337	9213	25011	
1382	9218	25133	
1320	9200	25104	
1419	9092	25021	
1378	9171	25014	
1377	9184	25013	
1364	9213	25177	
1387	9333	24846	
1346	9157	24971	
1308	9172	24983	
1321	9303	24848	
1363	9208	24923	
1355	9145	25120	
1368	9217	25058	
1413	9067	25118	
1343	9194	25134	
1403	9205	24985	
1304	9151	25168	
1444	9242	24973	
1373	9081	25060	
1422	9244	24936	
1436	9256	24946	
1328	9271	25000	
1398	9180	25067	
1311	9171	25138	
1393	9189	24986	
1369	9190	25092	
1392	9265	24915	
1408	9277	24980	
1338	9323	25000	
1306	9293	24991	
1376	9074	25093	
1330	9238	25042	
1408	9226	25022	
1365	9157	24985	
1398	9285	24812	
1339	9149	25146	
1341	9238	24947	
1379	9246	25017	
1309	9118	25073	
1347	9147	25043	
1297	9159	25122	
1308	9168	25140	
1369	9257	25102	
1379	9302	24927	
1344	9243	25062	
1348	9114	25019	
1330	9201	25023	
1324	9222	25156	
1406	9171	25047	
1289	9233	25125	
1349	9227	25143	
1341	9347	24938	
1358	9175	25005	
1275	9161	25214	
1394	9220	25149	
1332	9239	25055	
1385	9207	25023	
1335	9100	25125	
1418	8983	25180	
1409	9186	25018	
1349	9029	25139	
1398	9127	24966	
1344	9237	24981	
1384	9058	25205	
1286	9170	25041	
1370	9097	25105	
1364	9209	25129	
1350	9284	25085	
1412	9146	25107	
1402	9116	25034	
1348	9169	24986	
1297	9178	25010	
1411	9108	25078	
1334	9271	24989	
1292	9195	25016	
1378	9071	25056	
1360	9167	25099	
1360	9213	24970	
1373	9063	25200	
1316	9268	24906	
1412	9179	25014	
1425	9214	24954	
1398	9210	24877	
1424	9257	24977	
1338	9088	25220	
1424	9113	25005	
1384	9070	25105	
1367	9309	24992	
1346	9132	24964	
1380	9267	25001	
1285	9250	25071	
1322	9117	25076	
1334	9342	24962	
1350	9251	24950	
1422	9290	24941	
1335	9125	25177	
1347	9137	24959	
1385	9191	25017	
1363	9243	25039	
1358	9249	25000	
1389	9108	25122	
1384	9067	25100	
1321	9264	24995	
1362	9125	25054	
1396	9188	24943	
1353	9183	24935	
1368	9126	25118	
1314	9247	24907	
1321	9332	24997	
1371	9246	24982	
1333	9299	24997	
1274	9235	25134	
1313	9160	25166	
1318	9297	24949	
1355	9305	25000	
1385	9216	25069	
1376	9142	25142	
1303	9143	25123	
1339	9297	25037	
1389	9223	25038	
1380	9268	25016	
1361	9243	24960	
1389	9237	25035	
1373	9021	25232	
1384	9351	24941	
1365	9331	25033	
1348	9489	24771	
1394	9159	25005	
1360	9318	24890	
1354	9292	25041	
1424	9314	24953	
1403	9143	25145	
1318	9170	25156	
1337	9173	25110	
1359	9233	25038	
1419	9076	25079	
1350	9049	25104	
1285	9199	25063	
1311	9198	25175	
1327	9173	25008	
1337	9093	25137	
1399	9002	25204	
1327	9285	24909	
1317	9146	25005	
1372	9270	24989	
1279	9330	25041	
1367	9091	25101	
1343	9316	24804	
1327	9209	25081	
1352	9329	24941	
1341	9017	25206	
1363	9180	25056	
1401	9275	24900	
1348	9351	24831	
1335	9192	25156	
1367	9076	25067	
1395	9267	24913	
1403	9181	25020	
1333	9246	25075	
1370	9285	24956	
1344	9207	25092	
1329	9108	25173	
1388	8983	25232	
1323	9195	25086	
1342	9135	25047	
1393	9115	25127	
1381	9273	25051	
1287	9327	24901	
1360	9181	25056	
1355	9186	25006	
1321	9244	25038	
1342	9202	25017	
1393	9212	25006	
1359	9146	25109	
1348	9127	25158	
1432	9272	24840	
1358	9161	25098	
1360	9238	24928	
1341	9196	25033	
1298	9035	25166	
1376	9205	25021	
1279	9232	25007	
1317	9117	25137	
1356	9286	24882	
1333	9213	25050	
1353	9244	24994	
1333	9361	24844	
1357	9213	25009	
1338	9281	24977	
1347	9250	25026	
1330	9242	25098	
1407	9289	25001	
1410	9259	24980	
1354	9327	24878	
1315	9161	25143	
1380	9243	24966	
1375	9023	25235	
1321	9102	25133	
1339	9143	24994	
1366	9440	24861	
1362	9145	25028	
1439	9189	24978	
1369	9179	25112	
1297	9131	25150	
1333	9193	25002	
1460	9065	25167	
1288	9200	25007	
1485	9298	24830	
1401	9127	25149	
1362	9199	24943	
1350	9133	25062	
1387	9106	25159	
1216	9139	25071	
1377	9208	25051	
1324	9229	24969	
1334	9161	24984	
1326	9350	24971	
1267	9278	25048	
1350	9342	25023	
1317	9006	25239	
1292	9213	25038	
1358	9074	25120	
1380	9221	25091	
1337	9094	25055	
1364	9088	25180	
1407	9162	25023	
1371	9247	25056	
1320	9235	25048	
1340	9264	24890	
1391	9311	24968	
1387	9030	25123	
1344	9119	25185	
1349	9151	25088	
1311	9050	25205	
1338	9056	25112	
1348	9291	25046	
1409	9169	25129	
1351	9338	24892	
1367	9176	25140	
1325	9271	25014	
1343	9122	25042	
1343	9086	25129	
1313	9186	25073	
1384	9237	25071	
1362	9302	24947	
1371	9180	25008	
1400	9332	24966	
1356	9249	25080	
1367	9064	25056	
1414	9216	24922	
1288	9094	25111	
1384	9291	24934	
1351	9205	25053	
1345	9226	24963	
1346	9170	24900	
1379	9148	25105	
1358	9098	25049	
1254	9089	25147	
1363	9179	24908	
1397	9360	24898	
1378	9127	25107	
1349	9189	25026	
1378	9386	24853	
1425	9125	25086	
1355	9099	25122	
1350	9232	25020	
1424	9138	25161	
1374	9298	25096	
1351	9097	25084	
1359	9073	25156	
1356	9173	25086	
1344	9217	25027	
1348	9026	25191	
1402	9230	25055	
1331	9249	25071	
1364	9183	24914	
1335	9040	25321	
1379	9270	25024	
1286	9142	24955	
1386	9030	25168	
1302	9160	25123	
1272	9289	24976	
1312	9163	25027	
1331	9291	25043	
1308	9122	25062	
1299	9237	24908	
1371	9191	25156	
1431	9046	25028	
1434	9029	25231	
1293	9261	25065	
1278	9206	24989	
1446	9188	25163	
1302	9122	25109	
1325	9221	25066	
1348	9252	25072	
1357	9258	24987	
1405	9209	24939	
1322	9204	25099	
1342	9157	25081	
1313	9179	25125	
1380	9100	25062	
1411	9183	24983	
1343	9201	24974	
1340	9262	24970	
1387	9327	24847	
1383	9245	24980	
1410	9301	24974	
1386	9294	25044	
1362	9080	25132	
1299	9200	25106	
1363	9257	24994	
