1350	9080	25056	
1346	9141	25081	
1348	9143	25104	
1362	9236	24968	
1358	9249	24862	
1354	9106	24988	
1365	9269	24855	
1353	9203	25138	
1359	9266	24933	
1348	9236	25036	
1361	9300	25015	
1350	9121	25079	
1366	9217	24969	
1372	9312	24993	
1355	9250	24940	
1355	9169	25063	
1348	9046	25205	
1359	9178	25161	
1351	9113	25105	
1357	9121	25094	
1361	9188	25024	
1355	9050	25259	
1342	9163	25052	
1371	9335	25055	
1370	9327	25020	
1366	9294	24919	
1356	9139	25185	
1355	9092	25111	
1362	9288	24975	
1357	9226	25018	
1357	9209	25037	
1350	9085	25099	
1367	9301	24941	
1345	9101	25191	
1356	9140	25003	
1347	9152	25050	
1355	9224	24977	
1367	9165	25046	
1365	9121	25108	
1344	9001	25133	
1361	9215	24973	
1359	9263	24963	
1361	9298	24957	
1361	9264	24947	
1345	9210	25073	
1349	9111	25193	
1371	9409	24777	
1374	9362	25038	
1357	9201	25047	
1356	9224	25059	
1359	9201	25092	
1353	9066	25222	
1363	9353	24839	
1359	9220	25039	
1347	9159	25084	
1352	9034	25120	
1355	9215	25090	
1364	9268	25017	
1355	9197	25030	
1363	9221	24995	
1361	9299	24920	
1352	9093	25117	
1356	9170	25037	
1368	9280	24978	
1363	9255	25000	
1358	9172	25130	
1363	9164	25151	
1354	9203	25160	
1344	9027	25063	
1345	9115	25104	
1352	9180	25113	
1350	9161	25176	
1354	9170	24864	
1354	9214	25098	
1359	9229	24961	
1356	9192	24995	
1353	9135	25051	
1368	9273	25065	
1365	9382	24817	
1360	9248	25010	
1379	9463	24782	
1365	9279	24977	
1352	9171	25076	
1366	9318	24970	
1358	9210	25062	
1348	9105	25180	
1348	9122	24992	
1347	9184	25116	
1363	9352	24885	
1360	9200	25076	
1361	9273	25022	
1367	9293	24926	
1355	9166	24943	
1360	9200	25132	
1364	9190	25122	
1362	9237	24984	
1361	9179	24978	
1362	9177	24974	
1348	9138	24983	
1359	9284	25018	
1362	9216	24985	
1369	9327	24938	
1368	9343	24827	
1354	9085	25165	
1360	9149	25177	
1347	9098	25162	
1356	9128	25017	
1347	9071	25112	
1352	9115	25037	
1362	9289	24889	
1351	9091	24988	
1354	9137	25145	
1349	9139	25058	
1348	9101	25152	
1352	9151	25085	
1348	9155	25141	
1364	9232	25065	
1353	9185	24994	
1357	9234	25054	
1344	8986	25258	
1353	9170	25074	
1353	9090	25187	
1361	9336	24817	
1353	9142	25017	
1353	9246	24965	
1355	9221	24938	
1346	8981	25322	
1361	9214	24943	
1359	9206	25137	
1370	9319	24891	
1360	9227	25160	
1360	9132	25059	
1361	9257	25098	
1355	9127	24964	
1361	9196	25069	
1351	9122	24992	
1344	9083	25184	
1344	9067	25225	
1354	9174	25087	
1369	9321	24911	
1351	9125	25111	
1345	9099	25181	
1362	9234	25034	
1342	9124	25031	
1347	9212	25007	
1355	9174	25047	
1369	9369	24884	
1367	9229	24955	
1353	9231	25045	
1360	9233	25020	
1354	9076	25082	
1359	9200	24968	
1353	9196	25020	
1356	9123	25146	
1345	9114	25099	
1354	9182	25018	
1359	9240	25001	
1362	9228	24988	
1350	9040	25137	
1363	9227	25004	
1363	9312	24909	
1351	9151	25076	
1346	9155	24931	
1350	9023	25058	
1364	9277	25013	
1356	9153	25117	
1343	9174	25157	
1365	9255	25023	
1342	9012	25289	
1354	9159	25113	
1357	9010	25216	
1354	9170	25039	
1352	9172	25010	
1354	9120	25111	
1360	9180	25063	
1343	9127	25204	
1352	9045	25251	
1353	9162	25092	
1360	9239	24979	
1359	9201	24946	
1353	9130	25082	
1366	9254	24969	
1364	9216	24833	
1359	9188	25055	
1367	9289	24972	
1363	9292	24809	
1345	9170	25207	
1363	9262	25002	
1349	9146	25030	
1356	9270	25059	
1357	9230	24985	
1368	9177	25080	
1352	9141	25086	
1353	9169	25071	
1350	9190	25069	
1361	9181	25062	
1343	9080	25170	
1341	9108	25047	
1346	9027	24994	
1338	9035	25233	
1346	9044	25162	
1354	9176	25146	
1346	9051	25043	
1360	9287	25001	
1356	9184	25002	
1351	9167	25062	
1355	9216	25003	
1352	9206	25055	
1360	9142	24896	
1357	9251	24991	
1350	9149	25154	
1353	9090	25100	
1355	9101	25066	
1353	9127	25191	
1364	9270	24949	
1352	9159	25091	
1371	9311	24882	
1347	9131	24976	
1363	9214	25038	
1360	9238	24926	
1350	9097	25149	
1367	9199	25104	
1366	9295	25012	
1367	9278	24948	
1354	9088	25174	
1359	9200	25103	
1351	9069	25210	
1354	9106	25136	
1358	9177	24945	
1365	9295	24904	
1361	9201	25043	
1354	9181	25023	
1367	9230	25048	
1353	9189	24915	
1362	9297	24954	
1363	9323	24840	
1342	8958	25176	
1364	9301	25045	
1335	9098	25136	
1356	9232	25019	
1355	9193	24988	
1347	9092	25068	
1356	9260	25039	
1369	9262	24939	
1356	9194	25015	
1368	9335	24908	
1355	9159	25072	
1354	9154	25075	
1352	9117	24923	
1372	9328	24825	
1372	9324	24882	
1353	9121	25067	
1351	9123	25103	
1356	9148	25128	
1366	9234	24980	
1365	9220	25139	
1356	9199	25003	
1359	9211	25066	
1353	9114	25065	
1366	9293	25001	
1357	9231	25017	
1352	9049	25174	
1356	9225	25075	
1351	9208	25039	
1351	9171	24979	
1335	8967	25114	
1354	9185	25152	
1353	9247	25064	
1358	9117	24994	
1365	9324	24997	
1369	9304	24989	
1366	9302	24976	
1352	9185	25106	
1364	9201	25074	
1355	9290	24941	
1359	9311	24969	
1353	9106	25105	
1340	9056	25188	
1364	9192	25008	
1350	9192	24929	
1359	9289	25053	
1356	9230	25053	
1339	9086	25277	
1369	9316	24932	
1352	9124	25087	
1354	9151	25064	
1336	9039	25160	
1356	9188	25148	
1370	9367	24930	
1355	9089	25174	
1366	9222	25040	
1355	9177	25094	
1359	9193	25113	
1365	9336	25023	
1364	9192	25086	
1346	9072	25313	
1344	9175	25070	
1354	9208	24964	
1365	9338	24950	
1350	9136	25104	
1354	9278	25045	
1350	9159	24993	
1349	9103	25128	
1351	9102	25141	
1342	9144	25032	
1359	9137	25113	
1355	9147	24934	
1362	9239	25019	
1359	9262	24951	
1365	9352	24984	
1346	9107	25092	
1354	9172	25098	
1353	9193	25074	
1362	9342	24863	
1363	9232	25065	
1356	9254	24957	
1342	9006	25259	
1362	9272	24973	
1354	9115	25064	
1355	9176	25050	
1351	9199	24964	
1354	9188	25116	
1351	9116	25045	
1344	9105	25171	
1350	9233	25126	
1353	9182	24973	
1352	9193	24939	
1349	9098	25184	
1351	9163	25059	
1366	9249	24928	
1354	9160	25083	
1358	9133	25125	
1358	9217	25004	
1358	9172	25073	
1366	9312	24904	
1368	9351	24841	
1356	9153	24959	
1343	9083	25111	
1347	9225	25066	
1356	9166	25110	
1347	9094	25164	
1361	9144	25086	
1352	9220	25106	
1357	9194	25015	
1346	9150	24974	
1363	9248	24871	
1350	9171	25145	
1348	9136	25157	
1360	9316	25010	
1359	9306	24922	
1358	9206	25000	
1348	9094	25085	
1343	9071	25216	
1362	9237	25007	
1349	9082	25163	
1359	9233	24921	
1361	9246	24870	
1353	9158	25073	
1365	9194	25016	
1354	9206	25042	
1373	9213	25060	
1351	9137	25242	
1348	9098	25177	
1362	9288	24838	
1355	9165	24990	
1363	9264	24911	
1361	9213	24896	
1347	9103	25011	
1341	9221	24992	
1353	9125	25132	
1364	9250	25130	
1349	9177	24838	
1362	9292	25016	
1353	9204	25033	
1342	8968	25231	
1358	9176	25023	
1349	9131	25110	
1347	9160	25098	
1352	9120	25089	
1365	9233	25009	
1350	9198	25033	
1340	9022	25165	
1365	9214	25119	
1356	9166	25140	
1364	9190	24975	
1350	9173	25128	
1342	9051	25121	
1349	9157	25085	
1350	9083	25138	
1356	9341	24945	
1342	9018	25210	
1362	9217	25002	
1352	9155	25039	
1358	9248	25080	
1356	9235	24980	
1358	9200	25097	
1365	9359	24882	
1343	9047	25133	
1352	9083	25036	
1351	9195	24991	
1366	9303	24963	
1361	9182	25011	
1350	9096	25165	
1350	9169	25139	
1354	9121	25048	
1354	9206	25134	
1348	9104	25217	
1355	9025	25171	
1363	9297	24967	
1363	9298	25008	
1371	9369	24876	
1355	9276	24932	
1353	9157	25152	
1363	9225	24945	
1365	9262	25031	
1346	9147	24973	
1356	9208	25013	
1343	9072	25163	
1363	9255	24928	
1343	8981	25148	
1339	9117	25161	
1357	9229	24922	
1356	9161	25050	
1354	9093	25095	
1359	9164	25087	
1361	9237	25082	
1351	9073	25156	
1362	9289	24942	
1357	9199	24971	
1356	9145	25116	
1362	9160	25043	
1361	9313	24916	
1358	9212	25093	
1360	9208	24957	
1366	9317	25046	
1369	9289	24880	
1350	9072	25143	
1351	9167	25198	
1369	9324	24833	
1367	9238	24981	
1357	9158	25114	
1350	9172	25039	
1355	9229	25040	
1364	9346	24867	
1364	9281	25037	
1348	9126	25106	
1349	9183	24948	
1354	9233	25006	
1339	9076	25110	
1352	9149	25135	
1342	9050	25118	
1345	9152	25089	
1358	9229	24929	
1344	9073	25246	
1355	9104	25042	
1362	9285	25027	
1354	9120	25122	
1352	9215	24879	
1356	9078	25156	
1332	8991	25267	
1363	9244	24969	
1369	9332	24891	
1357	9143	25167	
1360	9189	24995	
1347	9132	25180	
1357	9178	25049	
1354	9214	24976	
1367	9263	24890	
1363	9255	24948	
1357	9322	24964	
1357	9225	24895	
1358	9250	25083	
1363	9228	25001	
1356	9246	25017	
1357	9239	24970	
1353	9210	25124	
1356	9217	25091	
1351	9200	25167	
1343	9066	25165	
1362	9216	25043	
1348	9184	25146	
1350	9090	25201	
1374	9343	24916	
1348	9137	25061	
1360	9165	24955	
1361	9162	24993	
1343	9047	25254	
1335	9122	24993	
1352	9160	25057	
1349	9065	25115	
1363	9251	24920	
1362	9324	24838	
1359	9269	24958	
1348	9058	25231	
1348	9051	25234	
1347	9188	25035	
1353	9124	24989	
1362	9326	24956	
1356	9163	25060	
1355	9210	25011	
1354	9134	25012	
1349	9124	25117	
1365	9281	25052	
1367	9287	24908	
1361	9182	24982	
1356	9201	25026	
1355	9191	24946	
1362	9272	25106	
1362	9265	24889	
1344	9063	25201	
1354	9205	24977	
1367	9350	24873	
1370	9273	24962	
1355	9112	25066	
1358	9281	24950	
1355	9150	25125	
1364	9230	24969	
1364	9215	24980	
1352	9261	25004	
1358	9218	24979	
1349	9124	25151	
1350	9155	25024	
1360	9278	24994	
1356	9186	25126	
1358	9154	25156	
1345	9078	25179	
1350	9035	25193	
1357	9153	25084	
1350	9142	25069	
1357	9088	25200	
1365	9288	24844	
1348	9112	25063	
1362	9267	25025	
1368	9266	25057	
1352	9170	25074	
1350	9043	25231	
1337	8985	25199	
1352	9142	25090	
1355	9116	25003	
1361	9177	25142	
1344	9142	25039	
1367	9309	24988	
1355	9152	25091	
1357	9192	25043	
1364	9266	25090	
1360	9212	25003	
1359	9180	25044	
1348	9186	25196	
1366	9316	24947	
1343	9033	25215	
1357	9174	25037	
1360	9265	24901	
1355	9181	25174	
1359	9236	25027	
1358	9241	24952	
1364	9236	24871	
1354	9147	25101	
1351	9109	25120	
1354	9272	25108	
1354	9181	25096	
1352	9174	25190	
1354	9189	24994	
1367	9316	24997	
1343	9048	25252	
1360	9207	25077	
1356	9179	25123	
1350	9106	25196	
1356	9091	25057	
1354	9076	25200	
1360	9248	24925	
1358	9239	25129	
1353	9220	25000	
1344	9092	25135	
1357	9186	25107	
1353	9216	25053	
1352	9176	25112	
1363	9260	25007	
1364	9341	25003	
1360	9249	24987	
1354	9053	25181	
1353	9215	25076	
1347	9130	25130	
1360	9296	24879	
1363	9303	24926	
1351	9167	25148	
1343	9140	25143	
1355	9214	24977	
1367	9265	25103	
1356	9166	25081	
1355	9195	25019	
1360	9334	24962	
1349	8991	25102	
1349	9175	25140	
1360	9252	24920	
1359	9202	25094	
1353	9098	25135	
1359	9353	24848	
1358	9210	24850	
1344	9045	25178	
1359	9200	24948	
1351	9160	25052	
1351	9012	25239	
1355	9151	25147	
1344	9113	25192	
1356	9200	25049	
1368	9307	24948	
1349	9273	24915	
1354	9152	24980	
1354	9189	25166	
1356	9236	24991	
1372	9404	24843	
1363	9222	24944	
1354	9136	25229	
1351	9109	25124	
1356	9214	25137	
1351	9147	25074	
1356	9165	25064	
1353	9178	25210	
1351	9173	25027	
1363	9304	24992	
1345	9097	25262	
1352	9137	25154	
1368	9331	24920	
1355	9098	25136	
1358	9167	25095	
1352	9069	25029	
1344	9079	25086	
1343	9019	25241	
1360	9214	25150	
1356	9178	25112	
1355	9127	24942	
1362	9235	25012	
1359	9228	25091	
1360	9213	24983	
1349	9141	25018	
1355	9190	25047	
1353	9114	25109	
1379	9407	24888	
1371	9380	24853	
1353	9171	25143	
1350	9147	25102	
1348	9148	25176	
1371	9315	24911	
1368	9274	25028	
1352	9190	25015	
1360	9277	24968	
1358	9194	24978	
1358	9246	25104	
1347	9140	25095	
1350	9162	25232	
1359	9174	25002	
1351	9220	25077	
1373	9361	24856	
1350	9096	25157	
1359	9271	24948	
1351	9189	25079	
1353	9195	25094	
1357	9173	24909	
1344	9105	25151	
1354	9205	25141	
1356	9132	25045	
1362	9206	25101	
1364	9308	24958	
1366	9265	24903	
1357	9201	25129	
1358	9197	25092	
1359	9138	25102	
1357	9130	25095	
1355	9226	24970	
1348	9089	25042	
1364	9312	24891	
1361	9216	25022	
1367	9243	24920	
1355	9181	25150	
1352	9183	25021	
1369	9228	24847	
1348	9056	25186	
1371	9224	24940	
1350	9151	25142	
1356	9159	25046	
1350	9133	25046	
1363	9269	24974	
1356	9171	25106	
1366	9380	24850	
1347	9026	25176	
1367	9294	24858	
1374	9420	24866	
1361	9301	24975	
1367	9289	25009	
1364	9262	25056	
1364	9214	25026	
1358	9301	24833	
1350	9094	25193	
1352	9149	24947	
1347	9051	25155	
1353	9230	24926	
1348	9265	25087	
1355	9215	24967	
1363	9357	24829	
1353	9194	25126	
1351	9174	25108	
1358	9174	25120	
1359	9212	25015	
1352	9112	25109	
1357	9182	24995	
1349	9120	25004	
1356	9099	25023	
1348	9068	25099	
1352	9094	25125	
1357	9228	25000	
1356	9117	25107	
1335	8978	25274	
1346	9188	25056	
1360	9227	25067	
1361	9170	25064	
1358	9279	24896	
1350	9110	25116	
1362	9198	25131	
1365	9248	25030	
1359	9251	25041	
1357	9166	25064	
1358	9259	24904	
1360	9195	25055	
1348	9013	25159	
1356	9251	25030	
1368	9265	24978	
1366	9294	24830	
1352	9162	24991	
1358	9177	25070	
1370	9336	24987	
1370	9316	24909	
1358	9217	25047	
1367	9135	25113	
1346	9176	24966	
1362	9280	24970	
1354	9255	25083	
1359	9244	24979	
1349	9054	25176	
1356	9205	24966	
1358	9151	25026	
1363	9223	24883	
1339	9119	25092	
1358	9197	24985	
1340	9054	25106	
1349	9075	25143	
1355	9095	25019	
1356	9171	24977	
1358	9179	25034	
1367	9378	24909	
1363	9282	24849	
1366	9284	24934	
1364	9184	25094	
1359	9274	24907	
1364	9211	24969	
1348	9106	25064	
1365	9269	24992	
1350	9180	25008	
1369	9357	24874	
1354	9154	25148	
1355	9211	24990	
1348	9163	25026	
1353	9171	25147	
1363	9231	25004	
1359	9222	25067	
1373	9340	24856	
1360	9235	25006	
1355	9171	25112	
1342	9059	25268	
1363	9222	25052	
1351	9029	25229	
1350	9090	25091	
1354	9175	25122	
1368	9313	24881	
1363	9266	24849	
1340	8992	25256	
1357	9206	25067	
1355	9224	25173	
1360	9290	24935	
1342	9000	25184	
1358	9278	24919	
1364	9315	24949	
1343	9043	25207	
1350	9157	25043	
1349	9125	25053	
1363	9298	24910	
1344	9110	24973	
1372	9349	24866	
1361	9201	25060	
1364	9257	24937	
1366	9269	25027	
1359	9241	24930	
1351	9140	25072	
1362	9277	24878	
1348	9094	25038	
1352	9189	25044	
1356	9167	25031	
1345	9044	25169	
1351	9093	25124	
1356	9156	25042	
1361	9288	25015	
1348	9062	25268	
1347	9120	25202	
1355	9152	25089	
1350	9107	25018	
1366	9294	25016	
1355	9124	25101	
1362	9177	25070	
1353	9139	25029	
1360	9292	25015	
1354	9130	25173	
1353	9241	25022	
1362	9216	25016	
1360	9220	24963	
1346	9123	25187	
1350	9109	25115	
1357	9251	24857	
1358	9207	24895	
1365	9184	25001	
1352	9062	25159	
1351	9023	25201	
1357	9223	24972	
1367	9281	24906	
1357	9195	25138	
1345	9088	25110	
1357	9155	25006	
1348	9174	24954	
1342	9106	25192	
1363	9184	25018	
1361	9248	24962	
1353	9208	25020	
1359	9253	25045	
1341	9080	25183	
1349	9231	24938	
1368	9355	24879	
1351	9120	25121	
1355	9175	25034	
1357	9247	25049	
1347	9145	25162	
1361	9217	24987	
1348	9104	25147	
1351	9119	25085	
1362	9215	24972	
1367	9337	24888	
1354	9286	24903	
1361	9210	25031	
1345	9005	25117	
1343	9165	24992	
1360	9282	24800	
1354	9203	25128	
1342	9004	25157	
1350	9196	25011	
1360	9164	25003	
1364	9239	25045	
1365	9264	24973	
1359	9167	25124	
1350	9153	25179	
1362	9324	24890	
1347	9149	25065	
1352	9234	25093	
1358	9055	25183	
1351	9169	25107	
1362	9166	25028	
1359	9209	24961	
1354	9263	25050	
1347	9086	25169	
1365	9211	25028	
1360	9189	24945	
1375	9341	24853	
1360	9181	25044	
1359	9149	25102	
1351	9153	25076	
1353	9163	24935	
1359	9150	25103	
1359	9192	24958	
1362	9189	25045	
1349	9141	25056	
1364	9350	24871	
1348	9100	25139	
1337	9038	25262	
1353	9193	25026	
1362	9207	24970	
1343	9166	25106	
1336	9045	25083	
1363	9303	24967	
1370	9395	24934	
1353	9229	25056	
1344	9113	25054	
1361	9252	24958	
1349	9128	25120	
1348	9117	25027	
1353	9054	25180	
1359	9251	25040	
1372	9355	24808	
1365	9245	25102	
1375	9416	24778	
1362	9233	25032	
1347	9118	25117	
1360	9290	25010	
1363	9176	24962	
1359	9210	24859	
1352	9092	25287	
1344	9139	25000	
1361	9277	24975	
1347	9131	25055	
1350	9093	25226	
1362	9199	24984	
1361	9138	25053	
1361	9263	25001	
1344	9029	25283	
1340	9057	25163	
1351	9147	25096	
1357	9165	24982	
1361	9246	25101	
1353	9192	25082	
1340	9151	25110	
1354	9208	25016	
1353	9153	25056	
1371	9352	24948	
1354	9185	25038	
1358	9194	25120	
1362	9266	25001	
1368	9256	25064	
1354	9194	25038	
1360	9274	24911	
1352	9124	25105	
1370	9291	24931	
1349	9114	25181	
1356	9086	25179	
1364	9184	25052	
1364	9265	25071	
1352	9209	25084	
1339	9055	25196	
1343	9067	25163	
1353	9249	25049	
1352	9091	25215	
1368	9247	24909	
1360	9228	25063	
1356	9111	25163	
1347	9114	25106	
1356	9225	25039	
1356	9213	25001	
1354	9154	25041	
1357	9198	25151	
1362	9300	24921	
1343	9035	25168	
1355	9115	25111	
1356	9190	25048	
1361	9179	25063	
1348	9143	25064	
1353	9157	25082	
1352	9100	25086	
1343	9101	25180	
1355	9164	24984	
1360	9268	24923	
1363	9215	24995	
1352	9145	25056	
1355	9113	25207	
1353	9081	25163	
1345	8979	25231	
1361	9193	24971	
1358	9236	25054	
1357	9178	25089	
1353	9136	25120	
1359	9210	24977	
1363	9273	24965	
1354	9182	25160	
1356	9112	24999	
1361	9279	25014	
1354	9096	25178	
1348	9082	25172	
1345	9111	25101	
1347	9097	25082	
1344	9011	25223	
1351	9059	25089	
1359	9241	24929	
1364	9192	25016	
1350	9081	25054	
1348	9070	25158	
1358	9195	25059	
1346	9055	25234	
1360	9200	24939	
1351	9115	25031	
1348	9045	25087	
1359	9141	25083	
1352	9100	25079	
1357	9232	25056	
1363	9264	25026	
1367	9194	25003	
1363	9220	25072	
1357	9250	24934	
1342	9083	25209	
1349	9049	25108	
1357	9204	24958	
1347	9132	25164	
1360	9165	25053	
1356	9181	25119	
1347	9132	25110	
1369	9260	24867	
1347	9139	25100	
1360	9158	25101	
1366	9320	24963	
1351	9154	24980	
1362	9214	25020	
1342	9062	25185	
1353	9107	25158	
1374	9421	24911	
1353	9285	24794	
1361	9192	25130	
1345	9009	25123	
1354	9157	24988	
1358	9119	24965	
1352	9243	24983	
1344	9096	25037	
1351	9142	25033	
1371	9289	25025	
1355	9124	25116	
1366	9288	25023	
1346	9131	25161	
1360	9163	25142	
1333	9024	25165	
1346	9108	25030	
1354	9135	25217	
1341	9087	25122	
1379	9404	24793	
1342	9097	25154	
1369	9360	24986	
1337	9058	25217	
1353	9111	25226	
1353	9219	24998	
1348	9180	25050	
1358	9195	25076	
1351	9084	25075	
1366	9368	24930	
1363	9267	24934	
1357	9235	25025	
1366	9311	25007	
1348	9033	25201	
1356	9207	24918	
1367	9243	25066	
1360	9201	25081	
1357	9200	25032	
1362	9308	24922	
1368	9385	24873	
1339	9044	25203	
1341	8998	25195	
1366	9250	24893	
1356	9123	25123	
1355	9153	25189	
1366	9313	24977	
1353	9239	24914	
1355	9211	24836	
1369	9273	24934	
1355	9100	25128	
1351	9165	25091	
1357	9158	25165	
1354	9176	25129	
1354	9176	25073	
1354	9155	24999	
1355	9210	24977	
1345	9052	25080	
1357	9170	24948	
1355	9202	25023	
1354	9255	24998	
1359	9266	25059	
1350	9112	25083	
1346	9095	25198	
1360	9105	25116	
1370	9352	24934	
1361	9166	25117	
1360	9178	25097	
1349	9182	25130	
1359	9155	25060	
1348	9080	25135	
1350	9162	25122	
1375	9297	24957	
1353	9169	25023	
1351	9146	25015	
1348	9186	25102	
1344	9029	25188	
1352	9155	24995	
1348	9122	25139	
1354	9057	25192	
1355	9167	25088	
1353	9044	25211	
1358	9304	25091	
1349	9085	25154	
1361	9192	25013	
1348	9057	25087	
1352	9167	25106	
1358	9168	25122	
1348	9161	25250	
1357	9187	25054	
1362	9263	24930	
1354	9189	25006	
1346	9085	25123	
1364	9311	24915	
1349	9163	25072	
1354	9124	25101	
1350	9111	25184	
1352	9120	25069	
1355	9174	25039	
1355	9116	25140	
1350	9082	25248	
1370	9307	24769	
1352	9204	25071	
1355	9182	25091	
1358	9188	25095	
1370	9258	24937	
1357	9231	24979	
1352	9145	25076	
1362	9199	25041	
1362	9189	25055	
1356	9109	25175	
1361	9240	24964	
1361	9266	24950	
1350	9145	25030	
1346	9148	25050	
1351	9148	25157	
1351	9161	24994	
1357	9173	24967	
1361	9253	24967	
1350	9056	25074	
1356	9077	25096	
1360	9213	25006	
1360	9206	24974	
1359	9206	25091	
1356	9210	25025	
1350	9134	25083	
1359	9145	25026	
1369	9247	24966	
1352	9197	24986	
1341	9051	25069	
1352	9114	25141	
1350	9155	25123	
1350	9129	25122	
1343	9151	25175	
1362	9270	24944	
1355	9233	25025	
1356	9135	25077	
1359	9159	25103	
1346	9128	24963	
1364	9284	25049	
1364	9283	25015	
1353	9103	25216	
1371	9271	24913	
1345	9129	25109	
1374	9431	24901	
1347	9072	25142	
1355	9164	25080	
1358	9187	24962	
1349	9111	25113	
1334	9028	25127	
1347	9121	25116	
1354	9163	25216	
1360	9282	24970	
1356	9207	25090	
1358	9216	25007	
1362	9283	24910	
1338	9014	25227	
1357	9107	25151	
1349	9055	25080	
1348	9145	24942	
1356	9101	25112	
1342	8973	25199	
1345	9111	25085	
1347	9153	25032	
1353	9221	25056	
1361	9255	24932	
1360	9173	25093	
1352	9128	25088	
1351	9106	25028	
1353	9167	25075	
1351	9218	25057	
1352	9204	25082	
1356	9206	25085	
1371	9331	24897	
1352	9041	25178	
1354	9197	25013	
1366	9331	24918	
1363	9269	24937	
1355	9136	24996	
1363	9271	24963	
1347	9141	24975	
1371	9399	24897	
1360	9111	25090	
1345	9169	25234	
1358	9199	25068	
1353	9093	25087	
1359	9254	24929	
1346	9069	25196	
1351	9101	24950	
1355	9093	25159	
1345	9108	25102	
1357	9209	24949	
1355	9120	25115	
1351	9175	25063	
1360	9168	25088	
1359	9150	25143	
1360	9273	25030	
1344	9118	25198	
1372	9295	24920	
1356	9159	25112	
1346	9132	25181	
1354	9130	25053	
1358	9260	24982	
1354	9197	25020	
1357	9238	25026	
1352	9160	25077	
1357	9152	25108	
1362	9219	25051	
1362	9205	25110	
1353	9192	25018	
1360	9243	25072	
1348	9158	25116	
1350	9094	25229	
1358	9133	25071	
1347	9101	25103	
1357	9182	25086	
1339	9017	25301	
1349	8975	25190	
1356	9164	25170	
1346	9139	24957	
1356	9124	25146	
1358	9108	25183	
1359	9279	25028	
1349	9137	25109	
1353	9186	24930	
1346	9113	25174	
1357	9132	25058	
1355	9151	24988	
1366	9284	24995	
1366	9287	24908	
1360	9296	25012	
1356	9199	24974	
1360	9250	25049	
1371	9340	24888	
1366	9228	25064	
1366	9260	24969	
1363	9256	25027	
1337	9051	25103	
1357	9177	25082	
1360	9125	24998	
1351	9140	25056	
1353	9073	25142	
1359	9226	24956	
1350	9142	25149	
1359	9246	25035	
1357	9267	24925	
1364	9291	24819	
1357	9218	25024	
1365	9203	25006	
1352	9091	25243	
1361	9228	25007	
1363	9151	25104	
1345	9069	25141	
1353	9158	25007	
1368	9274	24941	
1349	9147	25196	
1368	9262	24923	
1381	9394	24746	
1359	9175	25005	
1342	9059	25233	
1351	9132	25182	
1363	9296	25064	
1374	9359	24831	
1351	9091	25052	
1342	9083	25054	
1358	9201	25023	
1363	9280	24858	
1359	9177	25040	
1367	9286	24971	
1367	9270	24971	
1357	9245	24942	
1352	9194	25007	
1346	9074	25202	
1357	9147	25192	
1350	9164	25072	
1366	9238	24943	
1357	9202	25116	
1344	9084	25198	
1355	9098	25039	
1346	9157	25119	
1379	9413	24768	
1354	9216	25041	
1349	9117	25151	
1345	9104	25035	
1356	9239	25008	
1359	9292	24956	
1357	9254	25021	
1355	9194	25016	
1340	9015	25149	
1345	9123	25129	
1334	9000	25298	
1345	9179	24897	
1353	9123	25163	
1353	9192	25027	
1358	9218	25043	
1363	9244	25006	
1365	9343	25078	
1347	9179	25083	
1341	9066	25158	
1357	9209	24952	
1337	9038	25227	
1362	9263	24960	
1344	9062	25192	
1363	9247	24960	
1351	9073	25195	
1359	9149	25215	
1354	9139	24997	
1351	9097	25123	
1364	9347	25053	
1362	9279	24997	
1366	9241	24977	
1363	9217	25032	
1335	9046	25158	
1353	9200	25025	
1357	9193	24989	
1358	9115	25107	
1358	9146	25156	
1363	9214	24962	
1356	9184	25066	
1355	9105	24991	
1358	9207	24904	
1360	9183	25048	
1357	9235	24943	
1346	9088	25101	
1362	9194	25040	
1367	9293	25068	
1362	9266	24923	
1365	9180	25073	
1355	9237	25066	
1357	9237	24984	
1354	9180	25089	
1363	9303	24928	
1361	9265	24919	
1351	9149	25012	
1360	9246	25060	
1353	9178	25002	
1361	9223	25031	
1362	9176	25210	
1363	9298	25100	
1359	9245	24828	
1361	9186	25134	
1353	9127	25061	
1358	9204	25021	
1359	9229	24923	
1353	9184	25143	
1377	9287	24928	
1357	9135	25046	
1364	9343	24945	
1357	9150	25112	
1363	9179	25163	
1359	9286	24913	
1347	9136	25113	
1354	9225	25055	
1369	9334	24834	
1351	9098	25135	
1350	9029	25187	
1334	8923	25224	
1367	9259	24972	
1354	9126	25029	
1347	9165	25040	
1344	9048	25154	
1351	9109	25040	
1347	9173	25021	
1352	9180	25051	
1355	9191	25035	
1351	9200	25045	
1367	9275	24779	
1351	9196	25061	
1358	9314	25024	
1352	9146	25050	
1347	9010	25096	
1347	9082	25135	
1362	9232	25010	
1352	9200	25047	
1359	9101	24986	
1364	9260	24986	
1351	9089	25234	
1350	9072	24963	
1362	9230	25064	
1351	9177	25067	
1352	9129	25057	
1363	9196	25086	
1353	9144	25018	
1342	9014	25172	
1362	9269	24927	
1351	9194	25011	
1360	9214	25022	
1353	9158	25029	
1348	9121	25141	
1358	9131	25112	
1358	9174	25062	
1359	9244	24965	
1355	9203	25057	
1357	9200	25069	
1341	9015	25311	
1346	9078	25191	
1359	9250	25025	
1361	9315	24861	
1353	9099	25147	
1363	9278	25024	
1356	9235	25124	
1345	9080	25133	
1347	9143	25099	
1344	8992	25120	
1363	9281	24883	
1347	9109	25139	
1349	9186	25098	
1373	9266	25019	
1364	9296	24963	
1348	9085	25074	
1372	9320	24845	
1357	9328	24879	
1362	9325	24864	
1363	9263	25003	
1350	9075	25142	
1366	9325	24937	
1349	9118	25158	
1354	9140	25151	
1351	9134	25149	
1358	9093	25115	
1336	9076	25076	
1351	9163	25174	
1357	9170	25076	
1365	9232	24906	
1356	9111	25027	
1353	9202	25007	
1354	9192	24959	
1359	9214	25035	
1348	9118	25043	
1350	9027	25128	
1353	9119	25074	
1365	9242	24850	
1355	9199	25119	
1358	9214	25089	
1354	9188	25110	
1347	9127	25079	
1347	9200	25082	
1346	9100	25199	
1358	9257	24962	
1356	9152	25043	
1351	9164	24942	
1356	9230	24951	
1350	9107	25129	
1353	9242	24811	
1360	9239	25010	
1361	9309	24950	
1361	9260	25005	
1360	9253	25058	
1351	9143	25007	
1351	9155	25055	
1357	9213	25100	
1351	9164	25132	
1355	9212	24954	
1350	9213	24948	
1350	9193	25008	
1362	9233	25088	
1357	9191	25038	
1355	9257	25045	
1353	9282	25066	
1343	9070	25092	
1367	9248	24939	
1358	9210	25040	
1349	9195	25077	
1347	9075	25087	
1369	9335	24994	
1343	9046	25176	
1352	9142	25123	
1353	9184	25082	
1359	9247	24949	
1359	9230	25002	
1356	9181	25116	
1367	9265	24972	
1376	9434	24822	
1343	9052	25150	
1350	9112	25115	
1360	9297	24968	
1349	9078	25178	
1363	9267	24892	
1370	9397	24849	
1352	9188	25051	
1352	9154	25082	
1360	9323	24862	
1365	9197	24936	
1352	9062	25205	
1367	9285	24965	
1352	9147	25062	
1355	9163	25135	
1339	9092	25166	
1349	9153	25110	
1361	9224	25069	
1349	9103	24963	
1351	9085	25121	
1359	9258	24990	
1362	9261	25145	
1352	9080	25090	
1361	9231	24952	
1361	9109	25186	
1348	9170	25095	
1339	9066	25236	
1375	9308	24904	
1351	9151	25204	
1356	9144	25059	
1349	9118	25185	
1360	9227	24992	
1361	9205	24971	
1353	9119	25084	
1368	9326	24962	
1353	9180	25175	
1351	9120	25106	
1357	9184	24997	
1366	9248	24907	
1355	9109	25184	
1357	9237	24959	
1342	9052	25136	
1342	9083	25118	
1351	9132	25096	
1348	9081	25248	
1350	9171	25208	
1361	9245	24983	
1347	9115	25152	
1360	9256	25096	
1354	9108	25191	
1346	9111	25218	
1355	9246	25070	
1350	9156	25052	
1352	9149	25042	
1361	9246	24904	
1364	9274	25026	
1367	9234	25143	
1361	9197	24980	
1351	9154	25163	
1371	9244	24917	
1354	9157	25101	
1354	9220	25011	
1359	9185	25036	
1356	9272	24969	
1359	9176	25051	
1351	9187	24990	
1348	9102	25189	
1364	9156	24977	
1350	9143	25091	
1349	9070	25126	
1362	9283	24867	
1359	9188	25090	
1354	9136	25108	
1344	9131	25089	
1357	9243	25046	
1357	9183	24955	
1354	9096	25223	
1343	9092	25253	
1370	9298	24931	
1361	9167	25100	
1335	8905	25331	
1356	9142	25097	
1355	9205	24995	
1366	9317	24870	
1356	9188	25048	
1353	9086	25114	
1361	9222	24967	
1351	9156	25055	
1360	9228	25025	
1351	9078	25146	
1352	9127	25120	
1377	9278	24867	
1353	9177	25016	
1354	9168	24961	
1355	9271	24859	
1370	9276	24991	
1359	9196	24975	
1362	9270	24950	
1359	9133	25124	
1356	9152	24972	
1366	9293	24991	
1353	9165	25087	
1350	9201	24996	
1356	9165	25066	
1350	9018	25180	
1360	9277	25074	
1360	9203	24919	
1353	9147	25037	
1351	9145	25095	
1355	9146	25048	
1368	9341	24926	
1354	9147	25094	
1347	9102	25144	
1354	9214	25108	
1355	9224	25053	
1348	9137	25073	
1368	9208	25012	
1350	9133	24972	
1367	9306	24916	
1364	9360	24817	
1356	9084	25109	
1360	9238	25039	
1351	9156	25039	
1359	9198	25113	
1358	9202	25027	
1353	9097	25270	
1366	9351	24854	
1356	9226	25090	
1368	9314	24954	
1358	9194	25039	
1358	9188	25004	
1352	9160	24978	
1353	9143	25136	
1358	9173	24979	
1368	9297	24901	
1359	9233	24928	
1343	9056	25254	
1368	9333	24945	
1344	9066	25166	
1350	9112	25147	
1349	9145	25106	
1347	9096	25027	
1352	9160	25080	
1345	9023	25173	
1360	9204	25067	
1346	9095	25060	
1354	9165	25068	
1354	9213	24991	
1354	9138	25044	
1343	9095	25116	
1358	9214	25035	
1345	9120	25095	
1362	9276	24981	
1347	9061	25095	
1362	9326	24905	
1359	9125	25114	
1355	9142	25067	
1358	9139	25209	
1361	9174	25043	
1349	9113	25118	
1365	9280	24993	
1368	9263	24912	
1350	9106	25124	
1360	9140	25120	
1356	9186	24957	
1366	9250	25018	
1360	9231	24992	
1367	9244	24944	
1360	9252	24926	
1364	9291	24947	
1364	9211	25152	
1349	9144	24986	
1353	9153	24999	
1352	9130	25070	
1363	9250	24887	
1350	9149	25020	
1352	9116	25247	
1348	9008	25384	
1338	9075	25110	
1358	9132	25081	
1356	9270	24944	
1346	9084	25170	
1350	9138	25052	
1357	9256	24920	
1353	9224	24955	
1362	9189	25029	
1359	9159	25093	
1363	9283	25024	
1353	9174	25175	
1341	9080	25065	
1343	8984	25309	
1349	9159	25062	
1344	9121	25113	
1360	9223	24910	
1360	9361	24924	
1353	9151	25090	
1346	9144	25066	
1346	9190	24881	
1365	9297	24996	
1356	9229	24989	
1356	9274	24897	
1362	9213	25115	
1355	9124	25193	
1357	9239	25030	
1343	8990	25167	
1359	9264	25140	
1359	9297	24989	
1352	9124	25115	
1356	9182	24979	
1356	9179	25074	
1360	9254	24991	
1356	9174	25106	
1359	9217	25132	
1356	9143	25012	
1350	9181	25035	
1345	9023	25159	
1370	9350	24845	
1352	9214	24987	
1354	9222	25079	
1358	9285	24899	
1360	9198	25044	
1365	9245	24959	
1360	9265	25104	
1359	9261	24889	
1372	9467	24774	
1357	9223	24918	
1348	9078	25165	
1352	9122	25036	
1359	9170	25073	
1361	9197	25116	
1353	9123	25053	
1354	9165	24962	
1348	9108	25097	
1359	9233	25022	
1347	9138	25092	
1368	9327	24956	
1355	9233	25058	
1360	9262	24933	
1348	9217	25163	
1353	9179	25068	
1358	9170	25099	
1346	9041	25099	
1354	9077	25163	
1365	9220	25089	
1362	9310	24873	
1368	9292	24889	
1361	9244	24937	
1364	9223	25052	
1361	9139	25105	
1357	9183	25128	
1358	9265	25116	
1367	9291	24965	
1366	9362	24802	
1358	9134	25019	
1362	9277	24992	
1373	9278	24965	
1347	9094	25062	
1354	9177	25060	
1357	9168	25043	
1353	9081	25103	
1359	9245	24971	
1351	9139	25079	
1363	9202	25012	
1352	9145	25108	
1352	9060	25186	
1348	9111	25106	
1359	9234	24991	
1351	9117	25125	
1357	9148	25100	
1356	9204	25001	
1351	9170	25067	
1357	9200	25001	
1348	9054	25178	
1358	9276	25143	
1358	9127	25209	
1341	9010	25237	
1362	9232	25001	
1351	9124	25060	
1353	9122	25194	
1369	9258	24929	
1361	9245	24984	
1372	9393	24778	
1357	9207	25136	
1348	9129	25183	
1353	9176	24931	
1342	9050	25090	
1342	9113	25072	
1364	9311	25015	
1358	9169	25042	
1352	9137	25147	
1362	9239	25062	
1362	9356	24823	
1355	9268	24826	
1349	9128	24973	
1350	9101	25140	
1352	9129	25176	
1341	8955	25293	
1348	9116	25189	
1364	9225	24949	
1354	9208	25077	
1350	9110	25215	
1357	9196	25004	
1361	9200	24954	
1357	9180	25026	
1358	9198	25028	
1364	9269	24824	
1374	9267	25059	
1356	9186	24992	
1354	9125	25104	
1354	9087	25138	
1345	9116	25047	
1348	9099	25218	
1357	9101	25096	
1353	9056	25131	
1344	9042	25294	
1354	9150	25130	
1357	9180	25135	
1358	9292	24928	
1344	8939	25359	
1358	9189	25036	
1350	9141	25060	
1350	9088	25109	
1360	9199	25030	
1354	9109	25079	
1356	9249	24970	
1363	9272	24955	
1369	9310	24956	
1353	9087	25030	
1354	9193	25207	
1350	9113	25025	
1356	9226	25013	
1357	9259	24873	
1356	9257	25035	
1344	9029	25188	
1354	9254	24903	
1360	9246	25003	
1357	9160	25033	
1355	9235	25020	
1353	9234	24988	
1379	9335	24899	
1351	9179	25044	
1370	9339	24971	
1346	9105	25137	
1366	9233	24961	
1343	9037	25244	
1350	9158	25138	
1364	9210	25029	
1346	9126	25156	
1355	9165	25075	
1347	9052	25183	
1353	9088	25199	
1360	9225	25085	
1349	9126	25125	
1346	9155	25004	
1346	9033	25147	
1346	9112	24990	
1366	9327	24937	
1340	9150	25137	
1358	9181	25067	
1345	9071	25186	
1355	9200	25074	
1339	9070	25051	
1336	9000	25143	
1362	9165	25092	
1339	9002	25086	
1359	9197	25068	
1349	9078	25144	
1361	9241	24989	
1358	9259	24968	
1358	9181	25028	
1352	9081	25197	
1359	9253	25014	
1359	9200	25095	
1358	9169	25057	
1350	9156	25032	
1354	9181	25085	
1356	9161	25108	
1357	9264	24908	
1354	9166	25030	
1339	9087	25135	
1350	9133	25087	
1344	9025	25145	
1333	8935	25232	
1351	9021	25207	
1348	9199	25021	
1348	9150	25059	
1350	9168	25096	
1348	9090	24981	
1357	9249	24996	
1349	9101	25013	
1357	9121	25187	
1356	9232	25025	
1345	9073	25127	
1356	9217	25004	
1347	9142	25090	
1355	9182	25085	
1345	9106	25019	
1349	9036	25140	
1351	9214	25013	
1353	9116	24991	
1364	9251	24951	
1361	9179	25115	
1361	9312	24988	
1351	9122	25304	
1357	9304	24915	
1357	9124	25120	
1370	9275	25017	
1363	9278	24889	
1350	9177	25028	
1349	9099	25189	
1354	9226	24992	
1358	9222	25036	
1363	9222	24956	
1358	9173	25081	
1343	9099	24973	
1366	9311	24817	
1356	9299	24944	
1346	9054	25128	
1342	9022	25169	
1357	9272	24971	
1350	9152	25156	
1351	9188	24949	
1349	9141	25083	
1360	9206	24942	
1358	9252	24951	
1345	9140	25161	
1363	9199	24960	
1371	9281	25038	
1362	9260	24976	
1373	9357	24965	
1361	9158	25020	
1357	9213	25014	
1369	9262	24829	
1346	9136	25199	
1345	9066	25141	
1361	9325	24858	
1347	9101	25144	
1353	9195	25137	
1360	9230	25051	
1363	9254	24990	
1364	9241	24997	
1343	9116	25115	
1353	9089	25125	
1359	9151	25081	
1361	9201	24976	
1362	9298	25051	
1364	9239	25041	
1353	9206	24991	
1373	9342	24867	
1361	9256	24922	
1351	9229	25041	
1345	9105	25213	
1362	9171	25042	
1351	9197	25106	
1365	9296	25073	
1354	9147	24982	
1346	9209	25016	
1364	9248	24998	
1358	9145	25163	
1369	9294	24949	
1352	9270	24953	
1363	9306	24872	
1356	9127	25135	
1356	9269	24977	
1333	8983	25176	
1351	9169	24985	
1338	9010	25284	
1356	9197	24996	
1362	9234	24945	
1354	9151	25052	
1349	9160	25067	
1352	9148	25098	
1353	9254	24964	
1350	9125	25097	
1355	9291	25012	
1363	9338	24895	
1368	9242	25071	
1338	9132	25073	
1344	9140	25028	
1358	9186	24956	
1365	9271	24909	
1364	9365	24950	
1365	9298	24834	
1351	9227	24969	
1363	9335	24968	
1351	9186	25143	
1352	9212	24965	
1361	9160	25040	
1365	9208	24925	
1340	9164	25015	
1342	9045	25173	
1351	9136	25060	
1368	9258	24927	
1355	9264	25016	
1363	9223	25118	
1353	9083	25217	
1367	9341	24944	
1343	9060	25214	
1342	9055	25084	
1353	9070	25151	
1354	9196	25060	
1365	9198	25091	
1362	9246	25026	
1355	9137	25094	
1353	9128	25092	
1346	9012	25199	
1354	9132	25055	
1351	9081	25100	
1343	9144	25071	
1343	9083	25179	
1356	9106	25124	
1358	9228	24914	
1347	9098	25126	
1355	9177	24972	
1350	9096	25152	
1358	9197	25082	
1353	9238	24979	
1363	9223	25064	
1352	9209	24983	
1370	9270	24955	
1352	9132	24996	
1350	9209	25152	
1363	9264	24934	
1368	9255	25027	
1369	9273	24980	
1360	9168	24978	
1365	9245	25085	
1364	9296	24914	
1375	9338	24880	
1359	9186	25035	
1353	9072	25119	
1347	9022	25119	
1357	9225	25041	
1361	9238	25067	
1360	9212	24989	
1363	9281	25015	
1345	9073	25191	
1364	9279	24901	
1362	9229	24999	
1355	9208	25122	
1346	9075	25178	
1352	9125	25088	
1356	9190	25138	
1365	9303	24895	
1360	9231	25010	
1364	9231	25100	
1367	9192	25111	
1357	9242	24883	
1356	9219	25026	
1349	9123	25097	
1350	9173	25082	
1351	9082	25133	
1346	9107	25109	
1347	9132	25181	
1355	9082	25130	
1350	9166	25026	
1353	9177	25113	
1348	9143	25118	
1375	9407	24955	
1350	9099	25074	
1367	9254	25018	
1348	9092	25145	
1347	9130	25186	
1360	9110	25066	
1352	9101	25026	
1354	9142	25111	
1348	9097	25181	
1334	8935	25384	
1348	9128	25101	
1344	9107	25034	
1347	9130	25092	
1352	9121	25143	
1361	9255	25016	
1363	9218	25087	
1364	9265	24917	
1344	9048	25090	
1357	9174	25002	
1364	9206	25097	
1338	9048	25122	
1360	9165	25144	
1356	9255	25070	
1346	9089	25167	
1339	9099	25156	
1350	9134	25073	
1353	9207	24993	
1357	9109	25136	
1349	9151	25099	
1351	9115	25112	
1356	9208	25028	
1356	9184	25106	
1361	9259	25079	
1353	9203	25059	
1365	9291	25093	
1351	9053	25124	
1358	9153	25040	
1358	9121	25133	
1355	9241	25043	
1365	9308	24843	
1347	9062	25204	
1355	9200	25112	
1342	9061	25215	
1349	9148	25054	
1360	9207	25108	
1360	9222	24924	
1361	9277	24922	
1360	9125	25137	
1339	9053	25208	
1349	9113	25145	
1359	9170	25042	
1356	9187	25081	
1351	9154	25061	
1361	9231	24951	
1354	9195	25001	
1368	9348	24897	
1358	9112	25012	
1346	9053	25164	
1354	9186	25019	
1360	9281	24993	
1354	9190	24999	
1353	9191	25087	
1367	9344	24788	
1351	9184	25085	
1356	9066	25008	
1351	9140	25015	
1353	9109	25187	
1344	9075	25192	
1362	9302	24990	
1344	9068	25098	
1351	9156	25133	
1339	9088	25049	
1359	9167	25004	
1360	9247	25004	
1356	9225	24995	
1354	9236	25026	
1372	9357	24986	
1369	9341	24894	
1364	9206	25025	
1367	9251	25124	
1362	9213	25135	
1353	9147	25024	
1364	9267	25047	
1359	9197	25095	
1361	9195	24989	
1346	9156	25138	
1371	9280	24908	
1347	9089	25203	
1362	9252	24984	
1364	9234	25040	
1355	9141	25012	
1366	9295	24832	
1349	9021	25182	
1354	9184	24992	
1355	9125	25071	
1351	9103	25091	
1359	9245	24997	
1355	9272	25076	
1345	9074	25214	
1361	9214	25109	
1351	9176	24960	
1357	9315	24906	
1346	9036	25157	
1350	9089	25105	
1360	9185	25103	
1364	9289	24908	
1353	9159	24986	
1360	9325	25006	
1363	9318	24998	
1354	9178	24981	
1346	9052	25193	
1349	9102	25122	
1349	9048	25125	
1346	9120	25048	
1352	9061	25089	
1373	9342	24960	
1368	9295	25064	
1344	9064	25127	
1356	9263	24924	
1358	9207	25053	
1346	9103	25127	
1366	9324	24884	
1365	9224	24881	
1351	9201	24935	
1343	9084	25222	
1345	9061	25194	
1363	9268	25069	
1364	9169	25051	
1353	9195	24984	
1365	9279	24988	
1349	9074	25188	
1350	9187	24995	
1353	9152	25093	
1346	9122	25061	
1361	9278	24988	
1366	9283	24913	
1356	9165	25038	
1358	9233	24919	
1353	9179	25196	
1374	9350	25006	
1349	9114	25140	
1349	9116	25128	
1357	9285	24860	
1357	9152	24996	
1363	9262	25016	
1358	9265	24953	
1345	9041	25263	
1349	9143	25045	
1346	9068	25071	
1359	9320	24919	
1351	9063	25099	
1347	9132	25155	
1371	9238	24955	
1350	9087	25126	
1363	9273	25027	
1357	9272	25013	
1350	9177	24977	
1340	9012	25142	
1356	9210	25019	
1362	9285	24827	
1347	9095	25102	
1352	9232	24990	
1358	9198	25001	
1366	9304	25041	
1344	9054	25122	
1353	9078	25212	
1358	9231	25038	
1359	9133	25166	
1365	9292	24975	
1359	9230	25025	
1352	9087	25167	
1367	9235	24972	
1354	9260	24948	
1358	9192	24934	
1339	9008	25181	
1359	9208	24990	
1353	9235	25098	
1360	9261	24965	
1345	9066	25231	
1346	9034	25164	
1362	9294	24885	
1355	9101	25068	
1356	9180	25010	
1354	9211	24903	
1360	9146	25129	
1360	9326	24859	
1350	9119	25250	
1356	9208	25011	
1354	9144	25156	
1348	9096	25223	
1359	9252	25020	
1358	9238	25027	
1365	9174	24911	
1354	9145	25060	
1378	9362	24866	
1370	9272	25057	
1362	9176	24933	
1359	9155	25053	
1357	9114	25076	
1357	9249	25044	
1353	9145	25242	
1356	9147	24983	
1370	9274	24963	
1344	9164	25041	
1355	9184	25057	
1367	9346	24908	
1360	9228	25055	
1341	9089	25076	
1364	9271	24885	
1363	9300	24991	
1365	9232	25047	
1350	9133	25213	
1364	9204	24927	
1354	9247	24925	
1354	9134	25070	
1355	9153	25013	
1360	9280	24979	
1365	9233	24893	
1349	9127	25192	
1364	9293	24847	
1366	9275	25032	
1350	9121	25084	
1356	9176	25161	
1367	9303	24951	
1358	9127	25168	
1357	9277	24920	
1362	9293	24930	
1369	9415	24890	
1358	9237	24932	
1363	9291	24966	
1355	9185	25165	
1354	9223	25020	
1355	9177	25125	
1353	9202	24970	
1358	9174	25196	
1352	9126	25032	
1364	9249	24963	
1366	9329	24950	
1362	9276	25058	
1366	9278	25138	
1366	9257	25094	
1351	9151	24977	
1341	9097	25174	
1360	9162	24980	
1369	9358	24831	
1365	9284	24906	
1354	9175	25055	
1339	9034	25251	
1364	9301	24923	
1363	9246	25048	
1366	9249	25031	
1345	9105	25180	
1353	9191	25068	
1373	9318	24913	
1357	9158	25130	
1368	9316	24937	
1344	9095	25033	
1371	9313	24960	
1352	9209	25090	
1357	9073	25199	
1356	9300	25033	
1359	9181	24961	
1366	9298	25005	
1346	9107	25189	
1347	9129	25062	
1354	9143	25043	
1351	9072	25054	
1352	9163	25005	
1350	9082	25134	
1342	8968	25250	
1355	9178	25053	
1364	9279	25094	
1366	9273	25005	
1336	8961	25243	
1342	9077	25170	
1372	9372	24863	
1358	9142	25185	
1361	9203	24907	
1359	9222	25076	
1345	9059	25048	
1349	9129	25091	
1356	9137	24947	
1352	9224	24946	
1368	9279	24975	
1337	9086	25036	
1345	9062	25077	
1352	9161	25107	
1344	9138	25023	
1353	9121	25086	
1359	9078	25173	
1347	9041	25197	
1348	9103	25117	
1352	9181	25115	
1345	9198	24994	
1362	9199	25051	
1365	9223	25021	
1358	9124	25022	
1376	9422	24866	
1351	9157	25099	
1354	9102	25119	
1357	9241	24934	
1353	9150	25068	
1353	9179	24994	
1345	9027	25248	
1349	9149	25053	
1358	9258	25014	
1353	9159	25234	
1346	9138	25047	
1350	9159	25057	
1348	9061	25135	
1358	9199	25036	
1361	9255	24959	
1353	9161	25146	
1366	9216	25070	
1346	9030	25015	
1345	9123	25277	
1368	9253	24934	
1347	9115	24997	
1346	9085	25191	
1355	9184	25056	
1356	9184	25231	
1352	9144	25156	
1353	9132	25210	
1352	9160	25128	
1352	9189	25117	
1354	9180	25080	
1363	9151	25229	
1352	9063	25185	
1343	9055	25040	
1365	9261	24983	
1365	9288	24964	
1345	9119	25137	
1358	9189	25073	
1359	9255	24900	
1353	9200	24939	
1353	9160	25100	
1354	9264	24960	
1381	9374	24855	
1351	9259	24948	
1344	9144	25135	
1359	9206	25018	
1350	9193	25002	
1365	9229	25002	
1354	9114	25128	
1357	9219	25009	
1355	9214	25157	
1335	8986	25297	
1365	9341	24818	
1366	9249	25081	
1360	9222	25074	
1341	9038	25211	
1356	9219	25094	
1359	9180	25119	
1365	9312	24868	
1352	9176	25044	
1346	9139	25026	
1354	9111	25067	
1348	9072	25147	
1349	9073	25111	
1356	9173	25002	
1359	9260	24904	
1361	9183	25095	
1349	9124	25168	
1358	9191	25165	
1347	9042	25168	
1364	9270	24978	
1354	9176	24992	
1361	9235	24924	
1357	9159	25059	
1349	9235	25042	
1352	9199	24928	
1366	9321	24912	
1369	9269	24870	
1357	9261	25007	
1357	9185	25055	
1342	8996	25178	
1357	9258	24961	
1357	9174	25106	
1369	9279	24932	
1359	9267	24958	
1363	9218	24922	
1337	8992	25081	
1354	9131	25077	
1356	9239	24990	
1366	9241	24918	
1369	9328	24886	
1352	9154	24962	
1360	9127	25094	
1352	9088	25049	
1355	9244	24812	
1348	9033	25092	
1375	9371	24803	
1361	9200	25011	
1353	9190	25139	
1359	9248	25029	
1357	9255	24933	
1344	9138	25088	
1346	9076	25112	
1348	9152	24987	
1358	9325	24919	
1342	9054	25150	
1370	9216	24973	
1359	9224	24977	
1363	9242	25112	
1353	9091	25198	
1354	9094	25123	
1347	9084	25148	
1361	9199	24958	
1349	9187	25118	
1351	9087	25201	
1352	9091	25218	
1365	9307	24872	
1348	9151	24986	
1366	9179	25133	
1355	9221	24954	
1360	9271	25010	
1345	9106	25054	
1363	9236	25068	
1355	9222	25037	
1358	9217	24941	
1367	9291	25034	
1361	9135	25196	
1370	9368	25009	
1351	9105	25188	
1363	9289	24894	
1348	9211	24930	
1345	9128	25096	
1351	9123	25041	
1347	9138	25204	
1353	9113	25148	
1372	9362	24922	
1355	9198	24989	
1363	9284	24978	
1346	9107	25052	
1353	9138	24999	
1352	9166	25050	
1343	9071	25222	
1345	9089	25150	
1368	9313	24915	
1357	9234	24935	
1353	9063	25042	
1368	9216	25010	
1362	9189	25069	
1357	9156	25092	
1362	9214	25006	
1361	9317	24927	
1368	9297	24947	
1370	9283	24983	
1354	9131	24950	
1346	9146	25093	
1359	9214	25056	
1355	9140	25114	
1360	9293	24896	
1349	9154	25130	
1361	9304	24977	
1351	9081	25078	
1351	9203	25048	
1352	9171	25117	
1346	8995	25188	
1360	9220	24980	
1367	9318	24916	
1355	9165	25022	
1351	9028	25088	
1366	9166	25072	
1350	9179	25113	
1364	9282	24964	
1358	9197	25170	
1350	9090	25134	
1355	9174	25000	
1354	9218	25054	
1361	9183	24949	
1364	9181	24974	
1339	8993	25327	
1362	9191	25064	
1360	9254	25002	
1368	9263	24997	
1366	9282	24837	
1347	9165	25065	
1363	9310	24982	
1360	9297	24962	
1349	9223	25130	
1354	9164	24975	
1354	9172	25129	
1359	9204	25080	
1366	9370	24805	
1371	9336	24864	
1345	9112	25153	
1355	9188	25127	
1357	9208	25008	
1356	9190	25073	
1359	9117	25010	
1345	9131	25028	
1354	9204	25072	
1348	9232	25056	
1344	9003	25181	
1363	9225	25009	
1361	9171	25001	
1350	9104	25236	
1353	9227	24944	
1364	9216	25048	
1349	9130	25193	
1358	9206	25081	
1365	9255	25044	
1358	9210	25011	
1356	9250	25023	
1360	9217	24913	
1360	9176	25138	
1357	9256	25099	
1355	9122	25132	
1350	9111	25224	
1341	8993	25248	
1350	9181	24963	
1365	9251	24986	
1351	9183	25152	
1354	9228	25032	
1366	9311	24774	
1342	9047	25131	
1350	9206	24884	
1343	9133	25046	
1356	9173	25008	
1345	9111	25134	
1350	9050	25131	
1364	9209	25008	
1361	9330	24831	
1359	9161	25050	
1344	9169	25009	
1356	9143	25098	
1384	9443	24859	
1349	9116	25211	
1353	9063	25261	
1360	9168	25126	
1358	9276	25032	
1353	9191	25064	
1363	9248	24878	
1342	9003	25201	
1346	9076	25025	
1342	9119	24992	
1364	9275	24953	
1350	9197	24951	
1365	9289	24843	
1350	9108	25032	
1370	9300	24925	
1339	9044	25227	
1367	9279	24976	
1351	9124	25031	
1359	9192	25066	
1354	9151	25028	
1351	9200	25017	
1350	9100	25148	
1354	9056	25203	
1369	9256	25001	
1343	9106	25151	
1355	9296	24925	
1360	9220	24957	
1361	9248	24977	
1356	9287	24880	
1356	9326	24937	
1352	9167	25075	
1358	9215	24984	
1349	9077	25069	
1363	9242	25084	
1344	9081	25159	
1362	9245	25002	
1357	9089	25052	
1354	9226	25007	
1350	9084	25140	
1342	9004	25187	
1361	9235	24990	
1358	9132	24998	
1355	9085	25115	
1366	9255	25006	
1361	9177	25165	
1360	9232	25002	
1361	9254	25045	
1350	9134	25146	
1359	9195	24881	
1366	9210	25100	
1361	9308	24980	
1359	9265	25037	
1358	9261	24980	
1356	9165	25118	
1342	9001	25204	
1360	9199	25018	
1346	9089	25055	
1364	9251	25111	
1360	9214	24966	
1350	9041	25105	
1351	9137	24997	
1356	9155	25030	
1343	9104	25060	
1370	9426	24864	
1354	9188	25111	
1348	9138	25181	
1363	9264	25038	
1346	9137	25137	
1347	9112	25003	
1367	9286	24928	
1361	9247	24990	
1348	9103	25133	
1346	9058	25142	
1362	9291	25015	
1346	9078	25166	
1368	9339	24949	
1369	9277	24918	
1357	9173	25015	
1357	9126	25069	
1366	9246	25049	
1373	9314	24867	
1361	9139	25033	
1354	9129	25196	
1357	9200	25054	
1363	9337	24837	
1358	9179	24924	
1361	9239	25097	
1358	9236	25141	
1357	9233	25027	
1354	9156	24997	
1354	9249	25053	
1367	9310	24945	
1363	9327	24975	
1358	9165	25067	
1354	9128	25125	
1362	9251	24987	
1356	9244	24926	
1356	9137	25049	
1356	9257	25000	
1339	9082	25151	
1354	9221	24987	
1359	9256	24968	
1355	9164	25009	
1365	9226	25033	
1359	9177	25002	
1340	9062	25194	
1365	9266	25015	
1348	9156	25103	
1365	9282	24876	
1358	9126	25142	
1374	9333	25001	
1364	9277	25088	
1359	9225	25081	
1356	9207	25069	
1351	9128	25170	
1363	9230	25034	
1360	9194	25075	
1354	9161	25150	
1341	9020	25184	
1338	8997	25089	
1358	9299	24862	
1356	9086	25174	
1356	9240	24906	
1356	9148	25118	
1344	9003	25120	
1364	9255	25066	
1343	9064	25173	
1363	9288	24895	
1339	8988	25144	
1356	9137	25141	
1354	9201	25037	
1360	9225	24984	
1368	9412	24906	
1367	9337	24874	
1365	9303	24961	
1354	9058	25148	
1353	9169	25096	
1362	9333	24900	
1357	9215	24982	
1354	9166	25071	
1365	9329	25065	
1349	9173	25069	
1357	9174	25046	
1364	9307	24923	
1372	9321	24717	
1350	9178	25049	
1361	9243	24992	
1347	9111	25053	
1349	9058	25201	
1361	9194	24954	
1351	9133	25073	
1366	9250	24980	
1347	9004	25269	
1358	9150	25051	
1361	9156	25133	
1355	9181	25114	
1358	9155	25071	
1354	9094	25033	
1353	9104	25119	
1363	9360	24923	
1358	9122	25063	
1368	9350	24887	
1373	9315	25045	
1362	9233	25097	
1354	9196	24996	
1340	9102	25118	
1365	9188	25063	
1347	9071	25162	
1355	9274	25030	
1353	9147	25104	
1350	9078	25105	
1348	9149	25083	
1348	9180	25053	
1363	9345	24856	
1365	9269	24971	
1351	9037	25214	
1355	9168	25081	
1359	9281	25002	
1357	9225	24931	
1358	9156	25016	
1356	9195	25097	
1354	9092	25113	
1364	9217	25098	
1353	9159	25060	
1365	9319	24856	
1361	9217	25042	
1351	9206	24939	
1363	9205	25063	
1348	9149	25033	
1343	9055	25227	
1354	9217	25071	
1368	9229	25130	
1358	9241	24938	
1351	9113	25031	
1348	9105	25119	
1343	9115	25068	
1363	9230	25121	
1361	9254	24994	
1358	9290	24938	
1361	9288	25020	
1350	9196	25046	
1366	9387	24821	
1351	9204	24992	
1353	9129	25059	
1361	9228	24991	
1364	9226	24909	
1361	9182	24994	
1367	9283	24975	
1360	9327	24966	
1376	9487	24760	
1355	9166	25119	
1351	9049	25234	
1354	9201	25137	
1347	9125	25133	
1356	9166	24959	
1365	9297	24974	
1366	9202	25057	
1367	9352	24932	
1361	9293	25027	
1365	9229	25055	
1364	9256	24925	
1354	9149	25074	
1351	9128	25105	
1346	9044	25203	
1364	9273	24939	
1354	9158	25126	
1352	9203	25085	
1364	9247	25107	
1348	9154	24937	
1358	9266	24970	
1352	9191	25044	
1354	9191	25063	
1345	9144	24964	
1360	9175	25016	
1346	8997	25136	
1356	9131	25059	
1361	9210	25144	
1356	9202	24991	
1351	9068	25123	
1368	9306	24927	
1360	9204	25047	
1351	9135	25025	
1359	9152	25060	
1360	9221	24993	
1361	9255	24981	
1347	9100	25113	
1342	9000	25169	
1355	9150	25145	
1361	9237	24940	
1348	9153	25127	
1351	9132	25123	
1342	9099	25208	
1354	9140	24946	
1357	9177	25001	
1358	9119	24986	
1351	9107	25060	
1351	9182	25068	
1347	9043	25129	
1357	9196	25022	
1359	9220	25108	
1361	9205	25099	
1359	9231	25050	
1364	9363	24891	
1351	9123	25082	
1363	9262	24993	
1366	9203	25083	
1358	9225	24986	
1358	9308	24988	
1366	9345	24948	
1368	9368	25008	
1355	9228	25036	
1357	9166	25043	
1355	9201	25135	
1359	9246	24975	
1351	9159	24955	
1351	9140	24987	
1351	9130	25174	
1360	9337	24973	
1358	9104	25139	
1363	9126	25166	
1353	9150	25032	
1371	9238	25052	
1366	9313	24839	
1363	9277	24944	
1351	9257	24950	
1355	9228	24993	
1345	9111	24980	
1346	9153	25166	
1342	9099	25088	
1356	9232	24958	
1361	9256	24993	
1354	9133	25038	
1348	9145	25142	
1350	9152	25070	
1356	9188	25053	
1351	9118	25114	
1350	9141	25124	
1351	9210	25002	
1340	9135	25152	
1352	9126	25058	
1364	9293	24928	
1352	9138	25120	
1366	9271	25052	
1363	9191	25091	
1351	9225	25021	
1354	9233	24959	
1362	9228	24914	
1360	9166	25157	
1356	9122	25033	
1358	9135	25016	
1374	9231	24986	
1349	9197	24983	
1358	9277	25020	
1351	9193	25099	
1352	9101	25084	
1346	9084	25123	
1353	9177	25009	
1360	9273	24962	
1347	9090	25095	
1356	9090	25155	
1353	9116	24915	
1359	9257	24928	
1352	9166	25011	
1359	9185	25056	
1352	9110	25229	
1347	9106	24957	
1345	9066	25084	
1352	9131	25066	
1361	9159	25182	
1361	9183	25128	
1348	9088	25140	
1368	9294	24906	
1362	9239	25092	
1349	9162	25071	
1369	9384	24886	
1361	9244	24948	
1356	9190	25030	
1365	9279	24865	
1358	9244	25072	
1346	9180	24989	
1375	9283	24901	
1360	9213	24916	
1364	9229	24908	
1361	9209	25015	
1346	9124	25128	
1362	9178	25039	
1350	9160	25049	
1344	9089	25202	
1346	9045	25086	
1367	9222	25000	
1356	9159	25022	
1352	9191	25063	
1361	9158	24979	
1353	9174	25047	
1359	9185	25117	
1361	9231	25012	
1368	9296	24923	
1354	9168	25041	
1347	9071	25059	
1359	9194	25149	
1346	9086	25074	
1357	9222	25032	
1350	9108	25165	
1355	9244	24976	
1359	9124	25001	
1351	9129	25135	
1361	9264	24943	
1363	9297	24965	
1348	9166	25130	
1354	9250	25015	
1360	9194	24990	
1362	9229	24871	
1355	9180	25028	
1349	9091	25185	
1352	9076	25151	
1362	9271	25037	
1363	9255	24999	
1348	9119	25289	
1361	9272	25009	
1354	9170	25224	
1348	9090	25241	
1348	9171	25016	
1364	9281	25020	
1362	9269	24989	
1350	9092	25166	
1372	9326	24873	
1358	9224	24976	
1364	9275	24955	
1368	9306	24891	
1355	9261	24987	
1363	9266	24989	
1338	9157	24981	
1350	9080	25157	
1355	9184	25026	
1366	9340	24999	
1368	9368	24929	
1353	9227	24928	
1346	9175	25109	
1348	9205	25092	
1367	9289	24905	
1358	9226	25016	
1349	9144	25045	
1364	9296	24960	
1346	9067	25218	
1356	9171	25031	
1361	9281	25126	
1353	9163	25086	
1354	9180	25042	
1355	9196	25175	
1366	9236	24890	
1356	9186	25010	
1352	9100	25087	
1359	9271	24996	
1364	9188	25061	
1354	9156	25084	
1341	9067	25171	
1365	9290	24898	
1335	9022	25141	
1358	9213	24991	
1352	9115	25074	
1361	9226	25026	
1362	9192	25034	
1352	9138	24988	
1353	9052	25151	
1368	9288	24982	
1352	9126	24975	
1354	9164	25101	
1354	9130	25071	
1357	9121	25079	
1359	9190	24928	
1353	9205	25019	
1365	9162	25082	
1336	9030	25257	
1344	9102	25291	
1353	9152	25009	
1358	9193	24965	
1362	9131	25133	
1363	9241	24968	
1339	9007	25281	
1362	9209	24912	
1363	9266	25008	
1366	9193	25034	
1364	9358	24865	
1362	9235	24952	
1355	9165	25001	
1366	9214	25070	
1363	9284	24970	
1361	9297	24964	
1356	9217	25071	
1359	9227	24866	
1359	9146	25106	
1352	9158	25116	
1354	9191	24996	
1369	9264	24963	
1349	9172	25022	
1362	9185	25018	
1380	9358	24939	
1363	9287	24939	
1344	8988	25153	
1356	9243	25008	
1365	9160	24985	
1357	9152	25031	
1360	9215	24866	
1351	9104	25131	
1356	9203	25058	
1353	9127	25043	
1364	9238	25042	
1363	9240	25055	
1355	9098	25169	
1374	9325	24922	
1365	9300	24959	
1355	9213	25088	
1365	9285	24997	
1351	9197	24979	
1367	9242	24951	
1343	9051	25150	
1342	9068	25240	
1353	9195	25080	
1360	9265	25024	
1367	9252	24824	
1345	9178	25017	
1361	9170	25172	
1352	9159	25145	
1349	8997	25197	
1346	9162	25061	
1358	9231	25012	
1370	9331	24958	
1358	9078	25165	
1372	9425	24916	
1356	9203	24940	
1363	9236	25040	
1369	9263	25013	
1345	9132	25168	
1351	9117	25120	
1360	9252	25093	
1355	9268	25023	
1351	9131	25153	
1348	9154	25062	
1342	9004	25133	
1358	9208	25052	
1363	9336	24846	
1354	9134	25210	
1343	9082	25033	
1345	9142	24951	
1357	9222	24992	
1361	9170	25168	
1356	9193	25118	
1348	9235	25066	
1362	9289	24980	
1345	9076	25054	
1344	9031	25163	
1356	9258	25068	
1356	9152	25062	
1347	9023	25259	
1356	9243	25038	
1353	9196	24928	
1343	9057	25233	
1366	9304	24960	
1342	9038	25237	
1357	9228	25115	
1364	9261	25009	
1357	9180	25069	
1354	9159	25060	
1351	9163	24971	
1348	9126	25119	
1354	9181	25138	
1369	9318	24851	
1375	9312	24921	
1354	9183	25006	
1365	9249	25027	
1366	9219	25036	
1340	8952	25250	
1353	9114	25203	
1361	9173	25175	
1336	8971	25173	
1354	9149	25062	
1359	9281	24932	
1346	9087	25185	
1364	9233	24959	
1357	9242	25030	
1354	9229	24971	
1360	9280	25057	
1356	9156	25156	
1363	9212	24978	
1364	9327	24885	
1356	9187	24989	
1355	9176	24949	
1356	9251	25040	
1350	9053	25186	
1352	9186	25121	
1349	9062	25247	
1348	9101	25184	
1353	9280	24990	
1353	9121	25195	
1337	8906	25132	
1357	9243	24985	
1359	9208	25054	
1355	9246	25046	
1350	9185	25017	
1368	9363	24936	
1366	9249	24860	
1363	9314	24871	
1354	9243	25076	
1365	9268	24963	
1352	9086	25093	
1363	9243	24894	
1354	9238	25122	
1365	9124	25011	
1345	9162	25001	
1356	9252	25000	
1368	9296	24887	
1359	9218	24887	
1369	9303	25027	
1355	9124	25164	
1361	9212	25138	
1355	9145	25044	
1354	9177	25000	
1353	9251	25005	
1358	9201	25010	
1348	9067	25309	
1342	9111	25083	
1341	9070	25143	
1354	9201	25001	
1350	9136	25226	
1355	9114	25063	
1350	9169	25075	
1349	9103	25140	
1363	9231	25060	
1358	9125	25103	
1351	9052	25167	
1355	9168	24990	
1352	9228	24905	
1357	9232	24910	
1361	9258	24993	
1349	9209	25060	
1350	9248	25020	
1362	9245	24934	
1350	9130	24995	
1357	9174	24943	
1354	9163	25139	
1348	9120	25169	
1371	9349	24902	
1361	9267	25034	
1353	9120	25134	
1359	9292	24997	
1366	9206	25048	
1356	9216	25102	
1364	9200	25018	
1364	9276	25001	
1356	9204	24933	
1352	9015	25295	
1349	9096	25127	
1369	9310	24938	
1357	9275	24856	
1348	9095	25159	
1351	9168	25132	
1350	9173	25092	
1347	9117	25100	
1369	9319	24944	
1340	8978	25235	
1366	9307	24856	
1356	9120	25119	
1353	9122	25145	
1360	9169	24972	
1351	9008	25266	
1357	9176	25024	
1345	9080	25148	
1351	9160	25127	
1352	9173	25014	
1346	9131	25145	
1370	9332	24969	
1365	9280	24968	
1346	9108	25102	
1360	9212	25041	
1366	9275	24917	
1351	9124	25074	
1354	9200	25025	
1364	9275	24970	
1348	9140	25154	
1364	9267	25018	
1354	9202	25064	
1350	9157	25147	
1352	9154	25132	
1347	9104	25100	
1362	9256	24942	
1349	9073	25096	
1347	9139	25185	
1351	8994	25257	
1356	9152	25046	
1344	9095	25131	
1338	9054	25154	
1347	9115	25064	
1361	9196	25038	
1351	9126	25179	
1364	9188	24976	
1364	9267	24949	
1367	9309	24951	
1361	9279	24910	
1356	9114	25172	
1378	9389	24765	
1367	9273	24996	
1353	9199	24947	
1360	9221	24954	
1360	9149	25237	
1361	9253	24996	
1359	9115	25139	
1370	9273	24983	
1353	9192	25104	
1350	9125	25029	
1362	9313	24994	
1345	9047	25340	
1355	9104	25070	
1357	9200	24961	
1349	9157	25035	
1362	9202	24996	
1358	9213	25056	
1365	9253	25119	
1357	9256	24999	
1347	9135	25126	
1345	9106	24974	
1354	9109	25118	
1361	9234	25036	
1351	9118	25118	
1351	9203	25071	
1373	9328	24904	
1353	9062	25004	
1353	9190	25038	
1354	9159	25086	
1357	9224	25045	
1347	9055	25155	
1369	9241	24961	
1351	9213	25071	
1359	9243	24975	
1346	9065	25096	
1360	9239	25077	
1355	9204	25054	
1367	9283	24857	
1355	9157	25046	
1354	9067	25260	
1358	9160	25092	
1352	9244	25019	
1352	9188	25039	
1353	9236	24886	
1372	9308	24783	
1346	9069	25218	
1353	9181	25030	
1360	9252	24919	
1348	9151	25098	
1348	9100	25157	
1354	9114	25109	
1358	9163	25111	
1353	9142	25072	
1337	9007	25066	
1342	9022	25255	
1362	9222	25192	
1360	9245	24976	
1356	9231	24917	
1362	9237	24964	
1354	9197	25082	
1368	9226	25050	
1366	9248	25004	
1357	9227	24999	
1362	9277	24874	
1351	9233	25026	
1349	9094	25100	
1349	9125	25184	
1343	9043	25120	
1351	9024	25262	
1353	9149	25107	
1354	9165	25000	
1363	9282	24916	
1358	9151	25081	
1349	9158	25065	
1355	9207	24957	
1364	9293	24884	
1365	9239	25074	
1368	9266	25058	
1359	9218	25103	
1376	9456	24871	
1362	9304	24944	
1360	9190	25082	
1356	9268	25121	
1358	9175	24996	
1368	9230	24947	
1364	9250	25098	
1351	9203	24912	
1346	9028	25234	
1358	9106	25134	
1349	9082	25062	
1339	9039	25192	
1376	9347	24846	
1350	9103	25193	
1353	9188	25044	
1361	9259	25046	
1356	9156	25137	
1355	9201	24946	
1334	8988	25196	
1346	9076	25256	
1348	9121	25057	
1350	9118	25137	
1359	9277	24978	
1362	9225	24950	
1353	9139	25109	
1347	9089	25210	
1364	9368	24782	
1362	9216	25034	
1350	9122	25102	
1357	9247	24848	
1354	9061	25272	
1365	9319	24992	
1366	9267	24967	
1365	9285	24940	
1353	9231	24966	
1353	9129	25102	
1358	9110	25184	
1349	9174	25105	
1359	9278	24945	
1356	9105	25100	
1373	9336	24948	
1359	9235	24983	
1334	9031	25139	
1357	9235	24914	
1357	9053	25117	
1360	9250	24995	
1337	9097	25133	
1350	9088	25146	
1360	9179	25079	
1354	9169	25111	
1374	9408	24782	
1353	9082	25160	
1360	9263	25006	
1350	9106	25096	
1365	9226	25084	
1360	9313	24907	
1360	9284	25065	
1344	9067	25183	
1367	9295	25018	
1349	9107	25218	
1359	9247	24996	
1354	9184	25076	
1359	9182	25024	
1357	9223	25089	
1353	9156	24985	
1343	9069	25131	
1349	9150	25039	
1349	9171	25044	
1356	9080	25098	
1357	9257	24949	
1362	9185	25017	
1369	9310	25018	
1351	9186	25138	
1355	9129	25039	
1365	9240	24975	
1354	9198	24973	
1352	9130	24939	
1367	9197	24920	
1356	9110	25168	
1341	8993	25199	
1345	9156	25165	
1366	9330	25023	
1356	9118	25041	
1342	8948	25186	
1371	9407	24851	
1351	9139	25107	
1363	9196	25033	
1363	9282	24945	
1354	9096	25057	
1344	9154	25173	
1352	9174	25096	
1353	9226	25087	
1354	9171	25019	
1346	9096	25026	
1352	9158	25082	
1365	9324	24979	
1343	9036	25194	
1357	9250	24862	
1366	9200	25081	
1357	9177	25057	
1373	9309	25002	
1343	8962	25282	
1356	9210	25017	
1366	9279	24920	
1352	9172	25037	
1357	9149	25036	
1358	9244	25028	
1363	9214	24963	
1357	9230	25132	
1351	9136	25050	
1348	9100	25018	
1358	9197	24923	
1360	9317	24926	
1360	9151	25085	
1353	9162	25151	
1345	9136	25098	
1360	9135	25117	
1359	9079	25144	
1360	9148	25043	
1369	9292	25017	
1355	9146	25115	
1349	9023	25170	
1361	9260	24909	
1358	9201	25065	
1354	9169	24978	
1342	8970	25153	
1369	9244	25041	
1378	9411	24855	
1351	9148	25024	
1361	9374	24861	
1365	9276	25046	
1356	9184	25018	
1358	9157	25168	
1362	9301	25011	
1363	9197	25111	
1356	9256	25053	
1344	9105	25060	
1359	9284	25067	
1343	9018	25086	
1355	9165	24924	
1356	9237	24934	
1351	9138	25001	
1352	9097	25107	
1364	9268	24925	
1357	9251	25007	
1358	9183	25118	
1355	9180	24961	
1369	9235	24995	
1351	9197	25046	
1360	9215	24934	
1356	9143	25091	
1355	9193	25225	
1360	9132	25099	
1341	9025	25302	
1351	9144	25110	
1353	9236	25005	
1356	9162	24937	
1345	9013	25264	
1372	9284	25012	
1365	9246	24975	
1360	9207	25051	
1346	9058	25250	
1348	9263	25112	
1361	9221	25014	
1360	9331	24888	
1351	9096	25223	
1361	9232	25030	
1352	9168	25059	
1339	9096	25181	
1356	9203	25091	
1373	9298	24865	
1363	9274	24956	
1357	9199	24917	
1355	9169	25061	
1361	9278	25063	
1363	9264	24970	
1363	9249	25021	
1344	9046	25216	
1352	9122	25103	
1360	9243	24982	
1356	9167	25180	
1357	9089	25138	
1352	9201	24968	
1351	9152	25139	
1359	9227	25057	
1350	9159	25050	
1360	9213	25091	
1358	9164	25093	
1359	9250	25057	
1356	9273	25064	
1370	9373	24879	
1356	9217	24955	
1358	9187	24921	
1367	9299	24938	
1359	9246	24912	
1341	9080	25155	
1345	9154	25048	
1370	9293	24838	
1352	9117	25085	
1368	9336	24952	
1356	9271	25086	
1365	9264	25002	
1362	9286	24855	
1353	9159	25192	
1362	9247	24996	
1348	9115	25251	
1348	9235	24943	
1351	9059	25155	
1354	9248	24965	
1356	9267	24970	
1363	9225	25017	
1352	9164	24959	
1353	9338	24875	
1359	9343	24907	
1348	9028	25205	
1352	9119	25008	
1364	9231	25033	
1353	9226	25019	
1358	9155	25046	
1356	9191	25078	
1349	9132	25145	
1353	9098	25003	
1347	9151	25118	
1353	9078	25133	
1352	9161	25162	
1355	9185	25073	
1358	9198	25031	
1351	9135	25185	
1365	9255	24997	
1357	9232	25020	
1355	9163	25057	
1358	9310	24866	
1350	9102	24994	
1351	9058	25037	
1340	9106	25175	
1356	9116	25119	
1354	9157	25102	
1356	9188	25020	
1357	9171	25027	
1353	9231	25136	
1356	9136	25128	
1342	9051	25123	
1352	9114	25069	
1358	9176	25075	
1356	9137	25096	
1359	9210	25058	
1352	9126	25105	
1342	8982	25240	
1348	9082	24974	
1356	9088	25202	
1369	9317	24877	
1365	9266	25024	
1353	9179	24967	
1360	9230	24980	
1360	9149	25034	
1361	9190	24964	
1357	9206	25037	
1353	9122	25072	
1349	9120	25187	
1355	9162	25053	
1364	9293	24951	
1337	9009	25118	
1341	9084	25136	
1350	9128	25028	
1355	9159	25076	
1367	9252	24891	
1363	9187	25001	
1366	9262	25011	
1355	9171	24982	
1341	9138	25123	
1340	9004	25334	
1352	9163	25104	
1359	9286	24905	
1341	9090	24968	
1346	9039	25299	
1358	9206	25122	
1344	9051	25093	
1357	9253	24997	
1350	9078	25039	
1350	9091	25033	
1344	9028	25214	
1364	9140	24964	
1354	9200	25106	
1354	9101	25048	
1364	9228	24893	
1351	9144	25039	
1351	9185	24933	
1343	9051	25261	
1345	9058	25134	
1354	9122	25026	
1349	9145	25077	
1368	9308	24931	
1356	9151	25109	
1357	9291	24931	
1351	9146	25074	
1364	9262	25055	
1353	9059	25095	
1348	9110	25361	
1342	9113	25067	
1360	9148	25020	
1369	9326	25028	
1357	9212	24944	
1349	9131	25097	
1357	9268	24998	
1365	9217	25014	
1357	9168	25076	
1362	9239	25047	
1355	9130	25042	
1341	8958	25245	
1356	9251	24913	
1362	9279	24955	
1356	9134	25081	
1350	9109	25100	
1351	9170	25066	
1355	9194	25040	
1348	9191	25053	
1364	9292	24958	
1364	9205	24890	
1355	9242	24967	
1357	9193	24922	
1345	9119	25249	
1357	9312	24957	
1355	9127	25015	
1339	9075	25120	
1363	9256	25118	
1342	9042	25140	
1362	9203	24958	
1366	9244	25031	
1359	9236	25028	
1359	9245	25064	
1356	9111	25120	
1357	9194	25000	
1364	9278	24947	
1347	9173	25013	
1366	9249	24983	
1358	9214	25089	
1352	9179	25044	
1346	9063	25198	
1348	9137	25138	
1352	9165	25123	
1356	9162	25063	
1351	9203	25027	
1371	9291	24903	
1364	9156	25081	
1364	9123	25134	
1359	9278	24885	
1350	9050	25115	
1353	9169	25073	
1363	9237	25008	
1361	9229	24921	
1358	9212	24988	
1360	9197	24975	
1372	9252	25006	
1353	9088	25128	
1349	9083	25240	
1357	9060	25144	
1361	9219	24973	
1344	9102	25013	
1355	9184	24995	
1354	9212	25027	
1362	9297	24952	
1354	9063	25185	
1364	9281	24911	
1345	9027	25156	
1358	9231	24996	
1362	9217	24962	
1346	9058	25154	
1346	9129	25066	
1356	9147	25050	
1360	9199	24976	
1354	9294	24969	
1360	9180	24986	
1358	9314	25080	
1364	9191	25051	
1351	9125	25114	
1343	9065	25276	
1357	9110	25141	
1342	9089	25042	
1358	9166	25099	
1342	8994	25242	
1339	9085	25037	
1371	9363	24839	
1348	9103	25130	
1375	9363	25004	
1351	9142	25181	
1349	9126	25062	
1358	9166	25067	
1357	9204	25123	
1355	9230	24899	
1356	9202	24968	
1355	9159	24966	
1358	9192	25047	
1360	9254	24937	
1348	9148	25094	
1360	9340	24934	
1363	9332	24908	
1368	9276	24991	
1360	9207	25048	
1341	9224	24909	
1345	9111	25093	
1350	9123	25115	
1352	9133	25052	
1361	9353	24905	
1338	9155	25102	
1342	9136	25107	
1357	9212	25100	
1361	9157	25080	
1363	9214	25003	
1347	9106	25069	
1358	9249	25061	
1367	9330	25116	
1355	9194	24937	
1348	9218	25016	
1356	9091	25207	
1356	9117	25178	
1363	9264	24897	
1348	9113	25033	
1355	9127	25029	
1354	9128	25030	
1354	9213	25044	
1355	9123	25067	
1357	9206	25081	
1363	9237	25038	
1356	9143	25058	
1339	8984	25276	
1359	9238	25040	
1350	9213	25093	
1355	9174	24978	
1350	9069	25075	
1343	9015	25198	
1368	9323	24947	
1358	9197	25129	
1364	9208	25078	
1352	9120	25133	
1364	9388	24769	
1369	9277	24963	
1361	9262	24928	
1354	9125	25049	
1369	9287	25015	
1360	9219	25047	
1342	9155	25108	
1363	9225	25011	
1355	9174	25114	
1347	9104	25136	
1358	9251	24930	
1358	9219	24937	
1367	9325	24910	
1356	9224	24956	
1353	9168	24960	
1349	9156	25091	
1361	9246	24986	
1354	9158	25094	
1372	9277	24950	
1351	9214	25025	
1347	9104	25117	
1345	9094	25059	
1360	9224	24953	
1347	9192	25057	
1361	9192	25046	
1355	9147	25043	
1349	9205	25078	
1359	9178	25150	
1337	9050	25192	
1349	9171	25098	
1364	9235	25073	
1356	9172	25039	
1348	9200	24926	
1367	9340	24872	
1366	9272	25000	
1365	9223	25020	
1364	9275	24914	
1354	9096	25121	
1355	9172	25169	
1351	9095	25219	
1356	9104	25188	
1352	9142	25014	
1350	9204	24944	
1370	9253	24980	
1348	9109	25122	
1352	9167	25038	
1359	9207	25029	
1353	9115	25102	
1361	9242	24954	
1368	9248	24967	
1355	9166	24992	
1349	9190	25065	
1349	9105	25247	
1355	9112	25093	
1353	9200	25130	
1366	9203	25070	
1354	9164	25093	
1364	9233	24972	
1345	9140	25072	
1355	9193	25144	
1363	9283	24977	
1347	9105	25108	
1354	9150	25183	
1359	9222	24988	
1355	9138	25090	
1363	9373	24773	
1365	9299	24928	
1366	9267	24889	
1350	9139	25132	
1356	9143	24998	
1368	9356	24828	
1356	9305	25095	
1362	9281	24975	
1366	9223	24958	
1362	9265	24964	
1360	9264	24985	
1338	9045	25190	
1364	9329	24975	
1351	9140	25044	
1346	9102	25227	
1351	9211	25120	
1357	9127	25103	
1349	9072	25148	
1359	9229	25033	
1365	9335	24845	
1362	9307	24941	
1360	9303	24939	
1361	9184	25094	
1364	9298	24980	
1357	9085	25113	
1364	9279	24907	
1352	9170	25094	
1368	9253	25054	
1354	9150	25057	
1361	9183	25138	
1359	9269	25004	
1349	9151	25013	
1360	9203	24986	
1347	9134	25172	
1347	9182	25169	
1342	9140	25078	
1358	9225	25126	
1351	9110	25070	
1367	9298	25019	
1360	9184	25018	
1359	9286	24915	
1367	9213	25115	
1366	9286	24989	
1335	9017	25285	
1348	9207	24939	
1359	9198	24979	
1370	9231	25132	
1356	9283	25048	
1357	9183	25069	
1354	9180	25027	
1363	9238	25028	
1348	9161	25118	
1357	9232	25009	
1364	9304	24902	
1369	9319	24981	
1349	9146	25130	
1352	9259	24894	
1345	9165	25053	
1358	9178	24999	
1360	9217	25009	
1366	9269	25001	
1355	9151	25046	
1355	9208	24987	
1351	9120	25111	
1369	9271	24989	
1358	9214	25057	
1358	9116	25067	
1342	9046	25158	
1348	9167	25039	
1371	9313	24879	
1353	9207	24984	
1341	9092	25208	
1362	9248	24895	
1356	9153	25055	
1365	9258	25057	
1342	9035	25159	
1353	9146	25204	
1366	9247	25099	
1360	9137	24954	
1358	9167	25096	
1355	9171	25035	
1355	9180	25005	
1342	9089	25101	
1348	9049	25103	
1364	9306	24925	
1361	9176	25062	
1359	9204	24992	
1347	9115	25067	
1358	9232	25106	
1371	9214	25086	
1364	9201	25027	
1362	9312	25045	
1364	9191	25212	
1344	9025	25347	
1354	9193	25004	
1352	9221	24988	
1358	9197	25053	
1347	9115	25195	
1356	9171	25031	
1350	9111	25173	
1356	9189	24997	
1341	9152	25072	
1349	9117	25110	
1364	9220	24929	
1362	9143	25025	
1345	9145	25137	
1358	9255	25024	
1353	9133	25071	
1349	9124	25207	
1354	9197	25115	
1354	9220	25004	
1372	9372	24814	
1343	9072	25226	
1359	9210	25120	
1363	9368	24859	
1340	8989	25265	
1354	9171	25056	
1359	9155	24977	
1342	8991	25155	
1356	9149	25137	
1341	9009	25188	
1339	8949	25201	
1353	9188	25010	
1342	9099	25173	
1352	9193	25161	
1350	9129	25001	
1349	9141	25040	
1345	9075	25125	
1357	9252	24983	
1360	9160	25123	
1344	9114	25081	
1366	9271	25053	
1350	9051	25209	
1356	9243	25026	
1364	9245	25022	
1359	9164	25012	
1357	9189	25001	
1349	9085	25197	
1351	9209	25030	
1352	9148	25144	
1361	9274	25077	
1346	9213	25093	
1335	9030	25136	
1362	9248	25016	
1364	9292	24869	
1353	9103	25111	
1358	9198	25055	
1351	9160	24949	
1350	9151	25134	
1364	9232	25077	
1361	9182	25102	
1349	9108	25060	
1363	9187	25083	
1352	9112	25039	
1350	9095	25060	
1363	9258	24987	
1358	9215	25007	
1355	9117	25146	
1370	9221	25025	
1357	9142	25142	
1361	9119	25124	
1357	9238	25004	
1353	9247	25008	
1361	9251	24930	
1364	9219	25023	
1352	9141	25020	
1351	9099	25086	
1350	9064	25171	
1350	9084	25135	
1351	9170	25067	
1342	9098	25098	
1358	9200	24982	
1354	9145	25030	
1356	9181	24988	
1362	9239	24906	
1349	9125	25032	
1352	9066	25164	
1354	9189	25165	
1358	9168	25018	
1358	9126	25161	
1352	9139	25122	
1357	9186	25036	
1366	9138	25109	
1355	9196	25019	
1361	9305	24997	
1356	9150	25028	
1362	9235	25017	
1354	9202	25198	
1355	9187	25062	
1346	9026	25238	
1347	9150	25059	
1348	9045	25259	
1354	9193	25048	
1344	9052	25227	
1361	9281	24905	
1358	9226	25000	
1353	9222	24989	
1351	9141	25012	
1357	9225	25023	
1360	9262	24880	
1351	9179	25027	
1349	9073	25145	
1356	9163	25146	
1362	9242	25108	
1361	9185	25140	
1365	9264	24958	
1350	9038	25124	
1348	9055	25149	
1351	9083	25179	
1358	9164	24985	
1359	9257	24866	
1359	9202	25000	
1349	9130	25073	
1365	9254	24987	
1348	9042	25174	
1355	9301	24980	
1347	9122	25238	
1365	9281	24958	
1352	9173	25225	
1360	9252	24880	
1359	9224	25028	
1346	9131	25090	
1360	9221	25064	
1355	9130	25053	
1358	9270	24991	
1360	9135	25105	
1366	9275	24895	
1355	9176	25142	
1339	9029	25177	
1357	9217	25090	
1352	9162	25006	
1353	9191	25087	
1371	9296	25136	
1358	9200	25109	
1362	9237	25006	
1372	9311	24981	
1344	9165	25075	
1347	9128	25185	
1360	9252	25035	
1350	9112	25120	
1353	9170	25031	
1366	9173	25086	
1370	9198	25006	
1358	9137	25077	
1361	9320	24962	
1345	9105	25204	
1365	9223	25020	
1351	9116	25071	
1362	9232	25089	
1361	9194	24991	
1350	9168	25105	
1368	9298	24948	
1354	9139	25031	
1345	9092	25106	
1360	9223	24951	
1352	9117	25084	
1352	9201	25078	
1355	9251	25052	
1352	9153	24992	
1356	9172	25116	
1350	9201	24934	
1348	9158	25072	
1360	9113	25189	
1349	9132	25115	
1347	9117	25108	
1367	9301	24993	
1369	9334	24898	
1365	9274	24879	
1353	9203	25113	
1345	9052	25189	
1358	9170	25124	
1342	9079	25044	
1360	9264	24905	
1356	9241	24933	
1366	9243	24955	
1352	9112	25142	
1350	9156	24929	
1364	9283	24885	
1353	9151	25098	
1365	9200	24904	
1356	9198	24958	
1340	9029	25190	
1367	9261	24989	
1354	9244	25047	
1358	9224	24972	
1359	9139	25019	
1344	9062	25278	
1380	9362	24769	
1348	9090	25077	
1362	9236	24974	
1342	9010	25159	
1345	9118	25102	
1360	9201	24975	
1364	9285	25008	
1355	9231	25044	
1366	9291	24971	
1347	9137	25083	
1337	9067	25148	
1353	9216	24982	
1353	9226	25042	
1357	9260	25028	
1362	9164	25000	
1346	9094	25158	
1352	9146	25101	
1337	9013	25202	
1358	9185	25064	
1359	9243	24933	
1354	9146	25061	
1350	9235	24991	
1350	9156	25115	
1353	9163	25122	
1356	9247	25050	
1353	9194	25095	
1359	9270	25065	
1368	9336	24815	
1359	9199	25049	
1363	9195	25142	
1352	9171	25092	
1363	9202	24977	
1351	9139	25049	
1363	9236	24988	
1359	9207	24988	
1356	9176	25146	
1365	9220	25031	
1349	9162	25009	
1349	9064	25202	
1348	9080	25151	
1352	9090	25114	
1358	9115	25151	
1353	9098	25213	
1352	9122	25157	
1356	9176	25138	
1348	9119	25004	
1358	9191	25012	
1363	9340	24862	
1355	9196	25153	
1352	9063	25166	
1360	9155	25058	
1367	9294	24954	
1371	9267	24993	
1360	9235	25109	
1350	9136	25133	
1342	8982	25292	
1354	9225	25017	
1360	9166	25077	
1351	9056	25182	
1367	9319	24869	
1355	9098	25086	
1349	9149	25174	
1366	9288	24883	
1364	9269	25020	
1347	9196	25068	
1359	9177	25029	
1361	9221	24995	
1342	9117	25186	
1355	9157	25025	
1348	9059	25228	
1351	9100	25101	
1349	9161	25076	
1353	9176	25172	
1356	9213	25026	
1372	9444	24803	
1360	9256	25072	
1360	9195	25000	
1365	9363	25007	
1361	9227	25024	
1348	9147	24944	
1357	9208	25064	
1363	9249	25066	
1353	9226	24969	
1354	9158	25037	
1340	9012	25183	
1357	9130	25059	
1353	9109	25107	
1370	9251	24986	
1358	9175	25053	
1351	9163	25163	
1341	9042	25230	
1369	9297	24922	
1355	9203	25028	
1347	9087	25005	
1364	9247	24990	
1357	9294	25033	
1349	9183	25037	
1367	9202	25066	
1362	9215	25074	
1332	9030	25220	
1352	9168	25148	
1352	9204	24991	
1360	9209	24986	
1363	9242	24987	
1363	9204	25021	
1358	9238	25094	
1356	9194	25021	
1356	9230	24948	
1351	9176	25035	
1355	9190	24932	
1353	9143	25153	
1354	9174	24989	
1360	9351	24908	
1358	9189	24975	
1355	9174	25170	
1346	9029	25096	
1364	9367	24944	
1367	9285	24919	
1362	9187	24937	
1363	9211	24973	
1355	9148	25067	
1346	9145	25092	
1358	9312	24920	
1365	9280	24885	
1361	9284	24990	
1344	9173	24929	
1355	9153	25117	
1346	9102	25111	
1351	9138	25039	
1365	9253	25156	
1345	9074	25307	
1364	9340	24923	
1358	9138	25135	
1358	9168	25089	
1363	9129	25148	
1350	9064	25146	
1341	9039	25194	
1349	9133	25075	
1355	9167	24981	
1357	9233	24950	
1354	9142	25101	
1365	9255	25000	
1337	8949	25247	
1360	9254	24982	
1347	8991	25229	
1348	9072	25040	
1350	9149	25124	
1354	9151	25135	
1355	9188	24884	
1362	9254	25097	
1345	9156	25108	
1366	9330	24883	
1360	9233	25040	
1354	9150	25215	
1347	9167	25120	
1361	9264	25017	
1352	9160	25062	
1338	8988	25177	
1358	9095	24990	
1352	9108	25092	
1353	9195	24984	
1361	9181	24993	
1352	9185	25088	
1360	9146	25215	
1358	9243	24957	
1347	9162	25134	
1364	9284	24915	
1353	9219	25003	
1354	9130	25104	
1363	9375	24907	
1362	9293	24932	
1360	9296	24962	
1352	9198	25098	
1340	9045	25155	
1359	9207	24959	
1348	9156	24963	
1349	9121	25078	
1367	9294	24990	
1368	9413	24916	
1360	9175	25023	
1349	9094	25065	
1365	9257	24933	
1367	9282	24924	
1343	9101	25151	
1356	9245	24919	
1353	9131	24992	
1359	9201	25105	
1341	9087	25149	
1357	9195	24960	
1361	9275	24833	
1361	9214	25087	
1352	9185	25164	
1351	9113	25228	
1357	9126	25007	
1368	9287	24923	
1355	9202	24995	
1362	9274	24986	
1359	9108	25013	
1367	9295	25075	
1347	9055	25127	
1362	9265	24929	
1347	8924	25181	
1344	9096	25152	
1367	9266	24991	
1366	9245	25050	
1352	9145	25100	
1360	9238	25001	
1362	9213	24942	
1350	9171	25017	
1354	9200	24931	
1358	9196	25070	
1349	9082	25099	
1359	9207	25070	
1356	9265	24984	
1361	9181	25031	
1354	9156	25033	
1357	9159	25046	
1357	9185	24990	
1357	9203	25040	
1336	9107	25179	
1353	9086	25133	
1345	9109	25085	
1363	9216	24961	
1366	9317	24995	
1351	9167	25012	
1366	9305	24954	
1353	9083	25008	
1361	9180	25091	
1368	9227	25049	
1350	9113	25131	
1345	8996	25188	
1351	9213	25098	
1346	9115	25162	
1363	9260	24998	
1360	9214	25010	
1352	9189	25063	
1360	9282	25065	
1346	9048	25050	
1357	9292	24974	
1349	9104	25093	
1367	9315	24964	
1351	9117	25102	
1351	9189	25065	
1373	9301	25014	
1337	8996	25253	
1356	9150	25135	
1347	9052	25150	
1349	9079	25167	
1348	9074	25053	
1348	9152	24981	
1342	9062	25171	
1350	9149	25000	
1370	9295	25017	
1357	9123	25104	
1357	9206	25047	
1375	9402	24912	
1352	9181	25221	
1358	9199	25044	
1353	9068	25108	
1357	9237	24924	
1359	9150	25118	
1353	9155	24972	
1361	9238	24972	
1352	9224	25073	
1349	9096	25165	
1365	9340	24811	
1351	9116	25154	
1358	9085	25258	
1360	9224	25011	
1359	9286	24803	
1350	9130	25076	
1358	9278	25006	
1352	9101	25157	
1363	9339	24910	
1369	9250	24976	
1356	9182	25135	
1352	9229	25034	
1359	9238	24991	
1353	9159	25148	
1352	9204	25029	
1358	9129	25040	
1349	9134	25120	
1366	9277	25041	
1349	9104	25105	
1354	9193	25085	
1349	9084	25091	
1344	9134	25187	
1343	9050	25214	
1343	9008	25160	
1359	9249	24877	
1362	9167	24937	
1342	9074	25084	
1355	9125	25115	
1370	9282	24928	
1347	9149	25178	
1360	9282	24921	
1350	9061	25234	
1346	9008	25063	
1344	9094	25159	
1371	9414	24971	
1365	9225	24988	
1355	9213	24940	
1361	9226	24893	
1351	9160	25233	
1348	9139	25082	
1357	9261	24947	
1353	9165	24949	
1348	9089	25114	
1364	9233	25102	
1340	9058	25066	
1355	9232	24954	
1353	9244	25061	
1358	9326	24923	
1348	9054	25114	
1360	9169	24995	
1373	9294	24888	
1358	9167	25093	
1342	9107	25041	
1362	9191	24933	
1347	9103	25142	
1345	9167	25119	
1359	9269	25097	
1348	9058	25203	
1369	9224	25049	
1348	9140	25043	
1370	9250	24980	
1372	9358	24917	
1365	9331	24976	
1362	9163	25107	
1355	9176	25035	
1369	9312	24943	
1362	9267	24916	
1353	9271	25042	
1378	9439	24869	
1355	9153	25068	
1342	9039	25124	
1359	9220	25004	
1342	9043	25123	
1341	9093	25213	
1358	9207	24962	
1366	9275	24955	
1380	9401	24848	
1363	9215	25037	
1349	9138	25104	
1356	9151	25132	
1355	9189	24917	
1354	9193	25126	
1354	9202	25043	
1362	9272	25022	
1370	9337	24896	
1345	9148	25022	
1365	9224	24921	
1357	9229	25061	
1348	9206	24981	
1360	9291	24921	
1365	9237	25065	
1355	9175	25012	
1358	9296	25060	
1349	9129	25058	
1357	9212	25088	
1358	9227	25088	
1367	9297	24954	
1357	9108	25132	
1347	9166	24987	
1365	9228	25021	
1343	9021	25203	
1343	9098	25179	
1366	9369	24881	
1356	9229	25020	
1357	9217	25080	
1351	9129	25096	
1368	9376	24922	
1369	9255	25008	
1354	9190	24997	
1349	9183	25059	
1355	9225	24936	
1362	9293	24986	
1345	9049	25167	
1362	9275	25069	
1346	9146	25120	
1351	9098	25169	
1358	9168	25041	
1344	9092	25126	
1358	9183	25001	
1361	9201	25086	
1364	9219	25089	
1345	9049	25188	
1366	9270	24975	
1363	9218	24998	
1360	9262	25056	
1362	9157	25092	
1347	9120	25121	
1355	9180	25177	
1363	9203	25142	
1340	8984	25249	
1356	9147	25011	
1362	9178	25134	
1357	9218	25046	
1352	9176	25007	
1356	9168	24992	
1355	9193	25183	
1338	9009	25353	
1352	9239	24895	
1354	9140	25013	
1357	9127	25065	
1346	9092	25128	
1357	9152	25149	
1368	9241	24999	
1351	9191	25138	
1360	9199	25077	
1353	9159	25107	
1352	9059	25174	
1346	9148	25126	
1348	9188	25098	
1340	9136	24973	
1367	9255	24943	
1356	9166	25031	
1354	9156	25158	
1361	9215	24978	
1364	9286	24999	
1372	9313	24899	
1350	9176	25177	
1357	9211	25002	
1366	9260	25216	
1362	9239	24993	
1355	9199	24924	
1363	9273	24985	
1359	9283	24965	
1367	9222	24927	
1350	9193	25011	
1362	9237	24999	
1356	9143	25113	
1369	9304	24950	
1347	9086	25149	
1358	9084	25186	
1349	9167	24983	
1352	9107	25105	
1354	9144	25162	
1354	9191	25079	
1351	9101	25127	
1353	9162	25077	
1353	9072	25157	
1344	9111	25052	
1348	9050	25108	
1360	9253	25120	
1354	9217	25144	
1351	9145	25085	
1353	9184	25152	
1353	9169	25049	
1374	9333	24895	
1363	9242	24964	
1353	9099	25025	
1357	9212	24959	
1352	9079	25125	
1352	9220	25156	
1354	9192	24973	
1361	9194	25014	
1350	9190	25020	
1356	9150	24941	
1336	8942	25352	
1362	9202	25023	
1348	9149	25202	
1355	9167	25013	
1358	9158	25150	
1356	9217	24977	
1354	9125	25000	
1350	9188	25029	
1350	9060	25267	
1371	9373	25014	
1352	9094	25001	
1360	9218	25074	
1346	9098	25056	
1348	9112	25095	
1350	9186	25002	
1357	9196	25074	
1354	9122	25066	
1349	9101	25215	
1352	9147	25118	
1353	9162	25020	
1357	9221	24926	
1355	9142	25102	
1353	9100	25165	
1344	9087	25143	
1362	9287	24983	
1348	9197	25063	
1367	9268	25041	
1350	9201	25049	
1358	9079	25060	
1355	9185	24947	
1339	9102	25053	
1349	9110	25122	
1356	9133	25001	
1352	9184	25034	
1359	9244	24985	
1362	9294	24909	
1356	9172	25149	
1351	9145	25100	
1361	9200	24999	
1362	9171	25173	
1353	9176	25089	
1343	9009	25185	
1356	9156	24984	
1352	9106	25082	
1362	9259	24982	
1378	9406	24775	
1364	9287	24892	
1360	9199	25007	
1356	9227	25096	
1362	9191	25006	
1357	9151	25070	
1356	9219	25095	
1357	9209	25089	
1353	9047	25042	
1356	9265	24986	
1358	9077	25226	
1354	9137	24999	
1355	9210	25110	
1348	9021	25202	
1359	9226	24878	
1357	9156	25063	
1341	9066	25194	
1366	9214	25017	
1355	9201	25086	
1355	9125	25162	
1364	9319	25030	
1355	9184	24957	
1355	9194	25086	
1344	8962	25176	
1350	9091	25086	
1344	9046	25206	
1342	9075	25074	
1356	9055	25132	
1342	9071	24984	
1364	9276	25025	
1345	9109	25116	
1353	9208	25102	
1367	9251	25008	
1351	9185	25030	
1346	9195	25064	
1366	9314	24913	
1354	9127	25071	
1355	9298	24950	
1364	9371	24785	
1351	9223	24913	
1364	9237	25002	
1353	9053	25121	
1362	9291	25009	
1363	9276	24913	
1354	9185	25179	
1360	9285	24994	
1365	9263	24994	
1352	9177	24971	
1368	9350	24872	
1359	9235	25052	
1350	9089	25156	
1356	9168	25148	
1356	9202	25022	
1352	9081	25132	
1367	9231	25099	
1346	9076	25219	
1356	9181	25024	
1366	9285	24974	
1350	9168	25082	
1349	9087	25159	
1361	9278	24842	
1353	9197	24982	
1354	9243	24952	
1359	9194	24954	
1358	9330	25012	
1358	9246	24980	
1366	9232	25046	
1357	9203	24934	
1364	9217	24973	
1349	9151	24925	
1354	9190	25038	
1343	9136	25091	
1359	9247	25026	
1359	9179	25099	
1357	9196	25098	
1362	9275	24957	
1362	9293	25107	
1362	9179	25018	
1354	9197	25000	
1344	9005	25187	
1369	9337	25029	
1349	9151	25147	
1349	9051	25112	
1363	9218	24951	
1363	9239	24976	
1358	9238	24959	
1360	9199	25013	
1364	9169	25070	
1357	9158	25087	
1343	9104	25010	
1351	9181	25062	
1352	9176	25198	
1363	9288	25029	
1349	9133	25081	
1365	9367	24904	
1362	9216	25104	
1356	9162	25020	
1352	9267	25054	
1362	9248	24919	
1357	9264	25020	
1352	9304	24929	
1352	9194	25031	
1352	9271	25060	
1359	9211	25150	
1364	9300	25048	
1349	9141	25065	
1365	9276	25022	
1340	9071	25238	
1348	9133	25105	
1368	9293	24885	
1344	9114	25230	
1362	9251	24941	
1353	9183	25098	
1358	9251	24967	
1358	9265	25045	
1366	9318	24898	
1326	8934	25185	
1353	9121	25035	
1367	9317	24883	
1360	9253	24987	
1367	9229	25078	
1361	9215	25060	
1351	9252	24998	
1360	9146	25051	
1349	9136	25046	
1336	8957	25233	
1354	9114	25121	
1355	9190	25090	
1356	9167	25126	
1356	9103	25086	
1368	9336	24824	
1357	9170	25089	
1343	9039	25063	
1361	9253	24990	
1351	9051	25186	
1348	9168	25120	
1349	9178	25016	
1346	9131	25105	
1355	9198	25025	
1350	9134	24979	
1357	9189	25049	
1362	9273	24870	
1360	9186	25097	
1355	9145	25061	
1352	9154	25008	
1352	9162	25146	
1340	9082	25089	
1357	9204	25083	
1349	9149	25063	
1359	9195	24954	
1342	9145	25105	
1345	9106	25192	
1352	9192	25106	
1348	9105	25232	
1357	9188	25049	
1368	9267	24920	
1356	9149	25068	
1360	9144	25094	
1373	9345	24902	
1351	9189	25053	
1363	9242	25018	
1359	9248	25011	
1365	9184	25181	
1362	9317	24958	
1344	9162	25165	
1349	9140	25052	
1352	9187	25018	
1351	9142	25031	
1349	9171	25131	
1354	9244	24962	
1358	9145	25064	
1351	9151	25115	
1364	9138	25007	
1355	9245	24866	
1353	9172	25119	
1353	9090	24949	
1359	9254	25061	
1359	9172	25090	
1335	9014	25225	
1357	9187	25104	
1361	9196	25077	
1353	9170	25021	
1361	9306	24781	
1343	9183	25039	
1354	9107	25134	
1354	9115	25244	
1366	9307	24814	
1356	9250	24920	
1354	9235	25074	
1358	9123	25058	
1346	9111	25002	
1362	9212	24883	
1344	9067	25126	
1349	9109	25163	
1356	9139	25182	
1359	9270	25023	
1349	9064	25079	
1356	9203	25042	
1351	9055	25175	
1350	9241	25019	
1353	9184	25030	
1354	9140	25130	
1355	9121	25160	
1361	9160	24974	
1359	9227	25028	
1351	9242	25099	
1356	9244	25010	
1342	9017	25195	
1352	9118	25229	
1353	9217	25094	
1372	9360	24934	
1362	9195	25104	
1368	9373	24920	
1357	9140	25084	
1351	9190	25112	
1351	9204	25082	
1348	9047	25218	
1361	9279	25068	
1358	9191	25030	
1366	9292	25008	
1358	9185	25029	
1355	9169	25108	
1354	9138	25095	
1347	9058	25279	
1359	9116	25120	
1358	9320	24942	
1363	9193	25097	
1371	9296	24943	
1347	9110	25111	
1367	9251	24867	
1355	9132	25031	
1359	9186	25021	
1357	9194	24944	
1348	9125	25029	
1351	9199	25087	
1351	9159	25026	
1364	9295	25010	
1354	9196	25158	
1352	9076	25123	
1356	9142	25054	
1366	9300	25003	
1364	9277	24964	
1362	9203	25079	
1346	9044	25334	
1348	9113	25161	
1361	9164	25027	
1350	9169	25025	
1347	9100	25070	
1353	9200	25073	
1362	9213	24995	
1354	9229	25035	
1349	9060	25122	
1361	9253	24960	
1357	9186	25131	
1352	9134	25141	
1341	9112	24901	
1348	9142	25209	
1369	9330	24949	
1335	9042	25142	
1352	9189	25087	
1352	9296	24858	
1361	9256	24842	
1360	9257	25003	
1350	9206	25055	
1345	9115	25119	
1353	9263	24846	
1341	9042	25141	
1347	9006	25209	
1362	9306	24976	
1355	9192	25081	
1351	9060	25011	
1351	9175	24961	
1359	9288	24863	
1345	9201	24915	
1349	9173	25168	
1358	9269	24847	
1357	9182	25139	
1350	9182	24969	
1367	9284	25122	
1344	9100	25076	
1358	9119	25140	
1355	9211	25049	
1370	9321	24922	
1345	9069	25092	
1356	9279	24875	
1356	9198	24897	
1368	9308	25063	
1350	9179	24974	
1352	9102	25004	
1352	9212	25102	
1344	9069	25135	
1355	9117	25145	
1358	9153	25051	
1353	9123	25118	
1354	9023	25201	
1351	9092	25219	
1343	9059	25150	
1366	9396	24853	
1356	9188	25088	
1349	9113	25192	
1347	9138	25088	
1361	9203	25142	
1352	9178	24996	
1353	9139	25031	
1346	9032	25146	
1349	9110	25226	
1363	9220	25016	
1338	8959	25294	
1348	9087	25225	
1359	9210	25030	
1356	9295	24823	
1349	9124	25196	
1357	9138	25014	
1354	9174	25072	
1347	9183	25192	
1353	9036	25111	
1361	9182	25100	
1348	9075	24990	
1362	9289	24893	
1353	9072	25121	
1358	9176	25005	
1363	9222	25079	
1352	9206	25079	
1373	9338	24931	
1349	9116	25127	
1346	9163	25038	
1351	9060	25206	
1353	9226	25131	
1353	9094	25102	
1361	9234	24829	
1356	9260	24985	
1359	9310	24925	
1360	9247	24976	
1368	9278	24972	
1362	9212	24946	
1348	9146	25058	
1369	9346	24967	
1354	9238	25094	
1357	9235	25119	
1369	9212	25006	
1353	9153	25189	
1344	9043	25216	
1358	9223	24991	
1339	8999	25128	
1363	9188	25107	
1349	9160	25054	
1346	9100	25255	
1346	9089	25167	
1368	9334	25022	
1350	9130	24998	
1359	9237	25006	
1348	9179	25075	
1351	9198	24916	
1357	9260	25038	
1359	9219	24964	
1346	9193	24910	
1348	9095	25025	
1347	9099	25049	
1359	9166	25025	
1358	9228	24946	
1355	9137	25102	
1356	9113	24967	
1359	9268	25005	
1361	9150	25089	
1361	9232	24931	
1364	9346	24833	
1355	9282	24967	
1357	9169	25020	
1350	9053	25183	
1372	9340	24942	
1351	9180	25014	
1349	9144	25210	
1356	9163	25033	
1366	9229	24965	
1361	9225	24890	
1355	9145	25049	
1355	9166	24983	
1359	9254	24904	
1354	9095	25049	
1349	9062	25084	
1370	9264	24997	
1346	9082	25231	
1360	9170	25153	
1351	9116	25154	
1371	9255	24936	
1352	9130	24972	
1359	9164	25037	
1361	9295	24995	
1357	9251	24900	
1363	9281	25069	
1359	9196	24980	
1355	9176	25027	
1343	9044	25236	
1348	9151	25140	
1357	9235	24969	
1354	9162	25132	
1360	9230	25003	
1360	9283	24953	
1354	9144	25085	
1355	9179	24994	
1342	9111	25130	
1357	9186	25082	
1347	9050	25207	
1345	9173	25095	
1354	9204	25085	
1350	9059	25140	
1356	9182	25023	
1346	9047	25212	
1357	9219	25061	
1353	9185	25123	
1358	9207	25019	
1367	9291	24997	
1358	9202	25017	
