1331	9135	25100	
1379	9117	25073	
1390	9163	25179	
1395	9368	24930	
1351	9170	25029	
1360	9281	25104	
1303	9181	25113	
1351	9100	25052	
1362	9289	24995	
1374	9061	25073	
1296	9264	24965	
1363	9075	25133	
1340	9234	24946	
1365	9231	24979	
1417	9148	25066	
1371	9370	24860	
1414	9227	24991	
1332	9282	24997	
1362	9328	24929	
1387	9123	25024	
1400	9280	24999	
1306	8996	25204	
1366	9284	24940	
1322	9297	25077	
1393	9306	24922	
1347	9283	24990	
1315	9168	25106	
1369	9362	24809	
1375	9196	25007	
1325	9197	24965	
1347	9418	24919	
1386	9106	25112	
1403	9132	25092	
1392	9407	24802	
1380	9123	25095	
1326	9121	25142	
1382	9160	25019	
1395	9202	25090	
1439	9128	25024	
1331	9237	25026	
1393	9199	24984	
1291	9192	25098	
1336	9121	25122	
1328	9217	25084	
1371	9214	25114	
1368	9167	25041	
1347	9201	25092	
1355	9208	25056	
1363	9187	25134	
1320	9098	25095	
1352	9318	24943	
1352	9389	24916	
1324	9297	24964	
1332	9188	25008	
1392	9201	25034	
1346	9190	24906	
1329	9157	25013	
1373	9194	25018	
1383	9292	24901	
1330	9375	24862	
1356	9088	25148	
1313	9240	25076	
1374	9054	25268	
1307	9239	24979	
1370	9188	24961	
1326	9057	25247	
1350	9171	25030	
1327	9247	24976	
1296	9066	25198	
1331	9227	25125	
1356	9199	25080	
1361	9068	25098	
1382	9255	24908	
1318	9234	24998	
1310	9261	24963	
1338	9266	24890	
1317	9237	25076	
1362	9125	25028	
1376	9112	25140	
1384	9321	24862	
1380	9270	24948	
1386	9165	25103	
1287	9143	25130	
1412	9137	25086	
1345	9164	25012	
1367	9182	24971	
1366	9182	24989	
1330	9237	25039	
1322	9223	25041	
1387	9076	25286	
1351	9111	25160	
1320	9261	24950	
1384	9206	25067	
1343	9098	25116	
1310	9159	24942	
1365	9173	25124	
1374	9317	24985	
1394	9299	24942	
1388	9130	25091	
1340	9159	25064	
1382	9117	25061	
1405	9124	24897	
1314	9325	24966	
1327	9203	25083	
1388	9367	24858	
1360	9127	25183	
1199	9128	25109	
1402	9339	24890	
1350	8990	25223	
1402	9206	25026	
1373	9047	25149	
1349	9264	24958	
1359	9318	24904	
1440	9236	24980	
1423	9127	25153	
1367	9112	25133	
1347	9201	25031	
1341	9233	25049	
1432	9063	25117	
1283	9226	25126	
1360	9300	24930	
1353	9285	24962	
1400	9124	25156	
1339	9241	25006	
1374	9273	24918	
1410	9056	25108	
1358	9226	25073	
1369	9120	24998	
1352	9064	25165	
1300	9121	25131	
1373	9259	24927	
1370	9204	25017	
1366	9128	25008	
1375	9020	25161	
1350	9225	24977	
1368	9129	25032	
1406	9134	25095	
1330	9334	24920	
1310	9330	25046	
1323	9172	25178	
1339	9282	24941	
1358	9267	24854	
1351	9074	25162	
1383	9177	25117	
1329	9333	24952	
1323	9326	24963	
1349	9319	24994	
1353	9182	25014	
1294	9282	24891	
1323	9189	25061	
1307	9220	25022	
1312	9348	25009	
1297	9219	25059	
1387	9082	25203	
1387	9212	25031	
1362	9248	24926	
1329	9235	25056	
1307	9198	25018	
1369	9109	25174	
1426	9164	24961	
1295	9277	24868	
1371	9340	24866	
1351	9278	25026	
1404	9200	25014	
1271	9139	25123	
1362	9181	25075	
1363	9338	24919	
1313	9145	25163	
1319	9304	24979	
1333	9141	25160	
1380	9160	25133	
1335	9194	24990	
1356	9403	24851	
1425	9372	24852	
1344	9121	25028	
1335	9144	25028	
1329	9235	25000	
1340	9298	24874	
1355	9204	24949	
1348	9148	25030	
1329	9170	25017	
1353	9107	25036	
1371	9077	25112	
1395	9269	24952	
1340	9139	25169	
1268	9222	25038	
1380	9115	24943	
1371	9236	24952	
1367	9156	24998	
1335	9304	24958	
1359	9154	25028	
1400	9150	25067	
1324	9246	24977	
1407	9130	25064	
1348	9346	25024	
1357	9280	25035	
1295	9336	25004	
1364	9165	25153	
1345	9162	25138	
1345	9189	24998	
1338	9135	25102	
1354	9338	24977	
1289	9176	25069	
1303	9140	25043	
1284	9163	25019	
1393	9237	24977	
1433	9208	24983	
1242	9068	25230	
1330	9363	24986	
1317	9313	24909	
1349	9009	25220	
1424	9226	24886	
1382	9038	25195	
1368	9173	25028	
1365	9175	25170	
1293	9279	25003	
1326	9229	25086	
1295	9244	25106	
1385	9179	25028	
1392	9186	24989	
1417	9329	24751	
1370	9145	25000	
1357	9234	25050	
1311	9123	25119	
1398	9089	25147	
1302	9146	25124	
1325	9193	24899	
1397	9275	24923	
1367	9224	24975	
1328	9130	25123	
1360	9295	24935	
1387	9342	24905	
1336	9110	25184	
1363	9310	24932	
1433	9191	25002	
1367	9059	25313	
1326	9166	25014	
1358	9084	25280	
1406	9288	24887	
1371	9125	25037	
1330	9215	24980	
1374	9266	24983	
1311	9149	25106	
1404	9075	25106	
1339	9153	25170	
1353	9018	25128	
1425	9123	25033	
1364	9177	25013	
1332	9108	25050	
1363	9307	25047	
1372	9105	25084	
1350	9269	24995	
1409	9089	25142	
1354	9214	25044	
1369	9096	25119	
1348	9195	25003	
1296	9216	25086	
1392	9090	25176	
1425	9259	24998	
1392	9072	25070	
1306	9180	25037	
1380	9110	25062	
1354	9202	25039	
1345	9073	25112	
1380	9347	24916	
1363	9260	25030	
1310	9191	25124	
1320	9231	25056	
1404	9219	25043	
1387	9218	25080	
1407	9181	25013	
1369	9108	25134	
1320	9301	24974	
1386	9109	25089	
1376	9169	24915	
1283	9104	25166	
1319	9276	24987	
1347	9056	25189	
1373	9196	25068	
1358	9293	24841	
1386	9219	25005	
1344	9208	24981	
1323	9326	25033	
1403	9197	25107	
1317	9107	25163	
1398	9031	25108	
1304	9370	24944	
1294	9364	24918	
1366	9151	24999	
1327	9110	25176	
1317	9190	24994	
1375	9190	24945	
1356	9079	25166	
1338	9110	25061	
1303	9197	25143	
1340	9225	25085	
1382	9255	24990	
1382	9340	24902	
1368	9281	24983	
1357	9119	25132	
1345	9132	25051	
1377	9160	25032	
1375	9246	24972	
1344	9277	25020	
1412	9363	24855	
1318	9193	25059	
1374	9273	24957	
1276	9249	25078	
1337	9370	25030	
1288	9137	25113	
1440	9082	25246	
1317	9285	24919	
1410	9238	25034	
1378	9274	25037	
1370	9159	24968	
1315	9190	25149	
1329	9298	25024	
1372	9226	25029	
1347	9289	24894	
1419	9156	25021	
1340	9278	24870	
1383	9470	24879	
1368	9089	25111	
1372	9276	24884	
1392	9227	25037	
1317	9249	24959	
1358	9267	24914	
1390	9137	25060	
1362	9212	25154	
1351	9173	25075	
1324	9340	24900	
1394	8961	25273	
1394	9101	25125	
1346	9175	25082	
1424	9138	25059	
1347	9219	24971	
1374	9133	25161	
1325	8899	25260	
1286	9173	25071	
1371	9154	25092	
1392	9259	24968	
1303	9199	25037	
1351	9136	24889	
1370	8993	25182	
1359	9135	25154	
1383	9103	25244	
1323	9151	25122	
1432	9187	24984	
1412	9190	24938	
1338	9095	25212	
1332	9208	25067	
1301	9127	25167	
1389	9340	24886	
1379	9187	24973	
1394	9150	25113	
1381	9161	25084	
1357	9071	25136	
1330	9171	25002	
1329	9187	25027	
1293	9281	25008	
1341	9136	25174	
1320	9341	24883	
1332	9294	24953	
1381	9214	25043	
1368	9098	25044	
1357	9290	24986	
1347	9130	25130	
1426	9067	25035	
1311	9198	25043	
1291	9041	25204	
1419	9083	25049	
1323	9115	25144	
1332	9122	25159	
1281	9142	25129	
1375	9251	25146	
1307	9213	24968	
1345	9206	24911	
1302	9199	25010	
1339	9192	24954	
1354	9178	24969	
1379	9234	25101	
1420	9133	25047	
1350	9337	24881	
1328	9255	25071	
1321	9201	25062	
1354	9254	25058	
1335	9139	25135	
1316	9093	25152	
1351	9290	25041	
1343	9255	25082	
1387	9193	25036	
1312	9162	25169	
1323	9173	25171	
1295	9233	25098	
1376	9084	25180	
1395	9144	24956	
1310	9109	25196	
1324	9180	25073	
1368	9300	25008	
1331	9117	25113	
1327	9115	25113	
1400	9222	24991	
1367	9062	25196	
1370	9110	25184	
1332	9323	24921	
1376	9284	25010	
1372	9327	24852	
1321	9126	25116	
1418	9195	25101	
1403	9323	24892	
1329	8991	25203	
1351	9169	25037	
1348	9349	24908	
1401	9191	25096	
1312	9216	25100	
1388	9238	24996	
1312	9202	25082	
1282	9136	25239	
1297	9214	24994	
1349	9063	25219	
1390	9404	24857	
1356	9201	24995	
1403	9248	25028	
1346	9199	25090	
1257	9187	25056	
1304	9208	25238	
1368	9237	25051	
1359	9213	25099	
1285	9152	25237	
1319	9172	25111	
1387	9198	25002	
1374	9348	24922	
1379	9251	24908	
1351	9213	24929	
1342	9241	24938	
1342	9203	25058	
1363	9209	25040	
1345	8980	25174	
1330	9315	24826	
1380	9327	24989	
1344	9259	24974	
1309	9216	25071	
1349	9003	25130	
1376	9238	25071	
1343	9134	25062	
1312	9125	25169	
1381	9237	25065	
1388	9082	25160	
1354	9256	24965	
1310	9214	24969	
1316	9252	25051	
1375	9302	25003	
1282	9116	25116	
1407	9213	25037	
1348	9297	24907	
1326	9183	25104	
1326	9306	24924	
1334	9311	24848	
1330	9177	25078	
1334	9182	25244	
1470	9166	25026	
1369	9077	25078	
1333	9374	24967	
1303	9097	25180	
1347	9211	25020	
1304	9267	24922	
1374	9194	25128	
1352	9090	25098	
1358	9187	25066	
1414	9107	25179	
1351	9357	24769	
1375	9222	25117	
1349	9148	25099	
1384	9272	24922	
1456	9221	24979	
1397	9242	24975	
1338	9197	25056	
1383	9243	24937	
1394	9243	25051	
1340	9297	24997	
1400	9152	25048	
1334	9255	25145	
1342	9221	24924	
1390	9209	25127	
1276	9310	24965	
1403	9256	25020	
1268	9264	24934	
1385	9225	25054	
1435	9237	24989	
1364	9287	24912	
1306	9148	25044	
1356	9010	25290	
1363	9205	25102	
1353	9076	25170	
1351	9284	24887	
1314	9240	25093	
1320	9332	24940	
1358	9214	25068	
1320	9299	24918	
1361	9346	24906	
1368	8959	25179	
1346	9320	24938	
1369	9238	25071	
1358	9292	25026	
1349	9208	24948	
1313	9045	25173	
1412	9275	24891	
1396	9312	24928	
1396	9156	24893	
1467	9269	24929	
1407	9091	25137	
1374	9001	25141	
1346	9369	24899	
1317	9323	24973	
1350	9193	24985	
1379	9303	24897	
1375	9285	24863	
1318	9262	25027	
1339	9337	25044	
1290	9110	25110	
1302	9298	25067	
1365	9069	25078	
1333	9344	25015	
1335	9157	25035	
1363	9264	25067	
1390	9343	24946	
1370	9008	25166	
1358	9196	25002	
1305	9248	24942	
1378	9248	24972	
1345	9095	25101	
1403	9172	25011	
1332	9170	25160	
1314	9355	25048	
1363	9114	24967	
1427	9102	25142	
1379	9273	24983	
1383	9231	25000	
1333	9183	25056	
1405	9073	25206	
1434	9221	24999	
1274	9210	25098	
1301	9150	24989	
1364	9369	24825	
1329	9279	24946	
1365	9114	25083	
1310	9054	25195	
1373	9246	24942	
1372	9111	25031	
1333	9364	24926	
1336	9270	24945	
1346	9090	25126	
1265	9157	25089	
1300	9191	25015	
1337	9199	25136	
1435	9268	25030	
1361	9116	25117	
1440	9261	24953	
1375	8968	25199	
1348	9235	25066	
1337	9108	25119	
1391	9197	25053	
1351	9209	25144	
1323	9223	25162	
1411	9235	25035	
1305	9446	24903	
1406	9073	25223	
1312	9232	25116	
1320	9190	25115	
1316	9192	24962	
1336	9037	25124	
1321	9095	25092	
1352	9139	25005	
1389	9236	24892	
1368	9137	25150	
1379	9376	24839	
1366	9165	24943	
1387	9308	24873	
1336	9283	25033	
1372	9136	24982	
1352	9047	25131	
1329	9058	25251	
1386	9258	24963	
1336	9197	25035	
1324	9292	24952	
1413	9038	25104	
1351	9299	24958	
1343	9223	25021	
1362	9266	24903	
1357	9325	24902	
1366	9091	25118	
1412	9120	24927	
1353	9213	25062	
1367	9180	25106	
1422	9238	25054	
1368	9167	25165	
1364	9216	25021	
1373	9178	25060	
1343	9331	24908	
1428	9322	24936	
1449	9238	25004	
1363	9033	25124	
1274	9200	24984	
1347	9122	25134	
1363	9319	24902	
1371	9217	24953	
1370	9174	25068	
1350	9193	25061	
1403	9128	25103	
1378	9293	25022	
1402	9114	25172	
1319	9260	24966	
1334	9314	25003	
1377	9119	25057	
1378	9222	24973	
1366	9146	25126	
1311	9158	25092	
1304	9341	24949	
1398	9197	24947	
1390	9210	24925	
1289	9096	25135	
1350	9180	25033	
1340	9233	25077	
1346	9263	25003	
1378	9110	25086	
1342	9283	25028	
1281	9190	25123	
1352	9185	25116	
1317	9133	25055	
1346	9118	25111	
1395	9182	25066	
1330	9191	25057	
1322	9081	25102	
1406	9182	25100	
1321	9354	25038	
1334	9234	25000	
1345	9141	25039	
1357	9048	25208	
1372	9205	25061	
1371	9169	25075	
1326	9290	24977	
1297	9109	24995	
1378	9229	25040	
1338	9081	25069	
1359	9256	24982	
1381	9174	25010	
1378	9213	25050	
1336	9170	25273	
1351	9164	25032	
1339	9093	25070	
1419	9150	24967	
1301	9366	24858	
1376	9291	24936	
1364	9150	24969	
1383	9333	24893	
1362	9215	25050	
1383	9014	25200	
1345	9168	25157	
1358	9239	25003	
1294	9194	25038	
1364	9157	25159	
1403	9202	24995	
1396	9145	25021	
1372	9046	25146	
1419	9199	24953	
1406	9111	25062	
1381	9366	24854	
1360	9193	24994	
1299	8952	25242	
1358	9332	24778	
1332	9187	25015	
1275	9253	24969	
1308	9244	25057	
1381	9327	25014	
1409	9227	24970	
1427	9192	25068	
1365	9247	25137	
1345	9148	25049	
1279	9109	25127	
1348	9107	25034	
1369	9208	25057	
1383	9200	24926	
1369	9208	24995	
1408	9183	24990	
1402	9208	25052	
1388	9111	25129	
1380	9237	24965	
1411	9162	25031	
1318	9129	25041	
1311	9188	25089	
1368	9184	24992	
1355	9184	25196	
1340	9017	25129	
1312	9365	24904	
1336	9205	25004	
1356	9203	24970	
1330	9145	25017	
1380	9161	24959	
1371	9168	25102	
1355	9297	24856	
1287	9151	25121	
1457	9064	25144	
1322	9188	25010	
1330	9041	25182	
1362	9153	25059	
1330	9173	25043	
1359	9146	25134	
1380	9146	25052	
1367	9298	24941	
1415	9108	25102	
1358	9178	25091	
1378	9149	25061	
1369	9128	25199	
1342	9311	24958	
1381	9232	24942	
1405	9165	25050	
1388	9101	25073	
1383	9282	24897	
1423	9201	24930	
1309	9101	25000	
1353	9197	25088	
1309	9337	25039	
1366	9153	25112	
1335	9176	25105	
1361	9215	24974	
1350	9153	25083	
1365	9286	24968	
1372	9277	24905	
1387	9118	25039	
1305	9031	25188	
1352	9165	25062	
1336	9213	25024	
1307	9144	25033	
1366	9386	24918	
1377	9194	24891	
1415	9283	24944	
1364	9172	25080	
1388	8983	25067	
1332	9256	25186	
1327	9128	25199	
1388	9015	25192	
1413	9225	24978	
1376	9117	25106	
1318	9203	25071	
1377	9209	25095	
1340	9286	25027	
1349	9166	25096	
1294	9153	25037	
1399	9254	25099	
1447	9022	25150	
1324	9236	25080	
1341	9239	24950	
1371	9361	24951	
1392	9351	24949	
1396	9327	24942	
1345	9153	25072	
1363	9191	25039	
1328	9347	24893	
1312	9343	25039	
1339	9272	24954	
1387	9158	25126	
1329	9141	25069	
1374	9137	25085	
1336	9214	25027	
1399	9251	24919	
1359	9090	25152	
1362	9142	25012	
1348	9151	25130	
1359	9322	24808	
1363	9031	25192	
1373	9365	24901	
1312	9217	25225	
1380	9137	24989	
1347	9314	24856	
1388	9219	25012	
1363	9362	24957	
1287	9229	25056	
1380	9263	24927	
1350	9214	24940	
1404	9215	25001	
1443	9247	24958	
1369	9218	25046	
1351	9133	25245	
1334	9225	24905	
1345	9073	25175	
1458	9211	24942	
1284	9045	25172	
1374	9188	25008	
1344	9188	25082	
1283	9273	24961	
1304	9151	25059	
1274	9259	24964	
1349	9341	24805	
1351	9136	25014	
1347	9328	25059	
1348	9131	25018	
1377	9275	25024	
1467	9162	24966	
1417	8980	25127	
1353	9181	25047	
1342	9188	25029	
1414	9198	25076	
1333	9254	25017	
1358	9132	25130	
1392	9125	25093	
1297	9442	24913	
1377	9094	25041	
1322	9170	25106	
1372	9216	24950	
1341	9066	25173	
1339	9222	25081	
1415	9188	25013	
1412	9155	25068	
1416	9218	24967	
1407	9413	24851	
1303	9278	25079	
1335	9301	24964	
1322	9141	25114	
1345	9100	25191	
1320	9252	25075	
1266	9197	25104	
1282	9199	25045	
1354	9309	25012	
1418	9232	24897	
1332	9183	25043	
1345	9370	24876	
1342	9329	24826	
1367	9248	25042	
1308	9021	25163	
1345	9116	24998	
1321	9111	25026	
1370	9114	25073	
1400	9250	24926	
1383	9229	25028	
1304	9270	25009	
1387	9157	25121	
1329	9156	25079	
1400	9290	24938	
1331	9112	25257	
1325	9230	24981	
1380	9266	24887	
1401	9198	24904	
1324	9164	25020	
1322	9202	25091	
1391	9260	25010	
1415	9103	24939	
1334	9268	24952	
1353	9160	25186	
1325	9242	25058	
1359	9054	25172	
1399	9274	24914	
1400	9136	25123	
1344	9177	25081	
1385	9190	24979	
1374	9067	25102	
1349	9240	24906	
1335	9277	24967	
1321	9154	25139	
1408	9134	25053	
1377	9143	25119	
1344	9103	24951	
1337	9095	25025	
1359	9267	24898	
1419	9189	25064	
1368	9171	25029	
1366	9120	25042	
1291	9034	25105	
1285	9189	25233	
1307	9367	24856	
1397	9186	24950	
1329	9204	24995	
1383	9258	24943	
1298	9364	24842	
1380	9212	25017	
1390	9106	25088	
1298	9167	25044	
1366	9092	25016	
1400	9247	25101	
1369	9283	24863	
1347	9109	25101	
1302	9117	25077	
1432	9111	25110	
1366	9177	25137	
1280	9254	25052	
1355	9188	25026	
1394	9057	25085	
1349	9218	25024	
1341	9123	25058	
1346	9198	25071	
1370	9303	24917	
1321	9197	25030	
1314	9156	25176	
1363	9138	25107	
1342	9208	25026	
1299	9178	25103	
1402	9208	25089	
1326	9316	25069	
1375	9178	25028	
1320	9200	24957	
1289	9223	25032	
1315	9389	24901	
1334	9124	24967	
1334	9125	25211	
1357	9120	25062	
1367	9052	25094	
1349	9168	25138	
1414	9086	25081	
1386	9055	25137	
1324	9194	25032	
1302	9247	25091	
1341	9196	24966	
1391	9250	25137	
1337	9294	24989	
1391	9273	24948	
1367	9197	25039	
1387	9133	25053	
1253	9225	25173	
1359	9149	25011	
1358	9222	25118	
1337	9228	24930	
1345	9169	25051	
1338	9256	24920	
1340	9185	24955	
1327	9411	24924	
1392	9247	24864	
1371	9103	24983	
1367	9169	24976	
1401	9018	25193	
1286	9214	24971	
1407	9195	25030	
1414	9170	25081	
1375	9211	24919	
1329	9231	25050	
1370	9210	25083	
1321	9275	24978	
1344	9240	24851	
1330	9127	24991	
1367	9166	25084	
1376	9277	24892	
1395	9061	25187	
1343	9171	24954	
1309	9269	24911	
1350	9181	25104	
1326	9283	24944	
1379	9259	24934	
1312	9122	25091	
1328	9098	25164	
1324	9174	24910	
1390	9199	24948	
1350	9221	25019	
1294	9263	25074	
1414	9114	25185	
1336	9375	24899	
1343	9230	25035	
1300	9292	24953	
1345	9266	25042	
1334	9321	24920	
1375	9159	25083	
1355	9363	24968	
1326	9238	25025	
1388	9126	25107	
1378	9163	24989	
1340	9272	25021	
1358	9081	25069	
1397	9182	25035	
1289	9171	25198	
1313	9404	24879	
1432	9139	25091	
1326	9226	24983	
1391	9273	24822	
1366	9324	24927	
1337	9183	25090	
1393	9087	25115	
1379	9221	25020	
1334	9291	24939	
1372	9263	24941	
1321	9207	25077	
1351	9325	24869	
1346	9204	25063	
1414	9288	24952	
1369	9161	25084	
1336	9060	25089	
1368	9095	25155	
1323	9224	25072	
1324	9152	24957	
1428	9281	25027	
1299	8973	25120	
1270	9002	25261	
1326	9249	24929	
1395	9168	25034	
1352	9129	25040	
1349	9218	24996	
1443	9095	25077	
1340	8960	25231	
1311	9225	25142	
1353	9014	25233	
1341	9201	25083	
1372	9125	25098	
1370	9347	24853	
1341	9178	25069	
1279	9283	24977	
1386	9201	24949	
1363	9108	25250	
1309	8993	25183	
1334	9344	24940	
1350	9255	24908	
1411	9057	25103	
1352	9282	24897	
1451	9156	24988	
1293	9313	24977	
1368	8990	25242	
1338	9224	25040	
1396	9239	24902	
1348	9278	24989	
1416	9219	24994	
1386	9204	25039	
1419	9268	24899	
1269	9143	25083	
1374	9180	25055	
1370	9106	25091	
1426	9346	24723	
1364	9221	25000	
1357	9214	25035	
1361	9188	24978	
1309	9247	24865	
1286	9202	24991	
1397	9225	25054	
1341	9223	25095	
1420	9249	24986	
1389	9315	24894	
1404	9215	24938	
1395	9228	24942	
1345	9133	25017	
1367	9161	25105	
1321	9147	25045	
1357	9206	25034	
1319	9146	25037	
1382	9113	25143	
1380	9139	24937	
1362	9151	24961	
1442	9231	24911	
1316	9218	25061	
1319	9179	25075	
1324	9092	25055	
1298	9195	25106	
1358	9216	24985	
1273	9278	25011	
1358	9199	24989	
1362	9245	24957	
1319	9224	24891	
1423	9097	25053	
1380	9096	25115	
1404	9100	25062	
1402	9166	24972	
1295	9292	25107	
1376	9190	24961	
1386	9258	25113	
1372	9116	24919	
1387	9175	25030	
1313	9243	25035	
1350	9050	25266	
1349	9235	25061	
1394	9171	24914	
1408	9207	24969	
1361	9134	25057	
1335	9249	25009	
1348	9151	24998	
1277	8945	25303	
1397	9133	24983	
1405	9201	24956	
1289	9270	25052	
1353	9302	24924	
1313	9331	24981	
1404	9068	24973	
1390	9174	25080	
1353	9320	24941	
1366	9244	24983	
1392	9094	25056	
1384	9203	25067	
1343	9144	25038	
1319	9185	24991	
1373	9186	25055	
1303	9204	24861	
1407	9242	25049	
1359	9176	25080	
1328	9341	24987	
1378	9042	25132	
1349	9163	25009	
1345	9260	25027	
1384	9180	24995	
1338	9325	24938	
1317	9182	25063	
1377	9246	24946	
1376	9260	25024	
1288	9311	24891	
1278	9130	25030	
1347	9206	24984	
1334	9115	25137	
1338	9100	25222	
1339	9220	24973	
1423	9384	24793	
1391	9003	25113	
1411	9087	25108	
1440	9163	24995	
1410	9288	24917	
1411	9205	25035	
1364	9079	25111	
1383	9200	25061	
1373	9080	25112	
1396	9191	25113	
1404	9218	25000	
1387	9176	24976	
1354	9299	24986	
1373	9142	25119	
1387	9267	24970	
1380	9225	24968	
1354	9058	25044	
1312	9224	25039	
1408	9109	25117	
1349	9237	24946	
1410	9221	25021	
1372	9202	25001	
1358	9221	24959	
1411	9216	25093	
1398	9261	24957	
1337	9317	24939	
1349	9175	25134	
1275	9077	25279	
1318	9025	25212	
1373	9196	25022	
1330	9295	24925	
1342	9155	24992	
1362	9347	24963	
1352	9302	25112	
1334	9270	24987	
1333	9141	25101	
1392	9153	24985	
1398	9215	25041	
1341	9011	25166	
1394	9285	24982	
1311	9327	24968	
1308	9235	25005	
1374	9258	24997	
1244	9134	25194	
1427	9134	25046	
1355	9194	24938	
1333	9256	25024	
1371	9157	25106	
1403	9226	24816	
1447	9358	24833	
1431	9123	25103	
1411	9225	25070	
1418	9176	25102	
1354	9302	25030	
1334	9373	24784	
1369	9257	24918	
1338	9162	25062	
1304	9105	25138	
1385	9064	25148	
1420	9332	24846	
1337	9099	25153	
1372	9037	25224	
1311	9241	25152	
1362	9167	25125	
1403	9179	25052	
1425	9155	25064	
1348	9274	25015	
1301	9296	24941	
1419	9167	24914	
1374	9168	25055	
1286	9145	25120	
1404	9119	25159	
1300	9240	25023	
1312	9306	24916	
1399	9211	24946	
1398	9188	25059	
1331	9240	24932	
1374	9187	25062	
1287	9179	25112	
1375	9204	25090	
1273	9235	25115	
1335	9331	24853	
1371	9063	25089	
1354	9269	24981	
1375	9191	25034	
1387	9243	25014	
1344	9228	24981	
1344	9191	24990	
1332	9391	24826	
1345	9308	24911	
1446	9255	25009	
1346	9262	25037	
1383	9234	24871	
1405	9125	25081	
1319	9320	24880	
1416	9180	25088	
1345	9135	25082	
1462	9130	25082	
1321	9156	25170	
1396	9170	25118	
1368	9153	25089	
1336	9141	25041	
1322	9148	25151	
1364	9110	25088	
1426	9274	24939	
1354	9182	25023	
1374	9278	24929	
1348	9091	25152	
1320	9130	25241	
1288	9189	25059	
1370	9371	24954	
1408	9150	25033	
1335	9298	24979	
1388	8943	25181	
1359	9265	25040	
1350	9112	25243	
1274	9278	24981	
1388	9217	25009	
1338	9334	24951	
1345	9171	25148	
1357	9174	25062	
1298	9297	25042	
1321	9076	25114	
1297	9098	25171	
1343	9290	24989	
1421	9146	24968	
1324	9244	24980	
1405	9224	25069	
1357	9081	25225	
1289	9183	25180	
1312	9156	25039	
1325	9216	24950	
1320	9206	25084	
1352	9189	25015	
1368	9127	25163	
1352	9135	25110	
1379	9128	25021	
1332	9241	24978	
1312	9056	25134	
1363	9218	24992	
1357	9266	25113	
1337	9295	24910	
1374	9088	25093	
1364	9214	25142	
1324	9196	25126	
1415	9338	24883	
1412	9138	24986	
1321	9414	24974	
1390	9061	25180	
1370	9215	24961	
1322	9366	24979	
1343	9137	25076	
1340	9289	25034	
1342	9196	25025	
1412	9243	25016	
1370	9084	25123	
1307	9055	25293	
1273	9186	25117	
1354	9070	25123	
1403	9197	25004	
1376	9140	25005	
1363	9056	25084	
1288	9189	25081	
1391	9198	25084	
1351	9216	25117	
1277	9116	25085	
1263	9232	25057	
1311	9305	24911	
1345	9175	25128	
1320	9150	25043	
1333	9075	25088	
1373	9037	25167	
1334	9164	25187	
1303	9177	25060	
1365	9212	25049	
1350	8942	25310	
1327	9197	24978	
1334	9168	25051	
1333	9245	25062	
1330	9402	24914	
1363	9373	24888	
1369	9309	24961	
1289	9072	25216	
1388	9279	24992	
1385	9266	25072	
1374	9267	25008	
1410	9205	24985	
1388	9170	24998	
1377	9282	24930	
1390	9157	25153	
1369	9171	25084	
1368	9221	24998	
1361	9218	25115	
1357	9240	24964	
1310	9040	25193	
1324	9126	25125	
1353	9198	25148	
1393	9228	25034	
1322	9320	25124	
1378	9268	24914	
1383	9129	25090	
1359	9196	25066	
1376	9123	25068	
1363	9154	24982	
1302	9160	25074	
1489	9114	24992	
1363	9066	25148	
1424	9185	25055	
1289	9306	25040	
1366	9101	25103	
1390	9123	25092	
1368	9180	25012	
1332	9115	25050	
1354	9078	25064	
1342	9171	25070	
1424	9189	25059	
1362	9151	25063	
1353	9213	24956	
1368	9196	25156	
1286	9164	25235	
1303	9217	25073	
1415	9276	24992	
1345	9150	25106	
1355	9187	25051	
1331	9136	25258	
1348	9141	25059	
1290	9176	25050	
1395	9139	25070	
1351	9281	24973	
1352	9224	24983	
1296	9339	24950	
1303	9304	24951	
1405	9074	25110	
1380	9141	25022	
1393	9108	25037	
1382	9188	24999	
1373	9151	25030	
1427	9160	25105	
1372	9268	24796	
1314	9188	25056	
1410	9229	24960	
1317	9138	25163	
1351	9112	25083	
1349	9168	25102	
1342	9237	25010	
1345	9170	25024	
1356	9030	25229	
1354	9287	24931	
1331	9133	25087	
1400	9141	25032	
1341	9170	25091	
1353	9262	25075	
1316	9262	25034	
1348	9172	25077	
1372	9163	24947	
1293	9093	25124	
1369	9157	25130	
1370	9259	25001	
1283	9277	24981	
1401	9196	24957	
1384	9201	25005	
1354	9258	24905	
1378	9329	24990	
1386	9162	25032	
1291	9155	25111	
1370	9308	24992	
1371	9286	24877	
1338	9226	25050	
1369	9137	25003	
1407	9126	25115	
1356	9231	25025	
1387	9141	25144	
1336	9168	25032	
1324	9200	25008	
1290	9237	25072	
1319	9160	25028	
1357	9122	25088	
1315	9101	25092	
1288	9249	25040	
1321	9221	25153	
1447	9301	24995	
1360	9107	25077	
1403	9257	25000	
1340	9210	25090	
1352	9162	24996	
1326	9077	25210	
1380	9149	25060	
1428	9040	25272	
1320	9218	24956	
1392	9233	25105	
1361	9240	25034	
1291	9080	25161	
1365	9119	25073	
1338	9081	25136	
1373	9323	24987	
1350	9130	25014	
1376	9374	24968	
1347	9203	24984	
1299	9190	25205	
1378	9137	25137	
1343	9061	25195	
1294	9266	24931	
1374	9131	25094	
1334	9192	25065	
1386	9144	25049	
1363	9137	24991	
1342	9137	25140	
1335	9021	25165	
1347	9276	25062	
1425	9135	25101	
1307	9065	25152	
1417	9119	25093	
1389	9237	25073	
1363	9095	25143	
1352	9183	24971	
1448	9291	24859	
1290	9006	25343	
1356	9274	25075	
1305	9216	25172	
1399	9147	25031	
1426	9036	25212	
1351	9126	25059	
1393	9242	25016	
1393	9138	25217	
1378	9095	25105	
1301	9276	24936	
1292	9152	25131	
1332	9364	24832	
1330	9167	25085	
1298	8968	25193	
1372	9157	25175	
1347	9192	25060	
1308	9109	25111	
1351	9231	24985	
1398	9200	25036	
1315	9235	25086	
1357	9199	24923	
1366	9076	25062	
1395	9274	24915	
1310	9129	25129	
1307	9175	25147	
1273	9210	25119	
1396	9265	25023	
1312	9174	25047	
1401	9373	24816	
1340	9151	25153	
1401	9322	24741	
1349	9171	25134	
1361	9276	24899	
1374	9254	24930	
1339	9148	25070	
1351	9091	25192	
1309	9257	24976	
1415	9136	25104	
1422	9257	24943	
1379	9044	25165	
1375	9064	25276	
1285	9245	25056	
1393	9074	25073	
1327	9156	25071	
1351	9158	25214	
1391	9159	24996	
1357	9183	25008	
1282	9308	25004	
1419	9176	25081	
1397	9147	25083	
1422	9190	25026	
1323	9332	24935	
1283	9314	25104	
1295	9095	25214	
1328	9150	25047	
1325	9264	25001	
1336	9158	24966	
1295	9165	24950	
1380	9204	24876	
1360	9175	25054	
1344	9107	25150	
1384	9167	25062	
1296	9155	25021	
1369	9128	25095	
1369	9188	25085	
1311	9282	25038	
1368	9146	25116	
1351	9122	25228	
1318	9114	25082	
1353	9105	25159	
1281	9217	25076	
1349	9219	24929	
1415	9116	25087	
1345	9252	24982	
1388	9137	25086	
1344	9158	25112	
1404	9181	25041	
1243	9199	25075	
1335	9193	25042	
1335	9105	25083	
1350	9283	24898	
1402	9041	25219	
1340	9145	25109	
1432	9281	24833	
1357	9110	25131	
1340	9129	25085	
1433	9259	25052	
1379	9152	25186	
1356	9137	25025	
1362	9108	25095	
1381	9116	25097	
1395	9274	24833	
1369	9341	24831	
1394	9190	25031	
1363	9212	25001	
1339	9164	25131	
1346	9028	25217	
1250	9154	25077	
1317	9125	25084	
1376	9235	25113	
1352	9062	25047	
1308	9193	25099	
1396	9152	25023	
1365	9174	25056	
1344	9156	25098	
1350	9288	24915	
1365	9109	25148	
1395	9332	24909	
1314	9174	25033	
1435	9189	24994	
1274	9093	25154	
1382	9338	24872	
1352	9096	25029	
1424	9050	25137	
1355	9307	24841	
1313	9221	25015	
1349	9190	25068	
1260	9184	25083	
1373	9084	25089	
1377	9118	25134	
1300	9214	25090	
1353	9225	25077	
1367	9202	25192	
1368	9100	25147	
1367	9185	25042	
1386	9270	24990	
1389	9228	24952	
1383	9299	24946	
1363	9172	24997	
1343	9277	25071	
1419	9099	25165	
1326	9159	25090	
1312	9293	24983	
1356	9181	25039	
1437	9407	24868	
1323	9152	25160	
1362	9219	24870	
1372	9024	25101	
1314	9216	25026	
1332	9062	25143	
1387	9276	24890	
1424	9143	25022	
1361	9284	25012	
1439	9199	24959	
1326	9297	24993	
1319	9137	25119	
1349	9077	25139	
1379	9141	25048	
1369	9136	25015	
1328	9147	25130	
1344	9224	25006	
1369	9251	25154	
1346	9207	25093	
1451	9262	24917	
1357	9297	24812	
1357	9223	25081	
1446	9107	25066	
1354	9254	25121	
1332	9049	25061	
1365	9175	25061	
1380	9234	25024	
1339	9200	25064	
1317	9054	25148	
1332	9289	25048	
1348	9231	24942	
1353	9253	24946	
1334	9124	25081	
1370	9320	24920	
1325	9124	25068	
1387	9029	25202	
1354	9189	25079	
1391	9298	24904	
1340	9168	25040	
1364	9231	25053	
1387	9421	24982	
1326	9281	25049	
1285	9217	24957	
1409	9223	24910	
1371	9283	24958	
1320	9192	25100	
1374	9223	24974	
1313	9272	24973	
1358	9104	25041	
1412	9172	24989	
1302	9215	25071	
1390	9221	25141	
1290	9236	25000	
1357	9285	24886	
1421	9138	24963	
1368	9178	25042	
1351	9249	25015	
1396	9233	25015	
1353	9106	25059	
1349	9213	25075	
1332	9198	25043	
1329	9209	25027	
1294	9183	25013	
1390	9222	25084	
1358	9133	25066	
1384	9122	25081	
1355	9247	25034	
1373	9283	25088	
1358	9123	25143	
1351	9224	25031	
1385	9079	25227	
1270	9081	25164	
1259	9298	25049	
1343	9216	24999	
1312	9332	25011	
1394	9259	24886	
1293	9256	25043	
1352	9086	25039	
1359	9239	24983	
1338	9175	25076	
1439	9301	24860	
1308	9285	25175	
1333	9337	24999	
1345	9053	25121	
1368	9186	25012	
1300	9237	25049	
1342	9098	25282	
1354	9185	25030	
1338	9045	25038	
1416	9345	24818	
1335	9226	25115	
1392	9153	25057	
1420	9214	25088	
1261	9172	25153	
1408	9223	25023	
1351	9319	24943	
1387	9157	25032	
1282	9166	25202	
1443	9127	24981	
1361	9146	25024	
1331	9231	25037	
1354	9193	25011	
1280	9276	25007	
1366	9132	25116	
1360	9082	25183	
1336	9200	25065	
1396	9232	24887	
1346	9145	25030	
1355	9117	25086	
1329	9124	25275	
1398	9206	24935	
1421	9166	25079	
1337	9171	25060	
1358	9234	25053	
1351	9106	24999	
1308	9208	25038	
1294	9099	25156	
1374	9218	24982	
1297	9211	25095	
1340	9242	24986	
1306	9168	25060	
1378	9177	25077	
1323	9310	24891	
1402	9174	25038	
1382	9285	24951	
1415	9230	24935	
1292	9154	25119	
1362	9102	25056	
1359	9151	25046	
1322	9199	24946	
1345	9172	25087	
1309	9251	25054	
1340	9141	25074	
1317	9135	25107	
1358	9310	24896	
1404	8906	25165	
1302	9130	25149	
1422	9223	25068	
1331	9336	25057	
1359	9098	25168	
1326	9131	25175	
1399	9158	25092	
1391	9143	25066	
1335	9128	25110	
1385	9121	24975	
1382	9251	25009	
1379	9191	25129	
1353	9370	24885	
1394	9452	24849	
1435	9182	24962	
1255	9216	25058	
1374	9141	25087	
1364	9187	24921	
1373	9260	24972	
1370	9135	25091	
1325	9156	25196	
1366	9101	25106	
1366	9285	25012	
1339	9105	25174	
1375	9270	25004	
1390	9194	25051	
1305	9091	25222	
1254	9143	24996	
1400	9259	24940	
1421	9067	25061	
1322	9231	25007	
1363	9229	25031	
1337	9238	25014	
1331	9265	24955	
1289	9241	25017	
1346	9252	24946	
1412	9095	25108	
1387	9176	25101	
1363	9170	25147	
1342	9171	25042	
1337	9143	25121	
1313	9306	25010	
1405	9325	24817	
1327	9207	25038	
1318	9118	25091	
1353	9129	25079	
1309	9188	25144	
1337	9079	25193	
1308	9269	25156	
1350	9224	25035	
1367	9125	25141	
1408	9276	25045	
1311	9236	25127	
1334	9223	24883	
1376	9232	25044	
1349	9334	24924	
1301	9286	24941	
1419	9142	25046	
1370	9253	25024	
1358	9108	25112	
1340	9210	24980	
1363	9215	24969	
1297	9181	25107	
1326	9251	24901	
1408	9081	25250	
1366	9116	25146	
1337	9208	25088	
1338	9252	24985	
1367	9097	25119	
1330	9226	24945	
1336	9168	25078	
1332	9073	25222	
1387	9178	25045	
1359	9184	25097	
1353	9251	25004	
1350	9260	24962	
1339	9335	24884	
1330	9127	25172	
1339	9197	25060	
1288	9037	25157	
1374	9254	24976	
1383	9299	25005	
1334	9181	24958	
1374	9091	25246	
1343	9155	25105	
1250	9268	25010	
1457	9269	25056	
1363	9238	24952	
1250	9333	24936	
1303	9170	24933	
1391	9220	24927	
1367	9142	25073	
1376	9127	25029	
1352	9223	25099	
1347	9107	25074	
1383	9146	25007	
1321	9167	25136	
1329	9235	25034	
1360	9218	25002	
1321	9314	24933	
1304	9391	24868	
1438	9212	24881	
1349	9191	25059	
1374	9248	25053	
1378	9129	24991	
1370	9252	24917	
1376	9227	24962	
1416	9330	24953	
1319	9202	24990	
1366	9150	25136	
1353	9033	25346	
1373	9322	24937	
1316	9214	25024	
1397	9196	25010	
1365	9149	25080	
1359	9097	25137	
1396	9335	24875	
1358	9040	25171	
1286	9241	25046	
1430	9193	24973	
1390	9212	25035	
1292	9196	25067	
1400	9170	25018	
1358	9215	25053	
1387	9184	25045	
1530	9258	24857	
1364	9144	25145	
1355	9273	25053	
1323	9164	25188	
1374	9238	24866	
1366	9119	25022	
1369	9163	25063	
1407	9035	25190	
1300	9129	25110	
1336	9246	25077	
1249	9124	25229	
1365	9172	25124	
1385	9174	25115	
1407	9180	25025	
1321	9201	25053	
1321	9182	25028	
1347	9201	25056	
1367	9213	25076	
1348	9350	24977	
1361	9453	24856	
1407	9182	25208	
1268	9203	25073	
1422	9123	25009	
1346	9304	24948	
1383	9249	24907	
1388	9319	24891	
1374	9107	25182	
1273	9339	25043	
1343	9340	24875	
1395	9135	25123	
1299	9226	25058	
1344	9145	25044	
1352	9130	25106	
1364	9223	25011	
1366	9221	24957	
1355	9209	25017	
1388	9285	25080	
1366	9224	25071	
1353	9169	25101	
1353	9203	24956	
1370	9116	25137	
1411	9064	25231	
1348	9237	24996	
1299	9247	24997	
1309	9061	25203	
1311	9192	25043	
1371	9365	24864	
1384	9170	25113	
1399	9238	25046	
1378	8988	25107	
1330	9042	25195	
1365	9051	25172	
1347	9225	25102	
1320	9221	24900	
1331	9138	25092	
1395	9171	24969	
1389	9181	25007	
1352	9312	24945	
1313	9204	25029	
1327	9152	25061	
1423	9294	24923	
1265	9420	24945	
1331	9192	24859	
1403	9212	25022	
1423	9306	24886	
1321	9364	24944	
1269	9249	24933	
1292	9136	25041	
1399	9239	24973	
1357	9359	24999	
1377	9322	24958	
1351	9232	25004	
1361	9271	24952	
1392	9230	24929	
1305	9181	25120	
1323	9191	25177	
1278	9221	24970	
1391	9071	25274	
1342	9262	24911	
1305	9206	25046	
1270	9187	25105	
1330	9238	24972	
1389	9103	25031	
1399	9220	24964	
1399	9382	24929	
1444	9108	25098	
1328	9217	25090	
1362	9266	24945	
1338	9087	25182	
1428	9083	25197	
1342	9138	25088	
1398	9096	25066	
1340	9174	25024	
1288	9222	25032	
1452	9185	24972	
1324	9250	24961	
1305	9271	24912	
1381	9226	25000	
1356	9239	24912	
1383	9235	25062	
1380	9170	25018	
1367	9108	25073	
1327	9233	25012	
1368	9148	25184	
1330	9149	25098	
1355	9223	25067	
1398	8946	25139	
1444	9308	24860	
1389	9200	24989	
1418	9318	24910	
1329	9289	24923	
1299	9134	25018	
1367	9376	24815	
1361	9126	24972	
1349	9246	24989	
1349	9315	25026	
1358	9257	24968	
1307	9159	25195	
1378	9120	25195	
1388	9158	25081	
1365	9412	24924	
1379	9088	25108	
1368	9258	24882	
1361	9104	25085	
1406	9190	25088	
1373	9183	24994	
1395	9184	25130	
1285	9195	25040	
1276	9187	25167	
1296	9197	25060	
1332	9197	25043	
1394	9233	25095	
1340	9201	24969	
1348	9112	25114	
1283	9088	25119	
1334	9227	25056	
1365	9317	25006	
1376	9247	24866	
1275	9100	25147	
1402	9257	25007	
1318	9243	25057	
1405	9059	25056	
1382	9196	24975	
1318	9264	24999	
1377	9155	24994	
1372	9121	25147	
1388	9145	25170	
1279	9324	24952	
1361	9242	25029	
1326	8979	25248	
1354	9259	25088	
1375	9228	25024	
1396	9129	25098	
1330	9022	25271	
1299	9260	25132	
1355	9024	25246	
1353	9144	25134	
1345	9128	25073	
1322	9303	24968	
1299	9209	25055	
1374	9254	25007	
1325	9206	25047	
1368	9026	25298	
1329	9174	25037	
1352	9268	25035	
1347	9062	25098	
1391	9127	25051	
1384	9221	24941	
1328	9078	25251	
1398	9190	24969	
1373	9268	24987	
1367	9127	25018	
1355	9227	24976	
1421	9240	24936	
1307	9264	24949	
1390	9049	25273	
1354	9389	24836	
1371	9201	24996	
1341	9169	25254	
1319	9183	25095	
1331	9294	24983	
1403	9114	25078	
1396	9203	24976	
1319	8965	25302	
1342	9102	25051	
1362	9349	24786	
1268	9199	25166	
1352	9157	25080	
1336	9182	25174	
1308	9205	25082	
1416	9240	25047	
1269	9194	25078	
1375	9106	25147	
1310	9209	24926	
1462	9114	25071	
1318	9174	24946	
1366	9169	25072	
1393	9304	24881	
1344	9211	25059	
1324	9279	24973	
1344	9158	25043	
1390	9102	25144	
1353	9251	24905	
1327	9169	25035	
1296	9063	25163	
1403	9009	25028	
1401	9201	25051	
1414	9241	24999	
1419	9112	25148	
1334	9330	25045	
1325	9276	25113	
1370	9224	24975	
1325	8998	25264	
1389	9272	24973	
1403	9210	25076	
1337	9308	24931	
1345	9224	24957	
1344	9306	24996	
1252	9208	24986	
1402	9145	24981	
1397	9244	25014	
1346	9254	25064	
1309	9274	25071	
1464	9152	25057	
1364	9280	24886	
1363	9281	24991	
1339	9179	25004	
1374	9110	25018	
1363	9307	24969	
1394	9049	25197	
1377	9202	25080	
1364	9236	25007	
1408	9082	25136	
1320	9118	25125	
1331	9341	24976	
1308	9147	25170	
1324	9225	24905	
1319	9195	25165	
1351	9175	25077	
1420	9258	24899	
1412	9244	24952	
1447	9200	25068	
1195	9328	24952	
1370	9106	25166	
1413	9270	24900	
1258	9318	24935	
1358	9142	25166	
1373	9202	25053	
1342	9218	24938	
1340	9011	25267	
1360	9235	25022	
1362	9245	24869	
1342	9281	25003	
1313	9112	25202	
1398	9061	25239	
1343	9122	25139	
1410	9081	25001	
1343	9323	24970	
1374	9179	25010	
1411	9191	25053	
1357	9152	25182	
1342	9350	24816	
1370	9126	25055	
1270	9338	25045	
1334	9352	24971	
1305	9181	25016	
1456	9162	25031	
1256	9185	25174	
1359	9254	25035	
1395	9242	24944	
1378	9228	24946	
1341	9193	25086	
1293	9267	25022	
1402	9285	25031	
1285	9248	25037	
1401	9282	24899	
1286	9215	25048	
1429	9106	24932	
1397	9042	25105	
1410	9224	25026	
1311	9137	25064	
1342	9053	25080	
1355	9203	25139	
1323	9106	25178	
1365	9239	24998	
1357	9132	25198	
1339	9263	24923	
1290	9216	25085	
1381	9318	24987	
1336	9194	25016	
1310	9101	25115	
1322	9204	25091	
1326	9136	25099	
1309	9207	25059	
1344	9082	25211	
1328	9273	24907	
1287	9147	25183	
1314	9178	25171	
1370	9207	25093	
1316	9247	25011	
1402	9123	25090	
1283	9354	24964	
1392	9145	25256	
1344	9210	25078	
1383	9083	25103	
1366	9217	25006	
1460	9209	25095	
1322	9162	25147	
1366	9181	25051	
1314	9057	25154	
1343	9259	25007	
1423	8965	25182	
1292	9306	24971	
1372	9180	25074	
1339	9128	25246	
1349	9298	24918	
1390	9302	24873	
1418	9227	25041	
1363	9175	25122	
1377	9185	25027	
1292	9200	25168	
1332	9122	25082	
1355	9285	24975	
1350	9294	24984	
1381	9382	24858	
1333	9113	25143	
1285	9150	25123	
1408	9149	25008	
1283	9256	25011	
1394	9167	25055	
1332	9124	25032	
1386	9292	25093	
1341	9167	25135	
1366	9393	24990	
1355	9105	25122	
1356	9293	24973	
1402	9042	25217	
1321	9129	25063	
1348	9107	25111	
1320	9275	24978	
1384	9179	25043	
1355	9331	24889	
1334	9156	25128	
1378	9185	24992	
1331	9232	25013	
1345	9147	25099	
1323	9198	25005	
1356	9127	25102	
1380	9232	24991	
1303	9378	24987	
1402	9063	25154	
1326	9255	25037	
1417	9015	25163	
1324	9116	25058	
1356	9167	25084	
1416	9150	25101	
1330	9194	25018	
1416	9325	24903	
1358	9230	24987	
1408	9245	24959	
1324	9382	24990	
1422	9281	24990	
1371	9145	25076	
1356	9312	24921	
1357	9268	24853	
1337	9307	25025	
1335	9205	25045	
1318	9175	25078	
1317	9167	25057	
1351	9297	24986	
1318	9161	25114	
1328	9143	25016	
1388	9187	24983	
1339	9189	24965	
1350	9132	25042	
1335	9297	24941	
1343	9048	25158	
1411	9116	25029	
1336	9113	25207	
1294	9128	25164	
1394	9252	24869	
1344	9128	25127	
1332	9295	25053	
1337	9219	24945	
1394	9184	25077	
1387	9122	25120	
1331	9252	24983	
1330	9162	25066	
1369	9138	25050	
1393	8891	25327	
1367	9093	25016	
1355	9251	24977	
1378	9188	25086	
1352	9045	25174	
1399	9128	25002	
1337	9197	25104	
1307	9310	24989	
1410	9103	25164	
1381	9224	25047	
1364	9230	25055	
1348	9222	25026	
1361	9246	24967	
1362	9097	25143	
1321	9166	25112	
1375	9146	24940	
1311	9194	25039	
1334	9269	24924	
1358	9178	25013	
1356	9204	25044	
1360	9296	24992	
1348	9148	25082	
1327	9212	25091	
1339	9077	25206	
1327	9216	25120	
1348	9085	25143	
1356	9320	24938	
1302	9211	25039	
1408	9188	25075	
1321	9203	25037	
1328	9176	25073	
1380	9174	25014	
1415	9190	24965	
1342	9140	25198	
1383	9154	25080	
1333	9367	25004	
1320	9234	25095	
1316	9303	24987	
1350	9106	25094	
1320	9147	25032	
1389	9316	24988	
1328	9160	25103	
1356	9226	25054	
1373	9219	25158	
1376	9363	24817	
1291	9271	24876	
1350	9231	25027	
1382	9048	25146	
1418	9304	25061	
1369	9255	24999	
1345	9221	25005	
1316	9289	24936	
1374	9238	24979	
1319	9108	25067	
1421	9249	24895	
1313	9135	25189	
1343	9337	24907	
1317	9090	25038	
1339	9090	25144	
1374	9136	25175	
1360	9256	24952	
1372	9252	24981	
1372	9169	25099	
1416	9162	25049	
1364	9282	24921	
1345	9182	25103	
1366	9148	25102	
1403	9278	24998	
1309	9264	24974	
1326	9282	24918	
1369	9128	25127	
1384	9098	25254	
1381	9114	25224	
1311	9198	24962	
1333	9225	25083	
1382	9133	24989	
1346	9190	24987	
1279	9486	24673	
1321	9335	24936	
1347	9236	25142	
1342	9140	25012	
1349	9294	24992	
1318	9186	25099	
1320	9223	25064	
1394	9153	25016	
1301	9292	24970	
1321	9174	25094	
1312	9305	24974	
1353	9109	25079	
1376	9172	24995	
1314	9256	25091	
1347	9291	24931	
1350	9252	24925	
1273	9124	25195	
1336	9098	25207	
1359	9007	25109	
1382	9264	24867	
1407	9098	25011	
1295	9105	25228	
1366	9178	24990	
1301	9241	25106	
1357	9071	25130	
1326	9014	25125	
1306	9318	24867	
1351	9182	25002	
1389	9493	24735	
1353	9284	24929	
1346	9256	25126	
1330	9217	25023	
1326	9023	25260	
1406	9051	25118	
1408	9146	25001	
1372	9236	25040	
1360	9188	24980	
1333	9256	25053	
1344	9213	25139	
1249	9412	24922	
1316	9169	24971	
1328	9241	24920	
1350	9198	25020	
1310	9104	25108	
1385	9246	24972	
1362	9259	25110	
1317	9113	25163	
1358	9183	25027	
1396	9229	24918	
1360	9019	25179	
1315	9197	25111	
1295	9241	24935	
1352	9217	25129	
1293	9149	25038	
1331	9211	25013	
1395	9189	24959	
1431	9190	24995	
1385	9163	25100	
1296	9161	25141	
1379	9308	25067	
1363	9142	25046	
1429	9142	25007	
1388	9211	25069	
1354	9246	24926	
1349	9131	25113	
1365	9092	25210	
1339	9315	24932	
1383	9212	25054	
1381	9196	24978	
1339	9231	25022	
1350	9103	25182	
1326	9137	25037	
1393	9140	25141	
1421	9177	25061	
1349	9311	24953	
1373	9186	24996	
1346	9279	24968	
1332	9035	25311	
1318	9170	25072	
1374	9317	24908	
1368	9170	24981	
1298	9085	25134	
1394	9258	25001	
1402	9278	24874	
1241	9275	25002	
1349	9285	24977	
1340	9092	25003	
1364	9146	25193	
1316	9082	25150	
1395	9174	25020	
1359	9135	25033	
1355	9272	24945	
1434	9274	24987	
1335	9276	24927	
1396	9249	24987	
1275	9149	25184	
1388	9251	24924	
1357	9149	25085	
1301	9188	25133	
1386	9175	24982	
1346	9306	24961	
1394	9073	25229	
1369	9165	25143	
1357	9267	24931	
1309	9294	24987	
1324	9192	25125	
1371	9293	24877	
1364	9109	25084	
1317	9168	25156	
1335	9168	25055	
1385	9218	25008	
1370	9129	25101	
1334	9217	25097	
1343	9088	25023	
1374	9328	24924	
1378	9160	24926	
1330	9368	24829	
1378	9155	25093	
1365	9125	25059	
1341	9196	25049	
1374	9245	24987	
1444	9160	24994	
1373	9112	25008	
1413	9102	25223	
1351	9148	25060	
1326	9098	25179	
1287	9014	25221	
1331	9263	24929	
1341	9245	24928	
1350	9160	25109	
1311	9146	25157	
1287	9227	25064	
1448	9198	24984	
1357	9150	25065	
1327	9194	25093	
1342	9165	25098	
1346	9198	25026	
1366	9310	24858	
1342	9239	24996	
1325	9182	25098	
1420	9187	24971	
1390	9251	24929	
1395	9241	24987	
1361	9215	25007	
1342	9346	24976	
1366	9197	25049	
1334	9156	25132	
1393	9305	24996	
1311	9191	25058	
1315	9147	25141	
1338	8967	25208	
1348	9334	25070	
1357	9244	25016	
1277	9024	25140	
1343	9125	25094	
1395	9307	24928	
1327	9143	25067	
1350	9223	24902	
1261	9179	25182	
1435	9024	25171	
1366	9198	25060	
1375	9307	24875	
1331	9224	24900	
1408	9277	24856	
1356	9015	25190	
1345	9210	24974	
1383	9097	24941	
1314	9124	25155	
1344	9286	24977	
1273	9247	25028	
1352	9041	25247	
1352	9099	25229	
1355	9207	24939	
1399	9194	25040	
1300	9213	25041	
1355	9298	24975	
1393	9131	25079	
1436	9325	24919	
1360	9081	25236	
1390	9185	25028	
1340	9237	24959	
1366	9358	24918	
1367	9305	25015	
1378	9106	25154	
1295	9338	25032	
1326	9356	24892	
1326	9406	24869	
1421	9237	25000	
1326	9159	25164	
1343	9184	25187	
1373	9118	24996	
1348	9182	25027	
1364	9211	25058	
1384	9379	24888	
1381	9268	24998	
1323	9099	25154	
1437	9188	24895	
1375	9254	24987	
1316	9199	25072	
1379	9208	24923	
1331	9166	25074	
1401	9249	24936	
1379	9120	25042	
1360	9192	25070	
1366	9064	25249	
1372	9366	24823	
1406	9121	25157	
1399	9119	25014	
1374	9164	25177	
1335	9156	25161	
1340	9356	24910	
1366	9176	24984	
1285	9198	25010	
1393	9212	24947	
1378	9134	25153	
1395	9185	25115	
1363	9239	24977	
1318	9171	25213	
1340	9005	25308	
1351	9453	24809	
1312	9251	25150	
1283	9148	25124	
1374	9260	25013	
1360	9230	25012	
1321	9210	25037	
1340	9227	25006	
1370	9115	25047	
1328	9132	25108	
1353	9260	25041	
1370	9133	25046	
1373	9191	24996	
1333	9142	25062	
1380	9140	25053	
1381	9184	25067	
1264	9160	25137	
1356	9164	25150	
1398	9385	24895	
1326	9258	24921	
1293	9227	25161	
1321	9370	24853	
1348	9061	25254	
1375	9274	24947	
1310	9117	25123	
1335	8992	25199	
1291	9155	25131	
1397	9266	24874	
1404	9166	24934	
1329	9117	25064	
1273	9109	25222	
1379	9196	25079	
1377	9029	25119	
1353	9363	24917	
1356	9268	24971	
1371	9326	24949	
1335	9112	25083	
1386	9196	24932	
1286	9158	25135	
1383	9403	24889	
1356	9234	24976	
1411	9148	25118	
1343	9197	25201	
1391	9231	25011	
1373	9121	25063	
1373	9236	24987	
1331	9372	24966	
1343	9247	24913	
1439	9228	25100	
1317	9179	25033	
1392	9050	25162	
1413	9104	25178	
1350	9168	25029	
1358	9140	25172	
1276	9160	25156	
1328	9134	25121	
1377	9222	25004	
1335	9212	25110	
1335	9189	25124	
1297	9253	25059	
1386	9184	24951	
1399	9043	25054	
1287	9149	25078	
1362	9278	25068	
1332	9034	25089	
1382	9220	25053	
1374	9123	25032	
1348	9155	25103	
1324	9105	25226	
1342	9198	24949	
1375	9241	24970	
1286	9149	25099	
1353	9217	25102	
1430	9153	25003	
1340	9197	25093	
1362	9237	25045	
1329	9154	24996	
1369	9273	24991	
1317	9302	25006	
1342	9148	25131	
1370	9262	24871	
1372	9260	24977	
1351	9277	24984	
1334	9216	25045	
1315	9084	25088	
1358	9175	25176	
1355	9104	25161	
1315	9306	25013	
1350	9091	25226	
1310	9339	24960	
1393	9228	24980	
1323	9255	25027	
1352	9248	25081	
1336	9180	25132	
1301	9243	24940	
1340	9068	25163	
1379	9236	25106	
1353	9127	25112	
1345	9169	25168	
1326	9291	24917	
1430	9288	24986	
1379	9027	25192	
1348	9216	25059	
1394	9203	25067	
1344	9171	25125	
1385	9277	24975	
1303	9379	24939	
1304	9179	25020	
1329	9258	25017	
1298	9158	25173	
1370	9000	25240	
1407	8994	25058	
1307	9341	24909	
1366	9189	25113	
1392	9180	25047	
1373	9376	24752	
1402	9201	25133	
1359	9233	24961	
1429	9166	24966	
1360	9254	24880	
1410	9337	24889	
1367	9248	24992	
1310	9207	25024	
1373	9228	24960	
1329	9262	25040	
1391	8994	25205	
1371	9166	25073	
1389	9239	25070	
1350	9195	25089	
1376	9405	24940	
1370	9113	25154	
1362	9109	25125	
1326	9255	24960	
1422	9082	25141	
1328	9237	25064	
1347	9142	25066	
1368	9255	25022	
1272	9267	25062	
1344	9258	25080	
1299	9240	24947	
1324	9280	24827	
1348	9170	25093	
1319	9190	25044	
1339	9217	24967	
1386	9332	24871	
1371	9100	25182	
1391	9172	25132	
1374	9147	25014	
1367	9131	25050	
1327	9331	24807	
1359	9290	24875	
1359	9281	24897	
1320	9322	25017	
1316	9262	25009	
1337	9183	25028	
1284	9125	25196	
1335	9237	25112	
1339	9137	25013	
1363	9312	25000	
1366	9300	24882	
1310	9345	24896	
1354	9111	25061	
1386	9284	24984	
1399	9155	25106	
1381	9169	25040	
1398	9163	25073	
1361	9151	25068	
1373	9107	25091	
1352	9222	24930	
1343	9141	25186	
1327	9224	24947	
1274	9158	25068	
1360	9221	25072	
1333	9217	25017	
1330	9252	24888	
1328	9170	25163	
1352	9018	25177	
1334	9162	25029	
1349	9215	24978	
1363	9155	25028	
1377	9228	25051	
1355	9206	24942	
1327	9289	24961	
1419	9117	25178	
1297	9183	25010	
1344	9129	25150	
1325	9117	25126	
1325	9210	24949	
1345	9226	25026	
1382	9241	25005	
1349	9202	25099	
1313	9325	24997	
1368	9215	24978	
1327	9137	25193	
1371	9079	25161	
1363	9266	24890	
1373	9194	25091	
1329	9239	25040	
1326	9221	25065	
1353	9050	25151	
1379	9202	24901	
1326	9203	25140	
1377	9248	24973	
1360	9137	25179	
1350	9174	25143	
1445	9213	25053	
1345	9298	25020	
1374	9159	25078	
1346	9245	25068	
1361	9342	25000	
1366	9044	25169	
1317	9375	24951	
1371	9234	24974	
1346	9226	24993	
1322	9274	25030	
1386	9191	25136	
1370	9298	25040	
1339	9293	24920	
1368	9181	25050	
1406	9123	25122	
1379	9052	25167	
1357	9007	25259	
1393	9277	24954	
1395	9200	25031	
1345	9301	24999	
1308	9246	24932	
1382	9100	25171	
1329	9155	25144	
1399	9239	24968	
1336	9031	25262	
1376	9200	25022	
1375	9287	25008	
1357	9178	25041	
1319	9283	25149	
1319	9284	25000	
1339	9205	24895	
1382	9210	25059	
1391	9159	25086	
1365	9143	25166	
1371	9155	24980	
1362	9306	24948	
1386	9216	24921	
1348	9213	25016	
1322	9206	25030	
1332	9210	25155	
1368	9087	25071	
1381	9283	25037	
1290	9291	24955	
1403	9127	25079	
1326	9220	25128	
1343	9260	24933	
1374	9234	24911	
1309	9281	24905	
1380	9142	25167	
1348	9091	25178	
1318	9257	24920	
1346	9102	25115	
1333	9068	25248	
1327	9019	25173	
1372	9079	25175	
1325	9228	24925	
1355	9333	24966	
1344	9281	24992	
1341	9264	24967	
1342	9125	25117	
1342	9093	25086	
1413	9131	25040	
1431	9087	25059	
1367	9170	25112	
1411	9199	25048	
1383	9087	25120	
1319	9121	25113	
1353	9287	24930	
1287	9152	25155	
1313	9137	25071	
1363	9403	24939	
1333	9101	25127	
1280	9097	25284	
1358	9037	25172	
1407	9315	24950	
1383	9042	25139	
1362	9202	25040	
1311	9245	24997	
1308	9231	24964	
1347	9195	25019	
1345	9121	25066	
1400	9305	24980	
1399	9105	25130	
1389	9246	24986	
1398	9188	25080	
1407	9180	24948	
1270	9297	25048	
1380	8951	25328	
1332	9255	25029	
1351	9211	25042	
1379	9238	25080	
1344	9218	25096	
1394	9174	25123	
1369	9323	24990	
1289	9292	24913	
1426	9123	24997	
1386	9110	25164	
1376	9361	24885	
1349	9231	24953	
1341	9215	24975	
1358	9214	25008	
1345	9338	24970	
1326	9141	25082	
1362	9135	25154	
1358	9224	25004	
1329	9047	25137	
1380	9055	25114	
1336	9206	25088	
1372	9234	25084	
1365	9190	25020	
1379	9044	25174	
1331	9278	25093	
1325	9276	24916	
1315	9116	25153	
1411	9201	24981	
1387	9115	25092	
1354	9266	25057	
1379	9253	25023	
1379	9302	24952	
1296	9090	25018	
1367	9270	25087	
1363	9160	25054	
1371	9249	25114	
1360	9135	25106	
1320	9140	25146	
1404	9155	24960	
1435	9259	24943	
1361	9031	25185	
1364	9181	25218	
1336	9284	24954	
1362	9149	24996	
1382	9277	25008	
1436	9150	24935	
1353	9223	25064	
1370	9128	25001	
1300	9267	24981	
1305	9101	25276	
1313	9265	25036	
1309	9222	25191	
1423	9218	24942	
1351	9324	24899	
1308	9089	25267	
1425	9208	25016	
1378	9033	25159	
1355	9205	25034	
1419	9111	25145	
1388	9267	24941	
1372	9029	25303	
1321	9159	25203	
1343	9209	25001	
1294	9323	24957	
1393	9068	25018	
1365	9173	24955	
1268	9108	25095	
1395	9102	25119	
1375	9136	25003	
1372	9308	24957	
1352	9271	25008	
1381	9323	25104	
1373	9215	25082	
1376	9307	25004	
1338	9209	25015	
1348	9109	25142	
1359	9170	24963	
1347	9082	25121	
1366	9079	25180	
1310	9074	25127	
1278	9224	25043	
1404	9249	24912	
1410	9372	24815	
1359	9304	24959	
1384	9262	24959	
1391	9237	24985	
1398	9129	25177	
1376	9140	25139	
1321	9174	25013	
1302	9098	25155	
1307	9103	25229	
1390	9184	24950	
1344	9214	25059	
1383	9258	24966	
1331	9071	25041	
1367	8959	25196	
1319	9091	25058	
1349	9153	25143	
1408	9137	25107	
1373	9053	25079	
1365	9180	25149	
1402	9261	25046	
1456	9131	25070	
1366	9071	25055	
1378	9201	25107	
1349	9176	24927	
1327	9102	25182	
1359	9215	25117	
1380	9137	24933	
1383	9157	24939	
1363	9350	24885	
1309	9260	24989	
1377	9137	25169	
1423	9236	25066	
1360	9220	24930	
1385	9232	24983	
1344	9176	25056	
1394	9290	25034	
1329	9228	25097	
1396	9166	25057	
1325	9195	25062	
1439	9301	24900	
1403	9210	25096	
1282	9238	25041	
1383	9130	25003	
1356	9264	24964	
1283	9193	25096	
1338	9242	25056	
1370	9340	24913	
1322	9170	25121	
1364	9141	25082	
1381	9106	25128	
1356	9006	25147	
1295	9042	25265	
1317	8940	25242	
1391	9162	25089	
1334	9276	24958	
1371	8947	25252	
1383	9287	24924	
1326	9136	25083	
1360	9265	24920	
1399	9138	25086	
1341	9354	24913	
1358	9105	25050	
1427	9208	25067	
1382	9022	25195	
1350	9106	25161	
1318	9350	24952	
1318	9256	25014	
1345	9175	25191	
1397	9155	25079	
1386	9202	25046	
1325	9101	25103	
1407	9059	25026	
1393	9074	25096	
1354	9264	24830	
1371	9059	25152	
1387	9119	25043	
1374	9319	24909	
1335	9161	25147	
1361	9292	24986	
1330	9244	25050	
1360	9044	25203	
1380	9211	25065	
1368	9287	24955	
1395	9092	25095	
1403	9151	25069	
1392	9267	25055	
1385	9030	25119	
1353	9233	25066	
1243	9263	25076	
1373	9177	25082	
1387	9241	25005	
1379	9213	25029	
1357	9052	25246	
1390	9340	24936	
1435	9212	24928	
1357	9040	25151	
1331	9121	25156	
1371	9131	24915	
1367	9357	24925	
1383	9287	24907	
1389	9154	24987	
1313	9051	25090	
1407	9153	25081	
1324	9325	24848	
1328	9126	25080	
1372	9283	24964	
1311	9069	25066	
1301	9201	25132	
1358	9063	25061	
1319	9266	24910	
1353	9096	25003	
1424	9295	24962	
1372	9142	25050	
1394	9146	25138	
1300	9118	25143	
1332	9356	24980	
1341	9134	25118	
1366	9027	25220	
1338	9332	24909	
1356	9161	25002	
1320	9259	25053	
1314	9227	24936	
1370	9174	25071	
1341	9212	25046	
1317	9263	24965	
1370	9025	25245	
1367	9178	25146	
1382	9344	24905	
1391	9101	25147	
1372	9139	25039	
1349	9218	24922	
1387	9247	24994	
1383	9102	25082	
1346	9303	24914	
1407	9050	25065	
1295	9151	25022	
1296	9266	24925	
1410	9115	25051	
1341	8994	25116	
1262	9110	25109	
1362	9324	24949	
1384	9089	25087	
1349	9191	25006	
1376	9333	24920	
1342	9154	25058	
1327	9274	25057	
1371	9074	25040	
1411	9160	25089	
1331	9030	25217	
1406	9229	24946	
1373	9283	24903	
1375	9186	25028	
1363	9108	25288	
1357	9156	25188	
1388	9155	25081	
1345	9141	25153	
1354	9238	25096	
1385	9158	25011	
1401	9120	25087	
1427	9335	25003	
1312	9238	25037	
1358	9159	25081	
1354	9205	25107	
1383	9355	25023	
1373	9233	24922	
1440	9388	24862	
1367	9190	25114	
1385	9166	25125	
1291	9170	25049	
1370	9282	25030	
1312	9063	25185	
1320	9218	25070	
1339	9256	25126	
1388	9195	25178	
1415	9199	25091	
1346	9189	25079	
1312	9206	25012	
1372	9300	25040	
1370	9074	25182	
1388	9336	24767	
1333	9326	25016	
1433	9286	24938	
1372	9288	25026	
1363	9032	25137	
1360	9091	25128	
1346	9189	25119	
1336	9291	24909	
1264	9208	25079	
1345	9330	24923	
1394	9220	25044	
1395	9254	24942	
1270	9138	25068	
1304	9194	24993	
1381	9297	24889	
1338	9077	25168	
1402	9201	24953	
1395	8988	25216	
1363	9186	24966	
1358	9273	25039	
1359	9256	24995	
1337	9164	25070	
1377	9025	25231	
1411	9165	25070	
1388	9218	24962	
1351	9180	25062	
1408	9292	24986	
1319	9090	25129	
1376	9204	25006	
1383	9334	24923	
1333	9257	24972	
1338	9291	24987	
1305	9175	25105	
1414	9172	25091	
1428	9230	24844	
1335	9229	25018	
1319	9184	25183	
1347	9213	24968	
1362	9142	25001	
1383	9285	24997	
1341	9171	25049	
1371	9093	25134	
1336	9048	25125	
1374	9190	25073	
1370	9337	24950	
1372	9158	25074	
1311	9287	24981	
1371	9181	25178	
1363	9134	25055	
1368	9219	24974	
1326	9190	25093	
1378	9231	24994	
1398	9219	25002	
1372	9317	24949	
1380	9202	25095	
1382	9323	24960	
1352	9208	25002	
1373	9050	25089	
1328	9205	25061	
1356	9128	24984	
1347	9215	24925	
1304	9211	24961	
1337	9069	25143	
1313	9132	25150	
1315	9246	25045	
1357	9250	25062	
1395	9155	25027	
1376	9264	24923	
1380	9304	24871	
1307	9139	25129	
1363	9297	25007	
1367	9105	25206	
1306	9277	24972	
1383	9272	24969	
1366	9211	25057	
1320	9233	24922	
1388	9193	25048	
1348	9069	25166	
1336	9212	25137	
1365	9169	25077	
1387	9223	24957	
1373	9159	25108	
1423	9062	25047	
1446	9344	24789	
1366	8971	25145	
1285	9199	25083	
1335	8964	25145	
1303	9198	25091	
1408	9159	25102	
1315	9362	24955	
1334	9083	25230	
1412	9156	25005	
1365	9095	25123	
1330	9246	24985	
1346	9283	25010	
1338	9186	25071	
1352	9261	24974	
1317	9310	24937	
1379	9182	24917	
1347	9104	25259	
1420	9165	24975	
1364	9120	25184	
1360	9238	25067	
1312	9227	25129	
1289	9115	25120	
1356	9242	25099	
1375	9359	24803	
1329	9264	24966	
1395	9186	25103	
1358	9237	25003	
1379	9211	25139	
1393	9157	25013	
1299	9221	25132	
1381	9255	24983	
1412	9181	25117	
1338	9051	25059	
1377	9078	25143	
1355	9168	24952	
1289	9135	25204	
1370	9205	24945	
1389	9223	25019	
1396	9193	25112	
1359	9228	24949	
1338	9054	25200	
1346	9397	24953	
1322	9170	25085	
1351	9191	25000	
1361	9231	25034	
1380	9123	25159	
1403	9209	24874	
1396	9209	25094	
1335	9085	25148	
1392	9133	25116	
1302	9152	25102	
1436	9084	25236	
1397	9170	25073	
1292	9153	25051	
1323	9181	25115	
1384	9118	25067	
1358	9084	25185	
1348	9114	25075	
1342	9097	25221	
1309	9111	25192	
1331	9202	25156	
1341	9133	25060	
1358	9147	25051	
1368	9158	25046	
1361	9197	25008	
1370	9183	24971	
1348	9145	25085	
1326	9412	24901	
1389	9212	25037	
1295	9145	25090	
1424	9236	25019	
1310	9275	25104	
1410	9222	25033	
1339	9180	25188	
1352	9278	24944	
1347	9272	24978	
1348	9264	24963	
1361	9311	25007	
1351	9301	24751	
1348	9068	25172	
1356	9246	24970	
1391	9109	25172	
1342	9240	25016	
1341	9309	25043	
1334	9183	24989	
1337	9108	25168	
1288	9145	25098	
1311	9137	25182	
1364	9271	24981	
1327	9229	25108	
1374	9231	24949	
1362	9152	25059	
1342	9194	25012	
1408	9271	24918	
1336	9244	25025	
1394	9239	25079	
1360	9044	25204	
1306	9065	25063	
1351	9382	24795	
1361	9451	24880	
1363	9130	25093	
1365	9324	25027	
1301	9328	25012	
1354	9412	24884	
1278	9207	25080	
1353	9283	24884	
1439	9187	24985	
1408	8924	25215	
1345	9028	25276	
1370	9183	24977	
1370	9141	25028	
1341	9259	24965	
1405	9145	24965	
1366	9136	25184	
1367	9269	25088	
1422	9158	25064	
1374	9059	25200	
1344	9239	25123	
1321	9317	25005	
1415	9207	25001	
1365	9113	25116	
1402	9137	25086	
1436	9229	25017	
1345	9147	24994	
1376	9239	25006	
1306	9373	24923	
1319	9224	25125	
1408	9259	24971	
1308	9249	25121	
1367	9116	25120	
1317	9172	25075	
1361	8997	25265	
1349	9256	24977	
1367	9218	25016	
1299	9086	25057	
1366	9214	25099	
1405	9074	25117	
1390	9311	24946	
1382	9237	25056	
1359	9172	25121	
1340	9401	24972	
1369	9050	25237	
1332	9141	25153	
1309	9421	24903	
1388	9173	25051	
1369	9257	25034	
1338	9193	24966	
1383	9188	24984	
1391	9215	25097	
1356	9238	25014	
1324	9182	25104	
1386	9186	25022	
1317	9401	25003	
1383	9191	24988	
1407	9228	24981	
1350	9259	25010	
1387	9159	25076	
1363	9062	25134	
1434	9190	25053	
1385	9255	25011	
1366	9258	24951	
1351	9082	25137	
1346	9157	25077	
1395	9194	24966	
1354	8981	25281	
1333	9136	25091	
1331	9262	25052	
1324	9199	24992	
1252	9190	25074	
1301	9179	25096	
1367	9335	24943	
1416	9281	24972	
1459	9113	25031	
1393	9175	24934	
1344	9266	24970	
1409	9201	25070	
1326	9124	25178	
1405	9131	25085	
1334	9157	25088	
1347	9222	24987	
1466	9175	25042	
1373	9248	24981	
1336	9230	24934	
1366	9171	25046	
1311	9164	25107	
1348	9176	25076	
1367	9063	25080	
1315	9197	25035	
1426	9073	25064	
1350	9122	25047	
1367	9184	25012	
1384	9170	25028	
1386	9113	25090	
1346	9193	25077	
1283	9208	25053	
1383	9309	24914	
1380	9241	24931	
1337	9364	24868	
1298	9282	25055	
1396	9215	24981	
1388	9073	25059	
1380	9135	25138	
1383	9201	24978	
1403	9082	25000	
1329	9281	25004	
1309	9142	25242	
1372	9176	25168	
1343	9256	24907	
1358	9188	24990	
1370	9111	25132	
1459	9186	25097	
1408	9239	25056	
1334	9333	24863	
1301	9131	25125	
1357	9145	25060	
1339	9134	25123	
1382	9253	24966	
1349	9212	25100	
1394	9198	24974	
1306	9134	25092	
1334	9261	24962	
1322	9066	25273	
1315	9237	24977	
1303	9273	24967	
1333	9216	25042	
1372	9234	25005	
1321	9169	25187	
1346	9315	24927	
1278	9089	25203	
1265	9064	25336	
1350	9203	25142	
1385	9320	24870	
1364	9028	25138	
1323	9322	24933	
1354	9098	25147	
1280	9133	24988	
1297	9204	25142	
1354	9233	24952	
1367	9401	24807	
1348	9106	25173	
1309	9087	25103	
1328	9247	25035	
1346	9156	25025	
1366	9066	24962	
1329	9302	24935	
1289	9125	25164	
1372	9162	25138	
1323	9210	25078	
1323	9255	24986	
1310	9221	25053	
1423	9216	25005	
1418	9222	24986	
1447	9049	25173	
1317	9203	25037	
1368	9104	25182	
1386	9183	25092	
1325	9332	25005	
1409	9029	25157	
1288	9111	25140	
1293	9192	25060	
1377	9136	25156	
1321	9175	25041	
1355	9169	25066	
1329	9180	25073	
1357	9243	24984	
1371	9161	25081	
1288	9016	25289	
1398	9310	24835	
1327	9329	24921	
1361	9143	25107	
1334	9075	25156	
1256	9306	24966	
1331	9269	25018	
1418	9120	25040	
1343	9135	25101	
1384	9275	24931	
1314	9250	25005	
1349	9255	24894	
1378	9193	25039	
1313	9192	25101	
1427	9190	25000	
1277	9115	25182	
1408	9075	25038	
1393	9121	25142	
1330	9107	25100	
1347	9060	25220	
1373	9132	24991	
1351	9295	25021	
1392	9387	24927	
1321	9107	25085	
1347	9108	25176	
1386	9314	24937	
1375	9091	25083	
1366	9260	24994	
1323	9125	25027	
1368	9089	25005	
1372	9291	24964	
1330	9152	25083	
1338	9043	25162	
1314	9160	25148	
1382	9237	25035	
1372	9325	24983	
1330	9197	25122	
1296	9176	25050	
1391	9329	24929	
1347	8949	25293	
1377	9204	25020	
1366	9215	24935	
1332	9269	24984	
1329	9172	25112	
1347	9126	25137	
1333	9215	25180	
1399	9002	25288	
1343	9191	24994	
1335	9164	25062	
1387	9199	25106	
1324	9172	25032	
1352	9145	25064	
1274	9129	25177	
1361	9120	25104	
1303	9163	25112	
1309	9216	24869	
1314	9371	24939	
1321	9163	25166	
1337	9174	25148	
1337	9259	25047	
1306	9135	25161	
1379	9083	25187	
1307	9309	24979	
1364	9078	25158	
1387	9118	25159	
1348	9285	24951	
1385	9227	25006	
1377	9123	25092	
1357	9093	25078	
1379	9242	25034	
1411	9164	25010	
1315	9224	24950	
1384	9286	24970	
1436	9232	25010	
1379	9221	25025	
1438	9088	25064	
1374	9154	25156	
1350	9171	25157	
1383	9325	24891	
1314	9185	25184	
1307	9173	25138	
1339	9329	25030	
1399	9389	24844	
1434	9267	24980	
1304	9151	25060	
1389	9331	24862	
1385	9178	24981	
1311	9308	24953	
1387	9152	25046	
1389	9140	25100	
1339	9237	25011	
1444	9117	24987	
1412	9222	24909	
1361	9127	25027	
1313	9308	24927	
1366	9190	25087	
1413	9125	25140	
1406	9220	24940	
1316	9212	24913	
1319	9137	25298	
1347	9144	25195	
1336	9188	25063	
1323	9189	25022	
1346	9197	25058	
1377	9275	24979	
1378	9120	25100	
1386	9211	24934	
1345	9154	25023	
1314	9124	25148	
1367	9183	25065	
1420	9083	25060	
1404	9186	25135	
1397	9341	24959	
1333	9265	25056	
1339	9156	25070	
1391	9166	25032	
1295	9380	24840	
1372	9195	25014	
1396	9226	24995	
1287	9136	25073	
1347	9123	25164	
1360	9129	25091	
1380	9182	25103	
1356	9111	25107	
1431	9169	25078	
1288	9215	24921	
1375	9197	25056	
1311	9231	25043	
1304	9149	25007	
1499	9195	24987	
1331	9222	25013	
1376	9112	25083	
1360	9169	24982	
1374	9319	24878	
1338	9322	24986	
1379	9097	25158	
1305	9097	25174	
1383	9100	25053	
1288	9201	25004	
1382	9142	24945	
1323	9189	24890	
1338	9093	25183	
1344	9240	25029	
1381	9287	24871	
1361	9226	25028	
1351	9245	25111	
1434	9049	25175	
1400	9250	25053	
1345	9186	25090	
1335	9311	24931	
1390	9175	24959	
1378	9213	25019	
1344	9246	24978	
1343	9229	24990	
1368	9133	25115	
1368	9099	25079	
1390	9255	24884	
1326	9165	25022	
1352	9057	25122	
1363	9188	25017	
1436	9071	25130	
1373	9216	25005	
1367	9232	25024	
1326	9132	25073	
1374	9096	25054	
1384	9177	24956	
1345	9116	25052	
1343	9184	25039	
1361	9292	24890	
1415	9118	25006	
1393	9213	25154	
1365	9202	25098	
1276	9222	25129	
1388	9338	24938	
1295	9328	25018	
1431	9151	24995	
1293	9023	25237	
1352	9187	25185	
1379	9380	24933	
1371	9142	25046	
1296	9178	25079	
1339	9225	25141	
1337	9270	24924	
1389	9070	24987	
1331	9423	24884	
1349	9258	24878	
1300	9456	24924	
1390	9084	25161	
1357	9330	24928	
1385	9229	24927	
1329	9242	25002	
1331	9130	25117	
1346	9133	25081	
1300	9325	25023	
1395	9011	25201	
1376	9257	24924	
1387	9227	25091	
1367	9027	25254	
1381	9082	25074	
1381	9253	24964	
1388	9194	25051	
1353	9200	25021	
1436	9096	25116	
1360	9134	25102	
1407	9061	25210	
1406	9263	25042	
1392	9129	25121	
1304	9127	25163	
1376	9242	25016	
1341	9255	24973	
1285	9243	25129	
1332	9296	24997	
1357	9227	25043	
1355	9306	24886	
1367	9162	25087	
1369	9154	25151	
1347	9208	24969	
1338	9095	25220	
1374	9196	24991	
1378	9228	24959	
1375	9216	25004	
1371	9277	24944	
1387	9155	25086	
1317	9218	25050	
1349	9227	25016	
1464	9254	24894	
1363	9424	24828	
1400	9260	24938	
1384	9224	24919	
1288	9178	25030	
1337	9102	25063	
1289	9229	25120	
1314	9306	25000	
1340	9129	25208	
1368	9172	25064	
1332	9133	25075	
1421	9067	25185	
1355	9240	24961	
1354	9229	25019	
1360	9195	24989	
1333	9104	25272	
1342	9215	24875	
1367	9173	25116	
1352	9122	25097	
1360	9141	25040	
1372	9034	25237	
1379	9068	25079	
1355	9402	24938	
1332	9155	25059	
1324	9158	24983	
1323	9213	25035	
1385	9139	25164	
1353	9078	25070	
1389	9110	25088	
1359	9416	24782	
1358	9108	25099	
1381	9114	25115	
1436	9064	25224	
1375	9088	25078	
1340	9452	24777	
1398	9205	24976	
1360	9212	25082	
1332	9263	24938	
1294	9306	24869	
1362	9119	25144	
1366	9244	25034	
1379	9171	25032	
1338	9197	25134	
1320	9196	25085	
1315	9142	25065	
1300	9153	25108	
1294	9156	25190	
1345	9128	25040	
1399	9123	25079	
1362	9211	24968	
1366	9211	25052	
1304	9160	25091	
1359	9021	25085	
1308	9228	25046	
1317	9227	25158	
1404	9120	25013	
1377	9118	24998	
1371	9262	25080	
1304	9213	25064	
1403	9144	24956	
1319	9172	25020	
1335	9347	24801	
1418	9124	25124	
1367	8905	25353	
1399	9141	25136	
1353	9172	25061	
1347	9191	25181	
1394	9263	25045	
1327	9121	25103	
1310	9305	24991	
1419	9156	25133	
1319	9242	24982	
1398	9139	25081	
1342	9219	25095	
1399	9178	25113	
1435	9153	25079	
1433	9211	25050	
1370	9042	25186	
1349	9223	24876	
1391	9155	25195	
1317	9385	24921	
1359	9267	24954	
1333	9214	24967	
1337	9364	24920	
1408	9218	25048	
1390	9152	25157	
1356	9250	25114	
1312	9067	25133	
1325	9108	25151	
1342	9306	24823	
1379	9301	25020	
1321	9184	25093	
1382	9108	24987	
1383	9236	24956	
1404	9354	24956	
1359	9057	25089	
1427	9150	24961	
1358	9170	25205	
1427	9190	24988	
1380	9188	24951	
1413	9197	25076	
1385	9235	25046	
1383	9190	25079	
1388	9170	25138	
1352	9034	25187	
1378	9145	25041	
1334	9103	25114	
1307	9396	24872	
1305	9065	25137	
1327	9272	25089	
1378	9366	24849	
1401	9091	25063	
1358	9190	25081	
1357	9149	25038	
1362	9093	25002	
1316	9037	25169	
1396	9471	24747	
1372	9201	25084	
1360	9276	24975	
1410	9096	25193	
1475	9122	25150	
1311	9246	25062	
1326	9144	25143	
1425	9255	24926	
1322	9118	25274	
1365	9144	25051	
1326	9246	25011	
1405	9190	24964	
1352	9330	24851	
1349	9198	25000	
1351	9093	25090	
1314	9416	24825	
1333	9155	24988	
1390	9058	25174	
1426	9296	24730	
1427	9225	24948	
1340	9172	25077	
1377	9267	24832	
1402	9166	25095	
1391	9199	24928	
1320	9130	25044	
1335	9363	24929	
1386	9220	24954	
1384	9040	25154	
1299	9148	25119	
1365	9033	25081	
1390	9162	25098	
1388	9163	25099	
1451	9044	25106	
1459	9138	25093	
1338	9358	24982	
1399	9156	25163	
1323	9163	25092	
1353	9107	25156	
1406	9069	25143	
1356	9234	24987	
1358	9075	25172	
1485	9165	25044	
1337	9313	24926	
1301	9249	25014	
1340	9195	25101	
1391	9329	25020	
1357	9090	25192	
1354	9220	25073	
1398	9103	25194	
1408	9160	25145	
1369	9312	24993	
1367	9235	24881	
1363	9049	25054	
1370	9122	25014	
1415	9171	24960	
1371	9154	25134	
1399	9079	24976	
1394	9308	24889	
1390	9173	25144	
1344	9195	25039	
1399	9217	25064	
1399	9058	25192	
1408	9262	24966	
1416	9223	25141	
1312	9270	25017	
1354	9182	25066	
1412	9108	25017	
1396	9313	24944	
1370	9201	25036	
1282	9278	25026	
1362	9112	25211	
1347	9131	25085	
1387	9132	24978	
1416	9119	25175	
1363	9065	25153	
1323	9241	25050	
1346	9103	25069	
1326	9288	25008	
1396	9168	24997	
1435	9131	25071	
1328	9249	25090	
1370	9186	25005	
1362	9225	25111	
1397	9235	25067	
1310	9085	25078	
1395	9227	25021	
1365	9106	25032	
1329	9296	24969	
1418	9154	25067	
1402	9151	25083	
1312	9263	24934	
1357	9088	25099	
1386	9109	25009	
1278	9269	25124	
1369	9055	25087	
1361	9136	25106	
1391	9192	25073	
1407	9170	24910	
1430	9203	25005	
1272	9173	25169	
1331	9134	25170	
1386	9104	25060	
1348	9142	24951	
1427	9190	24936	
1310	9145	25095	
1363	9273	24935	
1345	9292	24988	
1384	9253	24933	
1310	9344	24943	
1308	9283	25045	
1349	9145	25085	
1316	9159	25059	
1387	9212	24977	
1393	9080	25110	
1316	9096	25258	
1313	9202	24909	
1336	9185	24917	
1334	9186	25129	
1353	9231	25059	
1395	9179	25008	
1388	9293	24941	
1381	9095	25083	
1367	9108	25071	
1288	9132	25213	
1405	9238	24980	
1298	9268	24972	
1314	9177	25016	
1303	9212	25070	
1336	9311	24820	
1374	9110	24948	
1374	9002	25116	
1311	9267	24910	
1403	9290	24910	
1361	9147	25185	
1374	9147	24980	
1373	9173	25009	
1364	9272	24925	
1349	9171	25103	
1336	9224	25070	
1406	9292	24835	
1326	9263	25080	
1346	9193	24932	
1368	9261	25097	
1346	9138	25195	
1420	9144	25013	
1340	9198	25070	
1372	9315	24994	
1347	9209	25015	
1432	9104	25114	
1422	9128	25077	
1337	9155	25064	
1382	9249	24997	
1377	9276	24986	
1309	9142	25139	
1381	9167	25054	
1332	9195	25094	
1327	9169	25090	
1383	9185	24987	
1384	8910	25257	
1318	9202	25116	
1401	9249	25053	
1298	9114	25149	
1283	9074	25123	
1365	9165	25105	
1339	9191	25096	
1381	9355	24837	
1397	9198	24977	
1359	9059	25169	
1361	9168	25094	
1318	9001	25167	
1316	9201	25025	
1359	9194	24990	
1283	9174	25009	
1357	9217	25068	
1320	9099	25064	
1308	9403	24871	
1327	8966	25297	
1397	9024	25206	
1386	9128	25185	
1275	9409	24956	
1299	9188	24992	
1258	9286	25022	
1336	9149	25199	
1347	9143	25014	
1316	9148	25018	
1371	9274	25046	
1358	9157	25038	
1343	9073	25193	
1363	9053	25177	
1347	9053	25157	
1396	9199	24996	
1388	9308	24938	
1392	9295	24967	
1386	9257	24964	
1287	9286	25080	
1353	9335	25003	
1289	9225	25054	
1362	9101	25062	
1366	9172	25165	
1446	9183	25055	
1392	9174	25085	
1387	9199	24972	
1376	9184	25063	
1350	9277	24997	
1342	9184	25014	
1309	9333	24959	
1432	9175	25139	
1333	9219	25015	
1328	9168	25095	
1342	9154	25106	
1420	9167	25040	
1400	9191	25095	
1410	9290	24975	
1353	9100	25146	
1325	9229	25002	
1392	9221	24943	
1363	9276	24996	
1402	9265	24922	
1347	9259	24905	
1372	9203	25087	
1407	9219	25023	
1396	9165	25017	
1314	9247	24967	
1360	9254	24888	
1363	9371	24795	
1383	9184	24995	
1403	9347	24829	
1380	9130	25105	
1419	9335	24888	
1319	9095	25031	
1377	9249	24967	
1349	9221	25005	
1351	9187	25077	
1400	9320	24950	
1384	9200	24996	
1353	9118	25035	
1378	9272	24860	
1322	9102	25176	
1307	9032	25184	
1327	9107	25019	
1315	9298	24943	
1356	9287	25053	
1367	9137	25133	
1378	9093	24983	
1352	9118	25028	
1317	9157	25087	
1333	9176	25089	
1420	9211	25030	
1376	9108	25065	
1353	9145	25096	
1396	9227	24994	
1388	9275	24894	
1391	9022	25089	
1404	9283	24868	
1330	9194	25005	
1329	9160	25091	
1334	9233	25095	
1251	9240	25038	
1313	9118	25071	
1330	9242	24996	
1377	9342	24870	
1344	9225	24928	
1395	9125	25099	
1359	9297	24931	
1389	9087	25144	
1288	9312	25033	
1401	9045	25221	
1362	9111	25080	
1374	9277	24888	
1332	9261	25002	
1362	9194	24979	
1356	9193	25076	
1328	9164	25107	
1364	9069	25158	
1335	9188	25058	
1333	9124	25193	
1402	9260	24914	
1431	9329	24920	
1394	9108	25187	
1344	9211	24974	
1411	9236	24886	
1363	9323	24896	
1386	9266	24948	
1379	9143	25045	
1396	9197	24989	
1408	9231	24969	
1374	9100	25156	
1333	9279	24999	
1361	9239	25069	
1379	9234	24944	
1387	9226	25060	
1334	9015	25235	
1403	9217	24907	
1383	9142	25132	
1365	9217	25076	
1340	9273	24988	
1301	9329	24941	
1398	9034	25130	
1291	9266	25033	
1344	9144	25017	
1369	9142	25052	
1345	9190	25125	
1361	9034	25112	
1409	9289	24985	
1340	9206	25148	
1343	9184	25095	
1399	9346	24963	
1375	9278	24969	
1337	9366	24894	
1316	9234	24936	
1348	9156	25029	
1360	9137	25155	
1382	9167	24963	
1353	9115	25072	
1418	9086	25153	
1362	9086	25233	
1385	9149	24999	
1424	9086	25177	
1360	9153	25008	
1344	9135	25057	
1367	9157	25099	
1398	9167	25099	
1357	9333	24968	
1322	9379	24909	
1402	9186	25027	
1317	9125	25043	
1329	9196	25131	
1400	9173	25077	
1340	9178	24924	
1301	9195	25088	
1420	9212	25085	
1313	9214	25057	
1425	9146	25003	
1393	9232	25021	
1416	9183	25005	
1362	9201	24975	
1287	9220	24995	
1334	9229	25024	
1303	9194	25020	
1385	9158	25074	
1396	9166	25029	
1312	9107	25136	
1419	9193	25073	
1293	9166	25077	
1323	9307	24925	
1304	9256	24939	
1401	9067	25190	
1333	9290	25002	
1387	9220	25013	
1337	9323	25028	
1339	9243	25098	
1325	9034	25320	
1399	9106	25203	
1398	9155	24986	
1390	9175	25048	
1450	9292	24965	
1389	9122	25072	
1322	9326	25001	
1400	9121	24979	
1337	9156	25110	
1338	9270	24983	
1330	9223	25021	
1342	9117	25217	
1440	9241	24951	
1368	9180	25105	
1355	9359	24996	
1381	9437	24835	
1366	9099	25105	
1366	9285	25020	
1349	9251	24996	
1369	9149	24995	
1370	9182	25116	
1405	9260	24932	
1373	9202	24993	
1356	9208	25022	
1361	9237	24980	
1356	9324	24940	
1352	9221	25060	
1364	9249	25059	
1297	9115	25176	
1315	9251	24964	
1330	9219	24975	
1354	9106	25056	
1331	9442	24830	
1375	9291	24928	
1400	9136	25030	
1398	9284	25041	
1384	9111	25009	
1313	9062	25228	
1419	9182	24990	
1378	9121	25069	
1402	9206	24990	
1293	9241	25014	
1318	9216	25030	
1353	9250	24979	
1343	9257	24993	
1379	9203	25004	
1314	9377	24860	
1259	9414	24934	
1416	9106	25045	
1411	9011	25109	
1420	9172	24970	
1300	9223	25146	
1381	9188	24955	
1385	9106	25187	
1398	9212	25008	
1371	9156	25031	
1345	9213	24993	
1288	9218	24996	
1380	9308	24967	
1440	9185	25167	
1386	9185	25039	
1340	9320	24966	
1373	9123	25217	
1349	9130	25074	
1350	9202	24995	
1317	9099	25163	
1344	9131	25079	
1297	9294	25011	
1376	9289	24815	
1341	9283	24822	
1364	9080	25189	
1473	9175	25053	
1306	9100	25150	
1336	9201	25090	
1427	9262	24938	
1310	9342	25061	
1316	9026	25244	
1365	9304	25052	
1310	9243	25053	
1279	9148	25263	
1356	9162	25063	
1357	9146	24976	
1362	9069	25170	
1345	9267	25093	
1305	8935	25339	
1377	9075	25171	
1396	9145	25136	
1378	9189	25025	
1390	9177	24981	
1408	9213	24948	
1393	9175	25111	
1361	9210	24972	
1327	9315	24827	
1359	9339	24894	
1392	9134	25080	
1343	9350	24845	
1378	9250	24991	
1365	9257	25042	
1348	9241	25009	
1310	9129	24984	
1390	9120	24983	
1376	9103	25142	
1345	9100	25098	
1387	9179	24971	
1377	9106	25026	
1366	9222	24978	
1287	9182	25030	
1406	9122	25018	
1338	9328	24996	
1362	9255	25001	
1348	9424	24827	
1339	9173	25076	
1304	9275	25080	
1338	9158	25096	
1347	9097	25108	
1367	9198	24999	
1411	9141	25062	
1352	9203	25083	
1374	9107	25077	
1346	9274	24971	
1341	9243	24895	
1407	9187	25052	
1313	9277	24992	
1392	9130	25096	
1345	9141	25125	
1321	9126	25139	
1336	9188	25025	
1249	9175	25080	
1357	9166	25097	
1390	9131	25065	
1321	9282	25061	
1364	9369	24863	
1384	9296	24951	
1291	9155	25129	
1319	9169	25046	
1359	9333	24956	
1292	9175	25116	
1343	9098	25013	
1296	9195	25023	
1322	9412	24884	
1302	9287	24980	
1387	9101	25090	
1313	9088	25159	
1397	9168	24988	
1373	9199	25038	
1358	9198	25022	
1407	9336	24825	
1388	9315	24966	
1349	9220	24949	
1328	9127	25043	
1378	9191	25073	
1340	9169	24995	
1302	9140	25151	
1380	9232	24886	
1296	9178	25050	
1341	9030	25106	
1324	9114	25066	
1401	9252	24882	
1339	9087	25222	
1387	9260	25016	
1303	9197	25220	
1354	9319	24863	
1352	9206	25056	
1373	9268	25078	
1392	9219	24978	
1309	9317	25038	
1391	9202	25106	
1308	9154	25022	
1321	9363	24867	
1359	9276	24887	
1325	9172	25068	
1391	9072	25213	
1347	9068	25206	
1299	9148	25186	
1320	9356	24974	
1371	9114	25117	
1414	9214	24987	
1362	9088	25096	
1270	9300	24891	
1403	9195	25036	
1347	9172	25078	
1355	9140	25076	
1370	9295	24944	
1422	9199	25000	
1347	9284	25022	
1307	9296	25097	
1406	9262	24993	
1356	9388	25027	
1412	9186	25039	
1301	9387	24813	
1347	9262	25055	
1335	9077	25084	
1342	9174	25051	
1389	9132	25115	
1335	9244	24995	
1310	9139	25067	
1326	9242	25068	
1336	9167	25058	
1303	9128	25147	
1277	9265	25094	
1309	9049	25230	
1386	9126	25056	
1409	9309	24956	
1366	9225	24912	
1351	9233	24989	
1348	9111	25084	
1364	9171	25067	
1303	9071	25122	
1331	9223	24993	
1354	9201	25132	
1291	9009	25268	
1395	9163	24995	
1379	9224	24904	
1314	9353	24981	
1398	9220	24919	
1380	9147	25120	
1358	9297	24884	
1316	9258	25136	
1331	9227	25078	
1342	9092	25210	
1339	9124	25051	
1333	9173	25088	
1347	9198	24993	
1389	9147	25040	
1384	9171	25054	
1403	9131	25043	
1432	9235	24968	
1407	9173	24910	
1442	9071	25118	
1369	9279	25016	
1423	9215	24883	
1343	9166	25071	
1415	9184	25012	
1386	9080	25107	
1382	9232	25020	
1449	9159	25101	
1343	9194	24968	
1381	9148	25123	
1386	9180	25043	
1328	9278	25033	
1337	9225	25056	
1348	9205	24976	
1373	9006	25202	
1406	9138	25017	
1319	9208	25001	
1393	9135	25186	
1363	8934	25296	
1387	9020	25101	
1343	9304	24806	
1443	9085	25041	
1401	9081	25028	
1361	9155	24972	
1300	9263	24992	
1364	9045	25267	
1337	9230	24964	
1262	9227	25038	
1337	9230	25017	
1359	9230	25043	
1328	9123	25027	
1344	9295	24896	
1327	9296	25014	
1382	9207	25118	
1386	9100	25063	
1313	9040	25201	
1357	9113	25131	
1345	9188	25072	
1337	9107	25101	
1293	9177	25020	
1363	9079	25162	
1367	9212	24968	
1353	9426	24844	
1360	9338	24906	
1437	9220	24894	
1315	9336	24962	
1365	9196	25078	
1354	9193	25075	
1365	9170	25177	
1392	9200	25017	
1311	9257	24917	
1344	9318	24956	
1347	9203	24904	
1352	9293	24925	
1387	9055	25097	
1313	9134	25067	
1338	9285	24970	
1350	9346	25013	
1420	9248	25081	
1365	9116	25087	
1303	9214	25153	
1405	9122	25175	
1323	9079	25321	
1439	9224	24920	
1352	9143	25084	
1401	9184	24974	
1421	9168	25029	
1392	9293	24901	
1292	9279	25062	
1397	9193	24932	
1396	9065	25125	
1356	9274	25049	
1403	9230	25066	
1358	9065	25081	
1432	9062	25116	
1327	9229	25011	
1339	9169	25092	
1306	9283	25166	
1390	9308	24978	
1280	9268	25105	
1287	9230	25085	
1330	9331	24865	
1345	9147	25031	
1352	9171	25097	
1392	9235	25012	
1328	9297	24906	
1325	9225	25132	
1352	9260	24966	
1394	9201	24975	
1372	9183	25019	
1389	9133	25101	
1300	9290	25065	
1359	9190	25091	
1402	9097	25044	
1314	9280	25112	
1343	9102	25040	
1371	9163	25044	
1290	9095	25242	
1331	9342	24924	
1341	9129	25117	
1388	9295	24931	
1303	9171	25122	
1358	9289	25014	
1333	9125	25137	
1324	9114	25073	
1361	9273	24978	
1348	8960	25279	
1315	9287	25007	
1324	9144	25048	
1395	9324	24945	
1415	9110	25168	
1277	9251	25018	
1385	9201	25120	
1349	9174	25148	
1383	9234	25092	
1357	9178	25073	
1341	9104	25086	
1342	9237	24977	
1375	9242	24953	
1378	9247	25044	
1338	9187	25169	
1391	9122	25147	
1408	9169	24967	
1312	9163	25088	
1415	9164	25053	
1257	9155	25183	
1361	9150	24993	
1348	9142	25127	
1407	9313	24875	
1394	9238	24993	
1419	9074	25065	
1437	9145	25083	
1278	9185	24993	
1360	9055	25148	
1360	9155	25006	
1360	9116	25202	
1340	9262	24953	
1418	9053	25039	
1363	9248	24976	
1329	9137	25101	
1463	9303	24964	
1407	9116	25159	
1355	9280	24959	
1358	9266	24894	
1381	9121	25177	
1360	9277	24968	
1343	9260	24984	
1381	9185	25122	
1381	9083	25117	
1305	9003	25256	
1389	9142	25069	
1384	9022	25087	
1410	9091	25066	
1325	9194	25132	
1292	9195	24957	
1340	9259	25047	
1329	9272	25024	
1250	9124	25154	
1357	9086	25221	
1357	9196	25089	
1403	9104	25115	
1367	9074	25039	
1328	8992	25202	
1352	9071	25090	
1351	9229	24988	
1329	9250	25100	
1368	9001	25248	
1278	9345	25002	
1288	9063	25080	
1358	9287	24999	
1322	9183	25031	
1313	9090	25155	
1374	9328	24948	
1351	9250	24969	
1385	9230	25067	
1359	9138	25142	
1310	9246	25066	
1359	9235	25065	
1363	9159	25022	
1351	9241	24977	
1336	9166	25084	
1383	9141	25109	
1406	9207	24957	
1389	9257	25013	
1381	9316	24864	
1353	9153	25220	
1324	9158	25068	
1392	9238	25094	
1328	9125	25127	
1322	8981	25132	
1353	9088	25240	
1342	9225	25023	
1287	9259	25231	
1365	9015	25210	
1320	9035	25146	
1267	9287	24900	
1346	9108	25070	
1358	9233	25002	
1275	9111	25109	
1326	9119	25032	
1360	9096	25168	
1317	9229	24995	
1349	9144	25150	
1415	9220	24928	
1348	9345	24877	
1336	9242	24972	
1284	9171	25160	
1364	9202	24837	
1337	9193	25042	
1393	9151	25124	
1322	9234	24983	
1386	9241	25136	
1374	9228	24949	
1329	9138	25032	
1326	9376	24857	
1345	9370	24969	
1372	9145	25154	
1384	9279	24969	
1347	9108	24990	
1394	9367	24807	
1441	9178	24989	
1364	9232	25112	
1322	9330	24978	
1411	9232	24909	
1374	9352	24902	
1284	9161	25061	
1372	9063	25171	
1312	9186	25006	
1312	9214	25016	
1353	9271	25023	
1310	9334	24760	
1314	9261	24812	
1310	9264	24959	
1338	9305	25051	
1369	9164	25091	
1358	9283	25069	
1336	9125	25169	
1404	9157	25111	
1316	9200	25069	
1375	9421	24794	
1375	9049	25179	
1395	9155	25085	
1395	9216	25073	
1350	9240	25176	
1399	9040	25197	
1359	9204	25003	
1461	9272	24967	
1386	9002	25314	
1341	9224	25040	
1369	9109	25144	
1315	9043	25114	
1371	9165	25064	
1361	9092	25177	
1330	9252	24980	
1407	9265	24985	
1371	9002	25157	
1322	9252	24990	
1374	9054	25112	
1383	9228	25039	
1405	9173	25014	
1315	9336	25027	
1393	9193	25007	
1345	9208	25113	
1344	9458	24906	
1363	9152	25111	
1376	9249	24937	
1333	9169	25038	
1311	9245	25022	
1360	9125	25141	
1330	9262	24944	
1331	9294	25020	
1377	9211	24981	
1289	9243	24960	
1353	9167	25128	
1361	9376	24916	
1320	9299	25032	
1325	9175	24967	
1422	9134	25144	
1323	9271	24988	
1364	9102	25185	
1397	9269	25056	
1412	9219	25008	
1332	9063	25170	
1319	9094	25148	
1404	9210	24979	
1355	9284	25085	
1324	9186	25044	
1305	9213	25012	
1427	9111	25009	
1289	9298	25009	
1322	9134	25142	
1282	9228	25058	
1315	9169	25164	
1321	9194	25036	
1295	9108	25105	
1309	9236	25001	
1320	9183	25044	
1365	9143	25123	
1367	9231	25128	
1333	9130	25090	
1318	9248	25073	
1356	9139	25053	
1374	9129	25123	
1328	9193	25018	
1341	9319	25075	
1386	9135	25037	
1358	9246	25100	
1302	9132	25086	
1365	9207	25024	
1343	9223	25086	
1325	9412	24939	
1407	9046	25148	
1311	9232	24972	
1346	9151	25036	
1414	9309	24922	
1289	9172	25183	
1330	9282	24921	
1380	9180	25011	
1366	9201	25061	
1360	9259	24973	
1336	9253	25008	
1285	9291	24822	
1296	9323	24999	
1366	9221	25024	
1400	9240	24939	
1313	9117	25082	
1343	9097	25140	
1383	9089	25168	
1399	9174	24883	
1340	9245	24932	
1354	9242	24942	
1344	9207	25003	
1352	9230	24990	
1366	9119	25194	
1412	9222	24872	
1388	9269	24968	
1353	9108	25192	
1416	9025	25196	
1289	9150	25194	
1330	9173	25050	
1355	9195	25153	
1386	8986	25160	
1334	9209	25037	
1366	9099	25184	
1318	9366	24988	
1365	9054	25071	
1298	9293	25007	
1434	9243	24964	
1325	9078	25152	
1369	9222	25023	
1363	9185	25086	
1307	9098	25114	
1317	9162	25046	
1351	9232	25003	
1259	9144	25093	
1342	9132	25132	
1378	9054	25083	
1287	9225	24928	
1392	9228	25006	
1420	9161	25120	
1311	9127	25089	
1265	9231	25151	
1362	9228	25050	
1483	9100	25085	
1382	9142	25149	
1361	9192	24996	
1328	9196	24918	
1318	9030	25211	
1420	9212	25078	
1312	9312	25001	
1380	9275	24982	
1412	9270	25029	
1405	9158	25161	
1341	9044	25207	
1331	9229	25098	
1371	9160	25030	
1357	9179	25047	
1328	9206	25007	
1346	9166	25109	
1421	9146	25051	
1371	9142	25137	
1347	9141	25064	
1339	9243	24987	
1367	9188	25043	
1347	9168	25079	
1270	9383	24948	
1320	9148	25054	
1365	9167	24952	
1322	9131	25101	
1376	9210	24986	
1395	9157	25099	
1326	9254	25117	
1295	9135	25108	
1315	9243	25047	
1376	9249	25068	
1378	9316	24930	
1338	9264	24995	
1343	9267	24904	
1336	9217	25167	
1318	9171	25015	
1327	9161	24943	
1291	9106	25260	
1325	9204	25094	
1318	9143	25028	
1335	9285	25048	
1310	9007	25243	
1401	9336	24878	
1370	9135	25095	
1372	9088	25185	
1366	9329	24903	
1390	9116	25053	
1414	9239	25017	
1432	9126	25054	
1350	9218	24976	
1384	9148	24995	
1368	9254	24944	
1300	9146	25141	
1362	9064	25080	
1364	9319	24926	
1360	9190	25054	
1375	9100	25114	
1338	9240	24926	
1399	9120	25080	
1323	9254	25081	
1330	9308	24924	
1351	9237	24962	
1295	9186	25075	
1464	9115	25039	
1392	9040	25196	
1412	9188	25101	
1348	9190	24950	
1351	9310	24926	
1341	9190	25109	
1349	9075	25048	
1306	9312	25011	
1346	9242	25026	
1376	9365	24919	
1288	9221	25009	
1348	9171	24949	
1373	9170	25087	
1400	9118	25130	
1259	9253	25069	
1317	9230	25077	
1285	9139	25056	
1376	9314	24945	
1343	9254	24957	
1396	9228	24904	
1349	9232	24940	
1392	9133	25157	
1401	9183	25062	
1367	9272	25029	
1335	9254	25047	
1343	9260	24927	
1390	9214	25022	
1365	9280	25000	
1365	9240	25052	
1328	9060	25213	
1441	9180	25040	
1379	9232	25080	
1317	9113	25201	
1366	9352	24849	
1358	9060	25291	
1347	9157	25115	
1272	9379	24942	
1369	9372	24836	
1324	9152	25025	
1332	9345	25051	
1416	9123	25051	
1382	9236	25039	
1387	9200	25175	
1355	9340	24871	
1323	9214	25036	
1334	9293	24933	
1326	9202	25092	
1249	9172	25177	
1352	9131	25124	
1403	9242	24914	
1341	9066	25076	
1363	9007	25316	
1432	9263	24963	
1400	9305	24949	
1387	9163	24999	
1357	9235	24956	
1385	9048	25176	
1315	9163	25066	
1324	9215	25061	
1380	9207	25074	
1391	9245	24941	
1341	9040	25144	
1342	9236	25051	
1327	9266	25052	
1357	9213	25099	
1342	9200	25068	
1399	9229	24954	
1423	9205	24927	
1393	9346	24881	
1362	9144	25057	
1291	9215	25069	
1319	9157	25083	
1330	9287	24900	
1397	9269	25059	
1352	9343	24983	
1351	9206	25067	
1358	9261	24923	
1419	9142	25157	
1356	9228	24918	
1394	9247	24958	
1383	9114	25145	
1395	9159	25109	
1383	9271	24993	
1374	9349	24922	
1333	9062	25126	
1311	9425	24913	
1305	9162	25094	
1372	9206	24968	
1361	9143	25080	
1336	9201	25171	
1313	9227	25009	
1333	9005	25309	
1352	9157	25078	
1411	9237	25049	
1278	9190	25000	
1369	9224	25047	
1371	9198	25091	
1396	9092	25028	
1347	9134	25174	
1352	9119	25169	
1338	9187	25211	
1330	9176	25208	
1347	9305	25061	
1306	9350	25018	
1347	9293	24981	
1332	9324	24897	
1328	9253	24991	
1309	9347	24930	
1262	9064	25256	
1327	9282	24978	
1353	9037	25023	
1318	9061	25230	
1329	9081	25155	
1296	9524	24779	
1357	9180	24924	
1310	9136	25011	
1376	9359	24911	
1393	9096	25121	
1320	9155	25104	
1309	9210	24995	
1371	9265	25009	
1318	9257	24934	
1400	9309	25049	
1412	9234	24976	
1326	9124	25236	
1371	9239	25021	
1429	9292	24905	
1295	9120	25098	
1346	9183	25099	
1325	9137	25099	
1304	9336	24958	
1421	9204	25041	
1326	9294	25014	
1331	9118	25173	
1369	9157	25055	
1418	9141	24995	
1355	9151	25097	
1317	9134	25143	
1354	9034	25188	
1450	9205	24947	
1408	9198	24904	
1352	9160	25097	
1348	9263	24998	
1327	9233	25097	
1348	9159	25033	
1328	9111	25115	
1328	9188	25131	
1363	8991	25289	
1363	9078	25098	
1328	9273	24966	
1336	9230	25023	
1392	9343	24864	
1382	9053	25145	
1406	9148	25197	
1308	9184	25069	
1402	9071	25130	
1382	9065	25084	
1358	9180	25072	
1373	9314	24927	
1364	9267	24952	
1436	9356	24858	
1344	9330	25037	
1327	9110	25018	
1350	9266	24969	
1356	9215	25032	
1398	9187	25008	
1366	9264	24977	
1351	9109	25068	
1327	9213	25010	
1351	9148	25064	
1359	9062	25065	
1394	9100	25190	
1302	9109	25039	
1330	9282	25075	
1305	9077	25176	
1346	9182	25079	
1407	9323	24909	
1364	9187	25063	
1335	9246	25072	
1314	9246	25023	
1425	9201	25019	
1398	9308	25111	
1358	9292	24941	
1410	9203	24967	
1350	9312	25027	
1346	9123	25021	
1385	9153	25120	
1300	9147	25111	
1381	9316	24926	
1386	9298	24911	
1385	9065	25126	
1359	9265	24887	
1330	9287	24852	
1382	9247	24952	
1339	9359	24910	
1346	9285	24901	
1456	9322	24924	
1348	9275	25009	
1313	9106	25151	
1352	9099	25079	
1320	9147	25088	
1373	9268	24908	
1355	9158	25123	
1436	9206	25094	
1355	9233	25035	
1420	9207	25001	
1377	9282	24894	
1370	9379	24918	
1352	9062	25248	
1353	9182	25035	
1358	9128	24970	
1391	9287	24883	
1410	9148	24958	
1440	9067	25108	
1353	9028	25161	
1407	9076	25093	
1358	9221	24990	
1379	9141	25010	
1353	9084	25138	
1335	9232	25026	
1344	9245	25087	
1295	9286	24981	
1326	9010	25127	
1362	9249	25130	
1364	9167	25042	
1352	9065	25135	
1367	9309	24841	
1354	9125	25059	
1362	9142	25038	
1362	9257	24948	
1371	9201	25066	
1332	9166	25145	
1326	9186	25074	
1443	9222	24961	
1377	9049	25157	
1358	9149	25063	
1325	9260	24997	
1425	9320	24864	
1339	9061	25188	
1336	9326	24907	
1299	9180	25028	
1356	9162	25115	
1435	9218	25034	
1357	9265	25135	
1319	9180	25059	
1372	9102	25099	
1349	9195	24979	
1308	9255	24981	
1390	9101	25217	
1379	9228	25015	
1314	9064	25235	
1325	9153	25053	
1336	9186	25041	
1340	9184	25152	
1462	9140	24965	
1372	9340	24910	
1363	9300	24996	
