1349	9310	24925	
1339	9174	25042	
1314	9248	25025	
1279	9271	25041	
1443	9122	25059	
1376	9082	25084	
1344	9211	24965	
1353	9369	24825	
1447	9320	24957	
1406	9120	25140	
1414	9192	25093	
1393	9159	25038	
1338	9224	24989	
1416	9169	25035	
1401	9249	25090	
1349	9139	25071	
1321	9204	24983	
1355	9297	24950	
1339	9098	25091	
1364	9095	25068	
1348	9211	24966	
1338	9228	25011	
1275	9239	25002	
1343	9222	25029	
1405	9129	25165	
1453	9059	25094	
1307	9264	25121	
1349	9187	25073	
1281	9115	25184	
1334	9218	25021	
1262	9151	25171	
1345	9022	25062	
1336	9098	25055	
1326	9234	25104	
1345	9262	25067	
1365	9292	24911	
1418	9129	25038	
1389	9131	25141	
1271	9214	25025	
1411	9110	25146	
1370	9131	25231	
1364	9141	24919	
1402	9159	25204	
1345	9114	25098	
1384	9187	24946	
1301	9255	24906	
1321	9314	24916	
1356	9205	25086	
1348	9262	24954	
1340	9365	24971	
1334	9237	25008	
1333	9306	24937	
1349	9387	24972	
1367	9157	25183	
1406	9170	25024	
1345	9083	25209	
1368	9203	24956	
1332	9269	25020	
1334	9244	25044	
1321	9247	24987	
1365	9189	24908	
1309	9148	25116	
1390	9159	25039	
1380	9190	25084	
1375	9266	24934	
1394	9205	24973	
1461	9288	24930	
1418	9204	24943	
1302	9377	24875	
1389	9301	24819	
1328	9210	25022	
1267	9240	24983	
1321	9296	24967	
1372	9231	24978	
1327	9147	24893	
1382	9172	25085	
1358	9144	25075	
1386	9384	24932	
1345	9270	25069	
1334	9110	24951	
1363	9285	25033	
1331	9186	25120	
1409	9073	25066	
1384	9143	25165	
1302	9292	24994	
1390	9428	24879	
1375	9152	25008	
1307	9171	25005	
1401	9261	25018	
1346	9009	25173	
1363	9022	25169	
1311	9209	25084	
1274	9197	25127	
1336	9431	24908	
1355	9164	25020	
1333	9085	25066	
1334	9178	24967	
1266	9215	25187	
1321	9184	25104	
1319	9105	25060	
1332	9374	24870	
1402	9188	24994	
1297	9148	24961	
1379	9250	24994	
1323	9126	24989	
1404	9216	24953	
1359	9423	24859	
1362	9267	25000	
1357	9207	25040	
1357	9149	25114	
1360	9204	24990	
1429	9073	25020	
1436	9148	24981	
1377	9276	25038	
1351	9234	25008	
1369	9197	25109	
1408	9162	25105	
1334	9160	25074	
1318	9252	24862	
1366	9222	25017	
1355	9133	25115	
1341	9187	25093	
1377	9150	24953	
1372	9317	24979	
1388	9147	25019	
1367	9282	25078	
1461	9177	24946	
1289	9199	24994	
1375	9142	25081	
1403	9056	25122	
1337	9309	24989	
1352	9313	24917	
1302	9179	25185	
1357	9013	25225	
1443	9218	24986	
1332	9031	25145	
1321	9256	24882	
1391	9071	25081	
1378	9188	25033	
1316	9203	24985	
1370	9343	24914	
1410	9258	24991	
1352	9138	25161	
1383	9277	25024	
1388	9257	24839	
1453	9349	24884	
1381	9263	24992	
1321	9176	24919	
1341	9293	24980	
1421	9228	24900	
1319	9189	25046	
1361	9259	24915	
1321	9276	25072	
1414	9194	25025	
1336	9123	24979	
1357	9095	25095	
1440	9204	25035	
1307	9233	24983	
1372	9255	24880	
1386	9099	25111	
1317	9181	25060	
1421	9159	24976	
1313	9200	24984	
1396	9289	24979	
1387	9280	24999	
1323	9141	25066	
1372	9306	24907	
1332	9167	25164	
1343	9149	25080	
1392	9159	25092	
1287	9193	25024	
1389	9383	24907	
1366	9102	25124	
1398	9079	25187	
1337	9145	25018	
1381	9047	25086	
1353	9232	24953	
1320	8991	25099	
1320	9192	25024	
1337	9127	25112	
1305	9130	25089	
1391	9111	25168	
1388	9181	25078	
1314	9172	25151	
1299	9141	25172	
1407	9241	25031	
1345	9179	24924	
1338	9086	25105	
1413	9290	24995	
1342	9205	25107	
1302	9171	25144	
1296	9194	24991	
1349	9113	25171	
1409	9274	24992	
1361	9221	25078	
1339	9099	25082	
1348	9284	24955	
1391	9113	25084	
1415	9200	25113	
1271	9171	25047	
1332	9097	25059	
1368	9292	25001	
1348	9165	25041	
1330	9377	24868	
1439	9173	25216	
1365	9373	24767	
1359	9095	25083	
1394	9150	25039	
1398	9215	24950	
1395	9126	25072	
1368	9252	25070	
1375	9179	24996	
1300	9119	25294	
1378	9245	25063	
1352	9301	24993	
1344	9233	25058	
1343	9188	25142	
1395	9141	24973	
1375	9150	25049	
1409	9273	25088	
1398	9265	24952	
1340	9072	25208	
1383	9166	24952	
1342	9198	25165	
1301	9269	25005	
1227	9300	24961	
1274	9278	24992	
1379	9417	24852	
1412	9067	25118	
1344	9165	25018	
1425	9171	24998	
1432	9306	24917	
1309	9205	25077	
1368	9168	25046	
1406	9107	25087	
1335	9089	25089	
1355	9070	25093	
1313	9126	25105	
1347	9090	25098	
1308	9245	25001	
1305	9279	24955	
1332	9173	24977	
1311	9231	24920	
1312	9146	25219	
1363	9214	25035	
1342	9024	25201	
1368	9017	25162	
1317	9182	25141	
1340	9005	25170	
1336	9179	25058	
1350	9148	25059	
1323	9136	25177	
1334	9209	25098	
1315	9149	24956	
1386	9199	24947	
1367	9132	25145	
1380	9148	25012	
1310	9202	25257	
1351	9206	25068	
1352	9259	24992	
1328	9195	24969	
1374	9174	25142	
1364	9232	24936	
1380	9216	25029	
1331	9155	25080	
1342	9207	25073	
1396	9144	25057	
1335	9219	25062	
1359	9203	25069	
1433	9226	25000	
1274	9348	24956	
1416	9376	24943	
1360	9101	25183	
1305	9252	25047	
1407	9126	24973	
1383	9049	25137	
1396	9144	25050	
1435	8952	25227	
1477	8981	25128	
1355	9199	25056	
1386	9031	25258	
1323	9294	24921	
1366	9132	25215	
1413	9030	25245	
1410	8999	25174	
1295	9258	25029	
1382	9213	25018	
1358	9268	24938	
1342	9305	25045	
1394	9237	24932	
1306	9009	25289	
1325	9229	25219	
1344	9103	25238	
1382	9220	25009	
1407	9262	24993	
1380	9171	25091	
1379	9102	25063	
1352	9113	25054	
1315	9166	25070	
1387	8994	25159	
1358	9162	25067	
1360	9276	25014	
1423	9161	24966	
1378	9167	24995	
1299	9022	25161	
1341	9093	25147	
1355	9383	24875	
1394	9229	25018	
1332	9285	24920	
1426	9216	25010	
1393	9191	25153	
1298	9198	25110	
1378	9170	25084	
1391	9201	25103	
1423	9310	24911	
1385	9198	24962	
1370	9282	24910	
1302	9406	24879	
1366	9184	25079	
1375	9192	25152	
1415	9142	25101	
1333	9216	25075	
1334	9123	25060	
1336	9278	25046	
1346	9253	25031	
1343	9200	24957	
1307	9071	25178	
1333	9130	25361	
1322	9272	25036	
1311	9133	25108	
1294	9285	24928	
1376	9124	25145	
1378	9112	25175	
1301	9236	25069	
1282	9174	25111	
1337	9311	24998	
1287	9246	25053	
1379	9159	25100	
1422	9120	25003	
1323	9318	25011	
1327	9295	25089	
1323	9264	24995	
1333	9123	25104	
1400	9161	25113	
1293	9202	25011	
1370	9063	25189	
1450	9263	24926	
1408	9155	25012	
1341	9163	25211	
1287	9106	25328	
1365	8967	25329	
1251	9201	24974	
1334	9170	24965	
1398	9138	25019	
1365	9061	25192	
1350	9141	25187	
1364	9110	25050	
1368	9105	25153	
1353	9254	24976	
1327	9027	25182	
1326	9158	25081	
1393	9074	25174	
1388	9067	25113	
1348	9190	25120	
1406	9235	24921	
1316	9293	25032	
1332	9141	25140	
1382	9001	25209	
1299	9201	25045	
1342	9196	25107	
1297	9054	25259	
1384	9184	25015	
1353	9293	24931	
1360	9070	25176	
1319	9144	25149	
1403	9246	24988	
1373	9178	25098	
1378	9213	25056	
1364	9082	25218	
1402	9244	25088	
1342	9278	24980	
1322	9369	25028	
1422	9083	25187	
1335	9302	25000	
1369	9272	24990	
1371	9111	25232	
1323	9233	24986	
1421	9267	24866	
1310	9182	25147	
1346	9330	24943	
1328	9204	25075	
1399	9051	25131	
1399	9197	24933	
1369	9182	25069	
1288	9248	25081	
1429	9300	24912	
1294	9234	25022	
1285	9323	24915	
1335	9169	25055	
1374	9211	24966	
1304	9142	25171	
1332	9156	25046	
1367	9222	25013	
1299	9119	25195	
1334	9152	25157	
1335	9143	25065	
1317	9250	24973	
1384	9119	25113	
1331	9138	25257	
1336	9286	25074	
1226	9298	25135	
1333	9162	25121	
1237	9229	24978	
1359	9120	25083	
1314	9281	24959	
1318	9309	24975	
1336	9174	25092	
1387	9204	25084	
1365	9310	24917	
1327	9108	25147	
1351	9075	25235	
1329	8996	25197	
1397	9084	25154	
1407	9267	24981	
1363	9292	24975	
1381	9291	25047	
1383	9309	24968	
1383	9274	24974	
1383	9255	24972	
1318	9273	24999	
1346	9122	25091	
1418	9283	24892	
1349	9320	24971	
1366	9180	25032	
1321	9067	25247	
1375	9216	24998	
1362	9250	24977	
1392	9243	24926	
1419	9128	25093	
1370	9352	24966	
1363	9156	25039	
1418	9080	25029	
1382	9074	24962	
1372	9161	25044	
1350	9316	24971	
1368	9230	25054	
1399	9161	24940	
1387	9277	25013	
1380	9138	25185	
1302	9217	25072	
1393	9188	25124	
1378	9239	24978	
1397	9292	24978	
1321	9255	25009	
1356	9338	24963	
1323	9274	24980	
1328	9239	25017	
1330	9201	24988	
1286	9251	25098	
1382	9093	25118	
1287	9039	25190	
1375	9168	25094	
1292	9140	25125	
1376	9284	24905	
1373	9234	24993	
1362	9186	24991	
1367	9362	24867	
1326	9252	25067	
1359	9244	24959	
1362	9117	25195	
1366	9291	24942	
1342	9184	25111	
1298	9152	25163	
1365	9248	25011	
1367	9185	25073	
1385	9317	24987	
1355	9107	25059	
1401	9281	24879	
1326	9167	25024	
1375	9168	24979	
1517	9139	24968	
1322	9241	25090	
1354	9119	25144	
1374	9187	25023	
1357	9258	24969	
1433	9150	25002	
1388	9250	24997	
1323	8997	25218	
1343	9055	25128	
1301	9240	25126	
1403	9119	25048	
1448	9316	24908	
1335	9150	25159	
1396	9163	25018	
1409	9191	25051	
1398	9137	25086	
1315	9240	25064	
1342	9289	25039	
1355	9033	25202	
1363	9222	24988	
1382	9318	25017	
1316	9252	25104	
1391	9139	25132	
1287	9111	25196	
1382	9253	25045	
1376	9137	25145	
1403	9028	25220	
1326	9127	25069	
1345	9261	25081	
1341	9177	25047	
1498	9224	24845	
1404	9253	24976	
1365	9154	25035	
1344	9159	25110	
1360	9257	25061	
1367	9317	24917	
1260	9208	25078	
1389	9175	25073	
1404	9101	25076	
1367	9194	25051	
1341	9119	25088	
1340	9253	25114	
1312	9159	25123	
1303	9211	25091	
1335	9124	25118	
1337	9192	24935	
1328	9247	25044	
1331	9280	24978	
1383	9297	24868	
1322	9248	25036	
1381	9244	24970	
1345	9120	25060	
1354	9404	24889	
1278	9173	25146	
1402	9131	25052	
1322	9279	24928	
1289	9166	25188	
1349	9151	25107	
1340	9173	25029	
1393	9383	24863	
1382	9140	25050	
1333	9287	24916	
1428	9233	24928	
1408	9209	24954	
1415	9379	24935	
1331	9329	24960	
1384	9149	24971	
1291	9271	25009	
1404	9224	24927	
1363	9197	25109	
1292	9331	25007	
1321	9249	24930	
1301	9214	25130	
1397	9213	24973	
1437	9185	24962	
1276	9413	24914	
1276	9212	25045	
1415	9209	24962	
1295	9176	25001	
1320	9136	25030	
1357	9397	24924	
1387	9235	25044	
1343	9245	25015	
1336	9255	25096	
1284	9150	25277	
1341	9390	24994	
1353	9206	24970	
1297	9344	24984	
1336	9190	25129	
1333	9173	25118	
1329	9176	25054	
1336	9067	25093	
1354	9161	25111	
1348	9226	24884	
1337	9134	25107	
1348	9121	25271	
1366	9182	24944	
1332	9234	25022	
1400	9069	25071	
1316	9361	24936	
1370	9335	24965	
1360	9165	25114	
1321	9137	25094	
1335	9175	25026	
1339	9117	25164	
1448	9185	24921	
1324	9215	25139	
1393	9104	25171	
1325	9195	25004	
1318	9239	25043	
1341	9222	24989	
1370	9075	25172	
1360	9260	24903	
1426	9257	24935	
1370	9131	25091	
1429	9185	25028	
1391	9105	25132	
1397	9251	25043	
1263	9106	25153	
1369	9189	24981	
1408	9237	24912	
1400	9204	25052	
1358	9327	25023	
1373	9214	25099	
1365	9298	24922	
1362	9257	24871	
1327	9283	25050	
1365	9213	24935	
1318	9186	25105	
1314	9114	25083	
1413	9293	25026	
1400	9130	25088	
1321	9281	24980	
1334	9211	25076	
1329	9332	24964	
1420	9168	25042	
1442	9182	25105	
1370	9264	24969	
1369	9379	24882	
1349	9054	25089	
1412	9145	25069	
1414	9104	25070	
1298	9188	25034	
1357	9338	25009	
1413	9198	25067	
1338	9177	25183	
1246	9129	25197	
1289	9233	25074	
1327	9153	25008	
1414	9269	24971	
1334	9257	25079	
1371	9165	25064	
1337	9275	25005	
1352	9347	24885	
1354	9131	24996	
1301	9185	25023	
1346	9313	24930	
1330	9213	25074	
1341	9205	25079	
1350	9234	24951	
1285	9196	25074	
1397	9258	24929	
1384	9201	25035	
1288	9337	24865	
1391	9232	24991	
1324	9125	25108	
1416	9212	25076	
1348	9252	25074	
1321	9286	25072	
1318	9032	25261	
1346	9170	25017	
1376	9257	24943	
1258	9214	25208	
1345	9210	25159	
1288	9165	25048	
1456	9149	25142	
1412	9049	25180	
1404	9090	25138	
1415	9089	25060	
1339	9109	25158	
1409	8962	25170	
1291	9244	25058	
1372	9204	24954	
1379	9189	25070	
1364	9173	24994	
1365	9130	25094	
1359	9195	25109	
1239	9031	25177	
1332	9321	24943	
1390	9176	24972	
1374	9092	25061	
1359	9153	25066	
1347	9117	25093	
1343	9158	25141	
1342	9253	25023	
1363	9166	25110	
1323	9222	25006	
1333	9188	25157	
1393	9207	24982	
1354	9164	24974	
1309	9138	25114	
1346	9238	25015	
1330	9140	25170	
1374	9076	25173	
1417	9344	24962	
1371	9194	25115	
1396	9028	25150	
1335	9335	25018	
1384	9215	25046	
1381	9060	25308	
1355	9259	24919	
1308	9154	25084	
1362	9106	25181	
1434	9268	24915	
1386	9182	24905	
1366	9255	24914	
1345	9002	25139	
1328	9151	25109	
1387	9383	24850	
1392	9136	25129	
1304	9038	25262	
1339	9118	25027	
1350	9189	25040	
1377	9136	25133	
1297	9244	25008	
1357	9250	24919	
1321	9249	24992	
1358	9186	25105	
1349	9032	25138	
1365	9086	25185	
1310	9172	25166	
1292	9153	25177	
1352	9197	24934	
1378	9265	24988	
1419	9234	24920	
1375	9173	25056	
1339	9168	25072	
1384	9198	25034	
1326	9180	25057	
1366	9183	25035	
1323	9210	25035	
1331	9251	25014	
1275	9163	25073	
1376	9239	24976	
1302	9211	25091	
1335	9232	25000	
1325	8951	25199	
1320	9091	25097	
1382	9096	25072	
1314	9182	24963	
1380	9084	25099	
1395	9193	25038	
1351	9114	25137	
1292	9135	25246	
1358	9120	25010	
1321	9377	24864	
1297	9082	25104	
1325	9335	24815	
1352	9043	25181	
1275	9302	24912	
1405	9227	25115	
1338	9131	25074	
1347	9120	25100	
1391	9191	25117	
1332	9231	24970	
1323	9321	24932	
1298	9300	24931	
1361	9204	25045	
1355	9099	25139	
1316	9126	25167	
1415	9295	24929	
1304	9218	25091	
1329	9353	25008	
1399	9150	25067	
1380	9041	25252	
1434	9158	25062	
1374	9034	25281	
1381	9331	24850	
1347	9392	24927	
1358	9182	25119	
1296	9117	25104	
1359	9190	24992	
1320	9166	25078	
1348	9100	25128	
1334	9119	25072	
1353	9288	25014	
1378	9023	25214	
1342	9053	25170	
1360	9150	25099	
1295	9175	25048	
1279	9243	25011	
1369	9242	25092	
1430	9124	25071	
1418	9318	24877	
1372	9198	25131	
1361	9168	25126	
1320	9218	25002	
1346	9172	25071	
1366	9146	25100	
1236	9225	25069	
1334	9074	25183	
1358	9267	24948	
1318	9163	25011	
1379	9088	25021	
1465	9169	25059	
1297	9201	24987	
1376	9280	25114	
1364	9115	24980	
1372	9191	25128	
1350	9243	25028	
1275	9253	25057	
1317	9237	25015	
1389	9281	25047	
1303	9127	25167	
1371	9287	25068	
1373	9130	25066	
1313	9263	25011	
1396	9070	25109	
1380	9083	25180	
1380	9195	24971	
1347	9158	25113	
1324	9269	24993	
1354	9166	25029	
1353	9408	24948	
1404	9280	25009	
1428	9150	25063	
1345	9310	24993	
1292	9193	25005	
1325	9244	24989	
1403	9239	24919	
1332	9224	24951	
1308	9272	25035	
1349	9034	25204	
1322	9036	25147	
1354	9225	24997	
1394	9166	25071	
1326	9065	25170	
1370	9225	25064	
1326	9091	25127	
1423	9263	24965	
1337	9140	25070	
1348	9125	25084	
1408	9139	25110	
1418	9155	25135	
1418	9111	25007	
1335	9255	25005	
1326	9225	25066	
1280	9240	25133	
1388	9127	25021	
1360	9203	25158	
1299	9305	25054	
1376	9117	25101	
1373	9177	25001	
1399	9270	24946	
1389	9050	25145	
1330	9236	25116	
1299	9193	25143	
1361	9136	25123	
1348	9039	25139	
1277	9113	25150	
1416	9127	25066	
1283	9096	25054	
1351	9337	24962	
1384	9118	25074	
1298	9108	25076	
1398	9189	25067	
1427	9098	25044	
1354	9308	25089	
1393	9175	24997	
1367	9208	25181	
1415	9384	25024	
1393	9058	25182	
1395	9287	24889	
1366	9173	25006	
1383	9240	24886	
1375	9147	25127	
1352	9146	25155	
1369	9331	24858	
1393	9042	25207	
1396	9075	25239	
1390	9382	24829	
1365	9138	25220	
1282	9300	25028	
1432	9186	25042	
1374	9167	25097	
1341	9116	25014	
1397	9186	25017	
1372	9155	24968	
1325	9246	25101	
1358	9135	25107	
1330	9251	25021	
1379	9177	25128	
1320	9143	24974	
1327	9157	25027	
1343	9238	24999	
1325	9337	24943	
1341	9276	25019	
1355	9176	25028	
1349	9093	25141	
1404	9082	25130	
1362	9121	25037	
1376	9119	25139	
1390	9152	25045	
1310	9065	25117	
1386	9384	24782	
1386	9218	24940	
1302	9120	25130	
1398	8896	25372	
1382	9324	24877	
1244	9232	25102	
1389	9185	24975	
1309	9329	25013	
1362	9089	25069	
1375	9141	25060	
1415	9159	25025	
1349	9280	25011	
1354	9174	24961	
1371	9216	25026	
1339	9164	25174	
1427	9443	24852	
1324	9328	24946	
1403	9119	25136	
1262	9205	25052	
1369	9099	25094	
1325	9279	24969	
1308	9174	25018	
1379	9026	25060	
1409	9253	24980	
1366	9226	25014	
1334	9175	25020	
1371	9382	24889	
1317	9308	25019	
1347	9160	25021	
1322	9109	25186	
1375	9195	25119	
1324	9137	25091	
1364	9253	24959	
1299	9186	25028	
1353	9126	25213	
1343	9242	25088	
1337	9119	25189	
1349	9394	24779	
1380	9323	24849	
1303	9240	25171	
1333	9045	25125	
1371	9157	25040	
1387	9161	25058	
1288	9393	24921	
1392	9140	25080	
1346	9145	25059	
1355	9224	24975	
1329	9232	25006	
1342	9252	25005	
1305	8992	25233	
1334	9188	25034	
1373	9033	25120	
1403	9053	25224	
1355	9331	24866	
1424	9198	25059	
1274	9279	25005	
1418	9030	25084	
1349	9409	24818	
1371	9228	25058	
1365	9207	25010	
1328	9127	25103	
1303	9128	25085	
1404	9180	25041	
1391	9069	25212	
1380	9227	25095	
1339	9029	25206	
1421	9305	24866	
1352	9136	25181	
1296	9158	25024	
1401	9326	24802	
1357	9156	25067	
1362	9319	25033	
1415	9277	24953	
1315	9182	25017	
1333	8942	25333	
1397	9241	24869	
1422	9176	25067	
1294	9199	25035	
1383	9246	25002	
1361	9211	24859	
1355	9255	25024	
1297	9260	25036	
1411	9079	25120	
1380	9075	25193	
1380	9308	24933	
1375	9246	24850	
1349	9014	25245	
1365	9183	25132	
1364	9145	25050	
1379	9104	25234	
1357	9393	24845	
1409	9296	24985	
1340	9175	25107	
1363	9240	24967	
1334	9114	25052	
1379	9333	25065	
1365	9278	25017	
1321	9096	25092	
1349	9259	24876	
1393	9261	24976	
1370	9300	24873	
1386	9159	24996	
1327	9311	25056	
1351	9224	24923	
1334	9147	25136	
1372	9197	24995	
1382	9233	25037	
1463	9252	24998	
1380	9111	25089	
1281	9146	25157	
1356	9355	24947	
1313	9160	25073	
1357	9210	25113	
1429	9373	24918	
1409	9108	25045	
1355	9106	25062	
1353	9147	24940	
1351	9101	25051	
1335	9067	25185	
1308	9307	24949	
1380	9151	25029	
1436	8977	25093	
1352	9275	24918	
1265	9337	24869	
1371	9280	24831	
1383	9143	25028	
1297	9182	25076	
1399	9251	24915	
1392	9070	25160	
1361	9223	25035	
1336	9265	25107	
1360	9198	25071	
1398	9173	25086	
1326	9329	25037	
1390	9281	24874	
1337	9363	24870	
1342	9020	25176	
1287	9176	25130	
1274	9169	25095	
1386	9192	25020	
1349	9325	24993	
1384	9349	24855	
1395	9219	25073	
1295	9255	25117	
1319	9107	25227	
1365	9291	24875	
1307	9099	25059	
1408	9118	25017	
1350	9163	25154	
1383	9161	25178	
1421	9175	25041	
1352	9128	25114	
1400	9189	24962	
1377	9169	25018	
1331	9188	25097	
1271	9236	24970	
1361	9130	25094	
1307	9132	25011	
1299	9260	24913	
1398	9182	25029	
1299	9120	25091	
1420	9211	24963	
1415	9403	24890	
1312	9195	25027	
1363	9379	24891	
1341	9256	25091	
1339	9227	25021	
1341	9166	24993	
1370	9194	25049	
1377	9299	24898	
1295	9090	25132	
1319	9288	25022	
1373	9210	24972	
1316	9191	25113	
1337	9290	25040	
1291	9165	25043	
1238	9228	25040	
1369	9251	24931	
1303	9256	25012	
1331	9220	25013	
1373	9283	24975	
1365	9186	25107	
1297	9284	24910	
1422	9264	24962	
1407	9257	24843	
1353	9082	25206	
1356	9219	25020	
1331	9098	25119	
1297	9249	25123	
1390	9242	25080	
1354	9330	24892	
1361	8998	25236	
1408	9105	25089	
1318	9134	25034	
1337	9202	25094	
1360	9203	25060	
1300	9177	25168	
1349	9243	24980	
1299	9337	24922	
1369	9072	25154	
1359	9108	25153	
1293	9169	25150	
1355	9229	25169	
1327	9178	24933	
1307	9283	25016	
1298	9179	25071	
1395	9287	24830	
1382	9319	24971	
1365	9293	24863	
1349	9106	25003	
1300	9293	24979	
1326	9273	24947	
1366	9183	25129	
1382	9266	25015	
1304	9304	24974	
1317	9260	25014	
1390	9165	25078	
1395	9345	24895	
1375	9256	24976	
1376	9228	25079	
1418	9089	25152	
1394	9171	25112	
1323	9086	25125	
1359	9157	25138	
1339	9266	24889	
1381	9121	25071	
1308	9178	25199	
1409	9092	25237	
1388	9097	25045	
1379	9233	24894	
1381	9175	25148	
1366	9273	24961	
1313	9217	25003	
1383	9207	25056	
1378	9175	25012	
1303	9371	24909	
1390	9164	25168	
1473	8988	25391	
1400	9189	25078	
1367	9186	25060	
1328	9115	25116	
1359	9116	25189	
1398	9199	25011	
1306	9265	25076	
1273	9264	25041	
1379	9119	25123	
1394	9072	25217	
1367	9251	24936	
1338	9084	25192	
1318	9214	25101	
1365	9109	25019	
1295	9169	25113	
1415	9231	25052	
1453	9179	24957	
1360	9176	25095	
1439	9201	25097	
1352	9207	25087	
1304	9130	25035	
1435	9243	25040	
1404	9252	24983	
1317	9129	25039	
1308	9300	24934	
1361	9213	25041	
1352	9320	24951	
1386	9070	25203	
1334	9129	25066	
1316	9134	25209	
1248	9243	25012	
1320	9176	24977	
1389	8977	25218	
1388	9205	25030	
1324	9389	24886	
1361	9274	24983	
1375	9149	25036	
1412	9171	25100	
1357	9230	25009	
1320	9218	25083	
1371	9251	24981	
1402	9084	25043	
1434	9301	24949	
1343	9149	25139	
1331	9081	25097	
1339	9250	24864	
1369	9265	25023	
1295	9197	25062	
1344	9126	25153	
1339	9170	25024	
1370	9221	24918	
1339	9288	25017	
1319	9135	25080	
1422	9143	25020	
1340	9217	25181	
1333	9087	25236	
1340	9169	25157	
1378	9209	24951	
1318	9204	25103	
1262	9162	25142	
1367	9283	25019	
1405	9210	25000	
1332	9205	25026	
1409	9197	24963	
1352	9208	24990	
1288	9131	25134	
1393	9278	24940	
1322	9196	25048	
1345	9166	25088	
1367	9123	25026	
1345	8984	25201	
1327	9209	25149	
1203	9289	25071	
1263	9204	25098	
1345	9225	24941	
1356	9252	25003	
1369	9026	25142	
1329	9160	25145	
1325	9392	24870	
1359	9281	25159	
1319	9237	25048	
1321	9117	25123	
1364	9163	25048	
1346	9264	25026	
1296	9216	25104	
1365	9162	25146	
1376	9238	25006	
1387	9270	24998	
1374	9081	25193	
1396	9149	25022	
1332	9286	24984	
1326	9185	25193	
1359	9148	25151	
1350	9254	25034	
1343	9169	24960	
1344	9315	24939	
1327	9234	24971	
1458	9281	24889	
1339	9128	25153	
1377	9237	25011	
1412	9210	24878	
1390	9259	24880	
1302	9358	24909	
1344	9162	25072	
1340	9164	25114	
1375	9161	25026	
1332	9071	25127	
1299	9122	25072	
1312	9180	25138	
1391	9300	24977	
1422	9227	25002	
1324	9231	25143	
1336	9308	24982	
1291	9288	25092	
1316	9131	25105	
1385	9166	24957	
1320	9190	24983	
1354	9172	25102	
1463	9173	25007	
1391	9124	25010	
1386	9308	24835	
1439	9230	25075	
1385	9295	24955	
1328	9177	25015	
1374	9309	24894	
1324	9171	25055	
1286	9305	24905	
1403	9196	24983	
1319	9206	25050	
1436	9200	24901	
1350	9106	25185	
1386	9030	25190	
1301	9143	25107	
1344	9100	25189	
1333	9251	25053	
1332	9177	25090	
1373	9156	24954	
1381	9135	24924	
1307	9263	25011	
1344	9231	24958	
1239	9185	25122	
1340	9155	25096	
1379	9361	24933	
1362	9131	24974	
1375	9169	25146	
1351	9219	25100	
1344	9239	25068	
1405	9265	24898	
1334	9292	24938	
1307	9203	25084	
1372	9137	25015	
1336	9288	24980	
1284	9407	24846	
1283	9174	25088	
1377	9137	25015	
1410	9250	24966	
1336	9176	25201	
1359	9132	24973	
1364	9116	25116	
1364	9270	25001	
1329	9371	25021	
1331	9169	25036	
1324	9248	24983	
1349	9317	24921	
1387	9226	25044	
1370	9282	24961	
1360	9205	25049	
1372	9139	25142	
1367	9131	25081	
1374	9097	25112	
1389	9225	25018	
1365	9297	24891	
1474	9157	25118	
1320	9209	25029	
1370	9180	25079	
1388	9229	25089	
1300	9103	25105	
1373	9210	25179	
1341	9183	25030	
1383	9198	24987	
1253	9071	25237	
1398	9210	25036	
1372	9180	24991	
1395	9306	24963	
1404	9266	25029	
1396	9146	24980	
1363	9133	25034	
1311	9231	24984	
1369	9221	25162	
1375	9170	25101	
1325	9146	25068	
1430	9163	25017	
1400	9287	24893	
1281	9254	25006	
1309	9193	25052	
1297	9229	25045	
1388	9269	25017	
1371	9196	24992	
1340	9160	25018	
1389	9231	24966	
1423	9233	24966	
1305	9256	25028	
1409	9185	24998	
1358	9221	25084	
1313	9235	25097	
1305	9232	25068	
1377	9049	25177	
1348	9240	25113	
1395	9163	25011	
1292	9272	25070	
1346	9139	25009	
1360	9208	24974	
1302	9401	24881	
1422	9168	25105	
1297	9234	24976	
1330	9240	24914	
1289	9184	25213	
1337	9306	24829	
1366	9181	25071	
1374	9145	25088	
1384	9327	24947	
1345	9465	24892	
1333	9150	25050	
1355	9089	25140	
1338	9266	25073	
1377	9134	24928	
1376	9291	24909	
1287	9248	25002	
1355	9341	24912	
1311	9268	24977	
1273	9278	25029	
1461	9276	24998	
1381	9164	24995	
1467	9204	25038	
1354	9193	25132	
1311	9429	24930	
1317	9108	25080	
1340	9170	25026	
1403	9227	24929	
1367	9174	25058	
1435	9185	24997	
1301	9088	25198	
1326	9262	24971	
1337	9189	25003	
1339	9267	24879	
1257	9353	25017	
1435	9212	24972	
1349	9383	24864	
1402	9193	25016	
1311	9215	25120	
1326	9288	24969	
1386	9281	25002	
1336	9225	25202	
1369	9219	25042	
1340	9114	25202	
1347	9069	25236	
1292	9110	25208	
1367	9272	24922	
1433	9255	24982	
1427	9129	25087	
1395	9217	24981	
1324	9162	24922	
1369	9223	25148	
1300	9140	25132	
1365	9301	24842	
1417	9187	25004	
1393	9190	24987	
1260	9297	24893	
1267	9169	25056	
1342	9281	24935	
1352	9366	24945	
1331	9116	25043	
1348	9085	25233	
1324	9277	24893	
1361	9078	25267	
1371	9213	25040	
1309	9124	25121	
1393	9147	24997	
1339	9023	25183	
1302	9379	24923	
1356	9194	25036	
1335	9166	25082	
1375	9011	25159	
1343	9220	24946	
1426	9284	25011	
1323	9141	25112	
1324	9360	24873	
1339	9139	25132	
1396	9167	24955	
1294	9245	25132	
1444	9074	25183	
1339	9172	25046	
1314	9366	24924	
1386	9111	25136	
1342	9143	25124	
1384	9164	25188	
1282	9290	24962	
1374	9271	24993	
1357	9047	25097	
1406	9201	25024	
1332	9157	25023	
1305	9201	24981	
1363	9312	25133	
1288	9274	24892	
1354	9067	25151	
1349	9186	25019	
1356	9123	25114	
1364	9328	25028	
1407	9248	25037	
1418	9294	25003	
1375	9314	24901	
1389	9164	25133	
1405	9343	24877	
1357	9139	25107	
1369	9220	24955	
1365	9136	24953	
1443	9120	25078	
1304	9285	25043	
1337	9238	24979	
1381	9140	25105	
1381	9103	25102	
1383	9196	25099	
1360	9172	24877	
1438	9266	24941	
1338	9295	24972	
1329	9162	24958	
1311	9193	24993	
1378	9174	25078	
1387	9262	24897	
1381	9140	25038	
1336	9292	25100	
1386	9230	24911	
1318	9206	24982	
1376	9304	24878	
1420	9201	24933	
1336	9134	25082	
1353	9125	25091	
1394	9335	24933	
1355	9151	25212	
1410	9194	24936	
1403	9222	24898	
1335	9100	25121	
1359	9340	24920	
1457	9202	24995	
1335	9239	25052	
1342	9127	24980	
1400	9324	25014	
1392	9330	24866	
1329	9200	24956	
1316	9319	24899	
1367	9149	25094	
1353	9203	25064	
1342	9322	24891	
1336	9184	25067	
1362	9136	25034	
1339	9089	25122	
1319	9330	24932	
1353	9107	25186	
1393	9059	25157	
1335	9200	25137	
1312	9226	24875	
1418	9303	24966	
1367	9178	24968	
1340	9354	24835	
1330	9194	25034	
1343	9232	24973	
1348	9171	25076	
1358	9175	25063	
1360	9312	24970	
1375	9294	24946	
1328	9145	25010	
1421	9100	25107	
1358	9226	25073	
1377	9351	25035	
1346	9239	25060	
1386	9183	25113	
1382	9178	24978	
1335	9161	24937	
1376	9267	24930	
1319	9213	25086	
1329	9185	25147	
1346	9093	25166	
1441	9178	25017	
1317	9302	25004	
1397	9130	25067	
1313	9149	25063	
1371	9053	25241	
1231	9254	25091	
1299	9158	25171	
1248	9205	25134	
1407	9337	24977	
1369	9092	25128	
1370	9260	24940	
1389	9050	25167	
1435	9198	24938	
1369	9085	25059	
1346	9156	25041	
1273	9142	25131	
1361	9170	25132	
1296	9284	25026	
1312	9083	25147	
1315	9302	24964	
1337	9227	24964	
1329	9134	25215	
1365	9139	25276	
1296	9145	25075	
1337	9109	25012	
1299	9266	24997	
1350	9170	25089	
1386	9135	24942	
1404	9057	25082	
1354	9110	25060	
1332	9044	25298	
1316	9298	24933	
1354	9196	25037	
1423	9023	25076	
1444	9182	25125	
1350	9222	24994	
1383	9251	25053	
1396	9144	25036	
1352	9273	25001	
1293	9267	24990	
1295	9177	25125	
1331	9235	25079	
1272	9155	25186	
1390	9202	24979	
1279	9171	25058	
1278	9152	25007	
1340	9096	25188	
1369	9311	25031	
1381	9365	24915	
1320	9250	25094	
1372	9136	25253	
1381	9187	25101	
1380	9258	25029	
1345	9168	24985	
1323	9192	25128	
1404	9211	25014	
1372	9191	25031	
1377	9211	24984	
1383	9263	24930	
1328	9333	24923	
1348	9131	25122	
1370	9121	25106	
1332	9229	25007	
1406	9209	25001	
1353	9079	25124	
1328	9339	25050	
1370	9210	25019	
1363	9059	25169	
1307	9128	25067	
1332	9255	24924	
1376	9202	24949	
1292	9328	24777	
1332	9271	24988	
1339	9287	24909	
1355	9085	25121	
1347	9179	25158	
1347	9130	25196	
1360	9229	25094	
1479	9218	24877	
1321	9308	24989	
1390	9414	24838	
1382	9275	24925	
1404	9386	24800	
1349	9035	25209	
1359	9176	25166	
1364	9186	25080	
1338	9194	25037	
1306	9133	25129	
1400	9156	25012	
1312	9063	25247	
1386	9198	25005	
1336	9128	25027	
1444	9218	24927	
1359	9267	24995	
1426	9287	24998	
1347	9144	24924	
1377	9207	25145	
1315	9253	25055	
1355	9226	25014	
1357	9102	25170	
1319	9089	25117	
1393	9229	24913	
1385	8997	25273	
1339	9279	24917	
1429	9254	25007	
1389	9435	24851	
1357	9106	25098	
1335	9136	25057	
1379	9217	25090	
1344	9310	25058	
1301	9164	25044	
1315	9065	25139	
1393	9176	25091	
1349	9235	24992	
1371	9237	25023	
1283	9061	25203	
1373	9300	25063	
1343	9234	25099	
1384	9214	25030	
1308	9239	25027	
1338	9226	25041	
1366	9161	25160	
1313	9116	25007	
1325	9389	24857	
1340	9194	25171	
1378	9146	25069	
1366	9121	25037	
1329	9125	25071	
1341	9206	25042	
1286	9163	25134	
1287	9204	24876	
1384	9253	24949	
1391	9288	25055	
1389	9213	25029	
1293	9184	24977	
1385	9226	24919	
1314	9215	25039	
1372	9174	25025	
1353	9151	25033	
1350	9205	25094	
1352	9297	24949	
1323	9191	25036	
1349	9209	25074	
1351	9225	24969	
1369	9105	25153	
1343	9070	25118	
1323	9064	25151	
1314	9252	25023	
1374	9144	25026	
1450	9171	25083	
1422	9181	25109	
1382	9349	24865	
1380	9395	24895	
1311	9306	24912	
1320	9077	25146	
1359	9251	25012	
1298	9233	25088	
1417	9073	25081	
1366	9091	25035	
1363	9185	25076	
1376	9209	25027	
1342	9078	25180	
1337	9235	25046	
1395	9349	24851	
1341	9269	24923	
1283	9202	25060	
1320	9051	25187	
1356	9235	24907	
1302	9166	25032	
1420	9178	25035	
1403	9120	25042	
1349	9161	24951	
1390	9119	25149	
1332	9293	24909	
1365	9195	25005	
1449	9267	24909	
1338	9268	25057	
1345	9399	24913	
1372	9277	24938	
1332	9286	24946	
1328	9274	24956	
1378	9226	24907	
1352	9300	24945	
1294	9054	25164	
1330	9165	25027	
1321	9186	25098	
1370	9314	24894	
1360	9175	25021	
1368	9183	25025	
1361	9180	25142	
1323	9077	25177	
1296	9061	25185	
1336	8997	25238	
1361	9238	25052	
1383	9218	24932	
1316	9212	25073	
1334	9228	24980	
1372	9126	25084	
1374	9065	25070	
1382	9271	24893	
1471	9194	25103	
1395	9212	24986	
1332	9183	25147	
1388	9209	24994	
1393	9245	24984	
1392	9277	24945	
1323	9114	25116	
1389	9022	25061	
1276	9215	25100	
1342	9185	25003	
1280	9274	25095	
1419	9135	25155	
1420	9104	25144	
1371	9251	24881	
1285	9219	25102	
1446	9181	25011	
1345	9099	24976	
1336	9108	25101	
1416	9229	24972	
1336	9195	25035	
1367	9217	25053	
1408	9233	24961	
1381	9232	24863	
1345	9207	25024	
1324	9169	25040	
1379	9231	24983	
1393	9271	24953	
1421	9267	24986	
1422	9199	25069	
1368	9240	24913	
1319	9165	25049	
1264	9176	25108	
1354	9252	24896	
1396	9059	25048	
1375	9054	25232	
1310	9128	25082	
1429	9016	25172	
1381	9103	25107	
1373	9110	25046	
1377	9259	24963	
1418	9217	24994	
1376	9174	24994	
1379	9328	24881	
1394	9104	25161	
1343	9108	25100	
1338	9274	25079	
1371	9155	25005	
1417	9316	24921	
1371	9075	25139	
1348	9290	25049	
1294	9422	24835	
1313	9108	25102	
1318	9068	25190	
1367	9079	25125	
1316	9291	24980	
1343	9142	25164	
1351	9256	24955	
1303	9198	25064	
1305	9046	25230	
1318	9170	25095	
1286	9158	25056	
1284	9195	25107	
1332	9188	25054	
1405	9199	25056	
1374	9027	25182	
1334	9275	24967	
1406	9177	25093	
1359	9114	25155	
1348	9180	25027	
1345	9135	25094	
1355	9268	24924	
1275	9313	24977	
1384	9165	25051	
1385	9114	25118	
1383	9236	24964	
1385	9223	24875	
1318	9228	25069	
1356	9208	25162	
1426	9187	25003	
1265	9168	25140	
1380	9283	25002	
1374	9199	24966	
1287	9176	25013	
1406	9213	25036	
1330	9088	24970	
1377	9238	24989	
1426	9280	24944	
1336	9091	25155	
1370	9008	25156	
1433	8997	25181	
1361	9145	25067	
1369	9098	25127	
1375	9041	25163	
1292	9229	24922	
1332	9150	25097	
1347	9101	25225	
1340	9252	24964	
1268	9225	25077	
1324	9222	25207	
1346	9272	25007	
1365	9157	25074	
1332	9246	25050	
1336	9142	25021	
1386	9227	24936	
1378	9063	25080	
1386	9231	25047	
1331	9057	25158	
1337	9164	24955	
1440	9148	24977	
1323	9097	25213	
1275	9115	25014	
1341	9240	24927	
1398	9234	24940	
1358	9026	25167	
1370	9160	25063	
1387	9088	25132	
1345	9170	24973	
1373	9169	25148	
1382	9139	25072	
1320	9113	25041	
1359	9235	25037	
1306	9183	25069	
1295	9152	25150	
1326	9180	24937	
1296	9184	25071	
1370	9076	25158	
1402	9117	25104	
1381	9214	25003	
1337	9174	24963	
1363	9396	24990	
1404	9301	24789	
1324	9061	25143	
1353	9171	24943	
1389	9197	24940	
1343	9052	25172	
1368	9093	25152	
1383	9234	25019	
1369	9127	25135	
1324	9227	25129	
1341	9256	25084	
1357	9225	24980	
1287	9176	25136	
1387	9111	25065	
1341	9300	24907	
1374	9234	24941	
1398	9266	24927	
1380	9164	24973	
1344	9228	25035	
1298	9159	24983	
1306	9192	25014	
1341	9309	24867	
1375	9317	25000	
1306	9140	25051	
1373	9286	24916	
1358	9024	25143	
1435	9248	24821	
1325	9193	25039	
1340	9077	25236	
1323	9105	25206	
1350	9151	25027	
1367	9128	25103	
1315	9146	25121	
1404	9082	25141	
1312	9218	25114	
1362	9249	25060	
1413	9203	24887	
1426	9193	25028	
1365	9275	24997	
1401	9218	25149	
1324	9177	24957	
1350	9125	25094	
1356	9118	25162	
1422	9275	25048	
1335	9205	25042	
1358	9103	25047	
1349	9119	25104	
1276	9243	24960	
1347	9274	24987	
1364	9207	25038	
1397	9140	25082	
1290	9226	24944	
1376	9250	25048	
1257	9293	24937	
1381	9395	24968	
1309	9237	24996	
1359	9212	25009	
1383	9142	25042	
1402	9143	25117	
1354	9349	24949	
1335	9214	25048	
1308	9384	24931	
1332	9192	25107	
1362	9240	24847	
1429	9213	25021	
1367	9112	25104	
1361	9155	24946	
1419	9053	25127	
1293	9264	24983	
1364	9314	24794	
1348	9174	25098	
1353	9145	25125	
1369	9161	24989	
1304	9217	24948	
1320	9190	25138	
1320	9254	25048	
1282	9065	25161	
1437	9168	24992	
1387	9275	25071	
1281	9337	24990	
1354	9229	24933	
1426	9292	24925	
1404	9206	24964	
1359	9251	25044	
1397	9093	25131	
1323	9254	24903	
1362	9140	24974	
1287	9118	25228	
1362	9169	24931	
1385	9099	25210	
1358	9140	25136	
1408	9103	25016	
1325	9214	25116	
1299	9320	24947	
1253	9264	25035	
1328	9213	25063	
1412	9200	24981	
1382	9238	24940	
1316	9153	25157	
1350	9180	24906	
1359	9248	24918	
1308	9101	25083	
1355	9344	24994	
1314	9195	25063	
1372	9232	25096	
1346	9105	25139	
1325	9340	24931	
1277	9120	25096	
1371	9106	25044	
1386	9103	25117	
1388	9250	24876	
1438	9190	24941	
1310	9308	25024	
1334	9231	25049	
1335	9239	25015	
1329	9037	25220	
1373	9282	24993	
1385	9159	25150	
1390	9158	25048	
1409	9151	25065	
1304	9242	24991	
1346	9361	24909	
1332	9198	24952	
1350	9354	24853	
1347	9214	24984	
1364	9222	24931	
1439	9188	25001	
1344	9330	24933	
1337	9108	25209	
1291	9283	24955	
1377	9286	24953	
1288	9179	25142	
1290	9149	25139	
1429	9117	25183	
1376	9071	25174	
1383	9105	25107	
1311	9173	24980	
1376	9178	24928	
1302	9096	25186	
1349	9168	25070	
1348	9123	24992	
1289	8938	25332	
1353	9301	24886	
1342	9308	24971	
1381	9089	25185	
1317	8979	25180	
1369	9252	25000	
1324	9222	24969	
1308	9230	24969	
1293	9166	25091	
1414	9090	25165	
1367	9222	25066	
1271	9218	25155	
1510	9145	24902	
1327	8891	25406	
1344	9150	25031	
1346	9223	25074	
1369	9316	24936	
1258	9270	24953	
1321	9231	25012	
1312	9247	25012	
1341	9164	25069	
1427	9124	25046	
1398	9230	24939	
1343	9226	24952	
1306	9168	25099	
1429	9103	24957	
1328	9025	25310	
1287	9057	25161	
1320	9260	24956	
1428	9075	25085	
1413	9131	25104	
1426	9084	25113	
1381	9319	24906	
1336	9045	25161	
1345	9103	25089	
1403	9231	25044	
1395	9206	24938	
1340	9357	24859	
1300	9221	25079	
1323	9238	25031	
1348	9015	25108	
1416	9316	25008	
1432	9183	24984	
1375	9086	25048	
1302	9125	25078	
1405	9192	25038	
1355	9110	25087	
1346	9328	24805	
1334	9171	24954	
1342	9299	24855	
1330	9242	24892	
1373	9179	24924	
1296	9112	25094	
1337	9211	25084	
1338	9040	25192	
1337	9273	24967	
1419	9004	25148	
1344	9171	25083	
1412	9122	25160	
1314	9294	24943	
1369	9170	25036	
1363	9266	24783	
1313	9201	25065	
1354	9134	25111	
1401	9056	25184	
1367	9245	24975	
1285	9344	24871	
1348	9161	25193	
1357	9266	25134	
1357	9208	24987	
1375	9353	24817	
1375	9048	25046	
1429	9180	25052	
1375	9231	25085	
1300	9138	25161	
1345	9120	25007	
1377	9239	25027	
1400	8993	25224	
1245	9145	25124	
1409	9244	25000	
1416	9260	25087	
1386	9222	25068	
1334	9287	25006	
1365	9168	24946	
1339	9188	24978	
1326	9281	24960	
1327	9225	25009	
1313	9220	25093	
1357	9208	24982	
1325	9194	25055	
1359	9304	24886	
1386	9255	24998	
1316	9227	24919	
1337	9168	25047	
1309	9168	25084	
1253	9090	25230	
1343	9262	24984	
1321	9220	25032	
1316	9353	24836	
1303	9203	25082	
1383	9053	25105	
1370	9274	24941	
1359	9259	24979	
1355	9199	25078	
1328	9210	25037	
1382	9378	24956	
1352	9146	25024	
1458	9114	25074	
1284	9268	24977	
1319	9270	25013	
1286	9215	25103	
1364	9252	25046	
1329	9170	24977	
1456	9100	25180	
1325	9215	25203	
1324	9146	24997	
1404	9313	24988	
1315	9208	24958	
1360	9129	25059	
1304	9021	25291	
1369	9347	24888	
1304	8978	25234	
1279	9338	24847	
1366	9183	24966	
1297	9185	25085	
1349	9176	25105	
1406	9259	24940	
1405	9152	24984	
1401	9251	24942	
1384	9264	24893	
1400	9213	25069	
1377	9104	25115	
1321	9165	25064	
1366	9173	24991	
1336	9199	25030	
1434	9087	25174	
1343	9308	24855	
1349	9169	25133	
1322	9108	25229	
1356	9165	25108	
1400	9227	24975	
1399	9190	24974	
1395	9126	25055	
1472	9063	25050	
1290	9288	24958	
1351	9201	25073	
1436	9069	25111	
1356	9268	24962	
1339	9353	24940	
1409	9341	24858	
1380	9087	25092	
1442	9256	24985	
1337	9204	25164	
1309	9169	25073	
1356	9128	25091	
1299	9351	24873	
1355	9263	24958	
1264	9330	24997	
1395	9160	25110	
1324	9292	24965	
1399	9072	25083	
1330	9009	25237	
1340	9193	24942	
1337	9179	25188	
1283	9228	25016	
1308	9170	25018	
1413	9125	25110	
1403	9143	25108	
1330	9246	25138	
1289	9267	25066	
1308	9203	25049	
1321	9000	25234	
1340	9285	25011	
1366	9281	24933	
1314	9242	25082	
1370	9125	25110	
1373	9153	25090	
1397	9251	24991	
1222	9153	25170	
1307	9204	24996	
1376	9212	25047	
1409	9296	24904	
1399	9210	25013	
1354	9218	25062	
1378	9387	25056	
1316	9136	25249	
1337	9196	24955	
1402	8967	25132	
1357	9322	24957	
1305	9325	24980	
1359	9307	24889	
1354	9277	24955	
1399	9138	25151	
1395	9259	24942	
1327	9224	24964	
1357	9236	25053	
1329	9281	24949	
1412	9270	24911	
1344	9227	25015	
1411	9119	25050	
1292	9300	24978	
1433	9280	25022	
1340	9154	25112	
1386	9101	25191	
1357	9157	25123	
1389	9305	24779	
1354	9181	25097	
1303	9320	25024	
1351	9231	24991	
1366	9148	24993	
1403	9316	24910	
1296	9068	25066	
1375	9154	25025	
1342	9311	24941	
1431	9224	25051	
1326	9248	25030	
1403	9305	24921	
1426	9220	24911	
1232	9292	24883	
1294	9225	25074	
1291	9318	24884	
1344	8971	25307	
1377	9293	24891	
1393	9280	25000	
1317	9022	25101	
1362	9192	24991	
1335	9302	25000	
1351	9251	24979	
1401	9221	24943	
1349	9204	25165	
1308	9199	25111	
1391	9176	24981	
1409	9173	24980	
1296	9279	24907	
1325	9155	25074	
1337	9312	24932	
1479	9178	25080	
1330	9087	25202	
1336	9116	25150	
1375	9211	25107	
1310	9367	24877	
1316	9171	25079	
1375	9170	25062	
1354	9094	25136	
1362	9357	24795	
1305	9171	25090	
1348	9283	24995	
1325	9266	24957	
1423	9257	24858	
1384	9017	25066	
1308	9209	24954	
1355	9334	24975	
1420	9104	25039	
1396	9324	24995	
1327	9353	24877	
1407	9163	25042	
1376	9255	25055	
1306	9270	24993	
1416	9281	24940	
1374	9125	25136	
1364	9177	25130	
1301	9179	25128	
1370	8981	25261	
1348	9056	25102	
1387	9195	25082	
1367	9158	25056	
1385	9260	25021	
1392	9158	25112	
1352	9197	24933	
1416	9135	25089	
1406	9153	25062	
1297	9145	25172	
1385	9252	25108	
1336	9242	25126	
1348	9258	24981	
1333	9153	25121	
1340	9228	25043	
1418	9252	24972	
1367	9202	25021	
1331	8911	25325	
1266	9177	25020	
1310	9215	25022	
1385	9142	25047	
1291	9217	25191	
1410	9194	25118	
1320	9200	25199	
1301	9197	25026	
1294	9266	25015	
1347	9197	24934	
1337	9168	25002	
1433	9135	25100	
1330	9233	25014	
1421	9225	25056	
1352	9114	25212	
1368	9223	25084	
1272	9140	25073	
1408	9167	25119	
1368	9051	25170	
1369	9258	24857	
1273	9259	24970	
1288	9333	24975	
1343	9217	25107	
1341	9199	25090	
1382	9224	24918	
1406	9112	25124	
1273	9421	24865	
1353	9167	25015	
1368	9246	25100	
1388	9196	25040	
1398	9240	25065	
1295	9287	25030	
1374	9092	25292	
1359	9232	24927	
1373	9308	24851	
1403	9183	25044	
1311	9171	25123	
1343	9234	25043	
1357	9122	25119	
1369	9222	24939	
1365	9042	25073	
1357	9367	24865	
1281	9158	25122	
1382	9168	25004	
1291	9272	25072	
1400	9276	25028	
1430	9001	25144	
1356	9155	25053	
1398	9250	24941	
1328	9215	25044	
1381	9131	25018	
1316	9300	24953	
1353	9177	25128	
1318	9148	25152	
1405	9187	25036	
1394	9190	24918	
1330	9011	25228	
1283	9054	25154	
1301	9063	25134	
1361	9234	24995	
1444	9263	24864	
1331	9107	25147	
1389	9203	24943	
1345	9348	24834	
1391	9004	25179	
1284	9180	25027	
1352	9097	25209	
1342	9195	24976	
1256	9291	24993	
1386	9192	24940	
1281	9106	25082	
1413	9261	24997	
1326	9102	25061	
1372	9332	24834	
1386	9166	25081	
1315	9242	24957	
1346	9083	25066	
1352	9199	25081	
1336	9497	24734	
1345	9339	25110	
1316	9189	25169	
1330	9084	25065	
1335	9204	25078	
1309	9227	25135	
1314	9051	25216	
1326	9020	25311	
1343	9110	25009	
1323	9342	24950	
1387	9291	24901	
1307	9273	25045	
1276	9183	24958	
1300	9245	25066	
1333	9240	25065	
1387	9104	25096	
1377	9238	25000	
1403	9200	25044	
1345	9304	24881	
1329	9159	25112	
1280	9150	25213	
1339	9078	25131	
1347	9233	24781	
1285	9377	24841	
1378	9320	24928	
1331	9219	24988	
1379	9188	25042	
1358	9183	25097	
1333	9230	25068	
1245	9238	25050	
1347	9026	25148	
1363	9175	25118	
1376	9248	25020	
1285	9200	25035	
1336	8985	25211	
1321	9163	25032	
1396	9357	24891	
1352	9161	25067	
1312	9152	25034	
1348	9188	24883	
1277	9139	25101	
1326	9146	25088	
1300	9137	25021	
1423	9205	25048	
1354	9390	24889	
1305	9343	24883	
1394	9166	25017	
1350	9283	25030	
1361	9211	24941	
1411	9162	24985	
1353	9220	24974	
1353	9222	25050	
1375	9083	25083	
1337	9218	25068	
1388	9208	24982	
1270	9204	25128	
1354	9256	25025	
1370	9243	25003	
1297	9110	25249	
1384	9229	25024	
1295	9107	25238	
1342	9005	25068	
1379	9200	25079	
1357	9246	24986	
1353	9229	24954	
1344	9068	25237	
1340	9126	25120	
1297	9106	25183	
1301	8989	25246	
1393	9074	25153	
1339	9338	24968	
1350	9259	24989	
1384	9125	25012	
1360	9146	25069	
1364	9224	25063	
1354	9276	24890	
1402	9080	25045	
1349	9267	24954	
1426	9292	24854	
1372	9094	25201	
1282	9172	25061	
1330	9172	25075	
1381	9182	25003	
1329	9152	25015	
1339	9168	25043	
1333	9060	25127	
1391	9266	25031	
1357	9296	24963	
1291	9226	24963	
1417	9196	24990	
1330	9260	24903	
1322	9222	24898	
1327	9051	25121	
1427	9147	25053	
1319	9231	24952	
1393	9310	24887	
1367	9270	24910	
1323	9087	24976	
1299	9285	24976	
1382	9037	25004	
1391	9218	25016	
1311	9202	24987	
1454	9193	24990	
1383	9276	25030	
1318	9179	25020	
1373	9303	24910	
1385	9167	25085	
1312	9131	25214	
1395	9258	24832	
1367	9198	24968	
1337	9144	25018	
1318	9171	25052	
1396	9162	25000	
1333	9151	25160	
1385	9234	25090	
1298	9088	25230	
1329	9330	25023	
1354	9366	24853	
1312	9219	25124	
1372	9116	25042	
1321	9289	25027	
1315	9393	24849	
1348	9099	25026	
1305	9038	25256	
1300	9249	25078	
1306	9113	25101	
1409	9202	25086	
1338	9181	25128	
1451	9256	24958	
1391	9248	24947	
1328	9102	25223	
1362	9059	25079	
1296	9186	25092	
1404	9176	25011	
1332	9278	25062	
1361	9152	25052	
1300	9268	25023	
1337	9058	25081	
1270	9294	24908	
1302	9266	25029	
1387	9282	24952	
1317	9049	25151	
1321	9278	25058	
1329	9117	25030	
1365	9297	24900	
1329	9138	25039	
1332	9269	24991	
1393	9106	25010	
1317	9377	24817	
1417	9120	25052	
1353	9165	24995	
1413	9138	24967	
1468	9141	25116	
1339	9257	24962	
1319	9117	25232	
1325	9135	25128	
1376	9029	25167	
1339	9196	25028	
1348	9417	24905	
1382	9172	24953	
1386	9285	24889	
1283	9106	25102	
1376	9324	24833	
1310	9217	25064	
1371	9126	25043	
1388	9245	24937	
1330	9274	25090	
1356	9245	24952	
1397	8996	25184	
1373	9144	25044	
1360	9267	24975	
1301	9201	25018	
1310	9362	24981	
1334	9249	24961	
1339	9222	25065	
1357	9163	25196	
1362	9212	25098	
1353	9298	24987	
1423	9147	25112	
1363	9174	25074	
1365	9347	24895	
1319	9249	24947	
1374	9143	25105	
1439	9146	24936	
1326	9215	24941	
1327	9182	25124	
1328	9241	25081	
1375	9307	24867	
1333	9199	24876	
1374	9196	25001	
1364	9108	25150	
1344	9259	25040	
1353	9241	25131	
1341	9062	25233	
1326	9238	25029	
1310	9083	25143	
1330	9150	25100	
1407	9346	24915	
1376	9250	25031	
1461	9170	25067	
1358	9191	25059	
1300	9007	25231	
1306	9378	24856	
1405	9205	25045	
1323	9135	25058	
1320	9130	25068	
1298	9335	24957	
1352	9154	25041	
1366	9166	24972	
1368	9171	25016	
1420	9262	25009	
1314	9254	25068	
1410	9194	25020	
1349	9233	25037	
1346	9145	25130	
1449	9103	25136	
1362	9194	24893	
1355	9056	25162	
1411	9263	24951	
1240	9093	25219	
1397	9150	24962	
1366	9274	25098	
1311	9162	25038	
1338	9236	25039	
1361	9203	25028	
1296	9252	24948	
1354	9207	25084	
1359	9215	25140	
1266	9218	25052	
1263	9116	25076	
1385	9206	25019	
1371	9174	25058	
1289	9081	25082	
1333	9196	25065	
1406	9170	24996	
1369	9119	24997	
1327	9188	25076	
1342	9123	25098	
1438	9260	25027	
1407	9129	24982	
1298	9244	25047	
1324	8965	25250	
1320	9208	25050	
1330	9294	24961	
1422	9151	25092	
1379	9044	25273	
1356	9220	25024	
1349	9212	24911	
1385	9239	25007	
1266	9186	25108	
1348	9193	25002	
1339	9301	24899	
1356	9414	24738	
1367	9185	24940	
1298	9186	25088	
1310	9124	25150	
1321	9287	25026	
1385	9259	24969	
1337	9344	24816	
1406	9022	25053	
1317	9322	24952	
1433	9149	25069	
1330	9015	25257	
1362	9363	24845	
1355	9172	25161	
1362	9157	25127	
1314	9115	25233	
1304	9311	24860	
1379	9146	25075	
1304	9108	25152	
1418	9081	25027	
1343	9112	25197	
1434	9290	24939	
1290	9263	24956	
1394	9108	25214	
1337	9112	25133	
1349	9074	25153	
1338	9192	25174	
1295	9294	24884	
1267	9096	25109	
1333	9124	25127	
1293	9339	25085	
1414	9345	24947	
1352	9339	24934	
1350	9331	24895	
1363	9176	25117	
1387	9278	24947	
1347	9273	24904	
1317	9292	24949	
1313	9261	25037	
1389	9227	24992	
1339	9236	25007	
1358	9089	25129	
1394	9190	25021	
1372	9034	25230	
1345	9158	25116	
1326	9252	24957	
1386	9134	25045	
1338	9232	25080	
1405	9201	24989	
1375	9123	25186	
1328	9145	25158	
1381	9040	25058	
1384	9133	24965	
1341	9132	24996	
1301	9136	25129	
1384	9199	25066	
1320	9196	25126	
1383	9175	25167	
1356	9063	25209	
1296	9119	25041	
1391	9264	24862	
1360	9327	25034	
1321	9276	25050	
1333	9252	24909	
1277	9234	25059	
1347	9330	24908	
1278	9219	24954	
1327	9257	25065	
1296	9197	24974	
1330	9251	24892	
1360	9237	24968	
1421	9055	25224	
1336	9167	25067	
1283	9175	25107	
1395	9050	25246	
1389	9135	25204	
1342	9177	25114	
1323	9205	25119	
1340	9230	24960	
1360	9115	25148	
1436	9330	24824	
1362	9207	24934	
1400	9063	25094	
1341	9220	25110	
1402	9092	25123	
1304	9131	25100	
1308	9251	25021	
1340	9230	25099	
1415	9172	25068	
1310	9252	25019	
1341	9150	25110	
1344	9176	25076	
1334	9192	24992	
1417	9228	24903	
1400	9104	24977	
1381	9096	25021	
1324	9100	25315	
1370	9201	24949	
1348	9371	24889	
1303	9250	24990	
1318	9278	25021	
1379	9219	25051	
1333	9079	25147	
1356	9188	25092	
1303	9330	24911	
1411	9172	25109	
1384	9042	25039	
1405	9224	25050	
1355	9199	25036	
1369	9229	25010	
1383	9261	24995	
1358	9231	25069	
1306	9182	25115	
1415	9334	24905	
1349	9199	25052	
1340	9239	24998	
1323	9217	25036	
1406	9229	25005	
1294	9093	25064	
1416	9134	25068	
1369	9184	25197	
1318	9317	24887	
1342	9292	25006	
1361	9220	24999	
1345	9281	24989	
1360	9151	25156	
1324	9149	25133	
1432	9100	25074	
1338	9126	25155	
1387	9095	25094	
1362	9286	24911	
1339	9139	25146	
1390	9180	24977	
1416	9254	24864	
1314	9152	25146	
1335	9211	24917	
1316	9268	24900	
1373	9398	24834	
1400	9208	25020	
1387	9184	24942	
1342	9153	25088	
1438	9048	25127	
1359	9288	24908	
1329	9184	25067	
1365	9148	25167	
1370	9171	25061	
1396	9245	24953	
1384	9145	25063	
1372	9103	25027	
1345	9219	25117	
1362	9278	24951	
1282	9212	25133	
1490	9179	24930	
1399	9280	24904	
1349	8980	25314	
1348	9045	25161	
1327	9162	25003	
1287	9129	25101	
1354	9358	24899	
1426	9234	25078	
1401	9029	25180	
1338	9185	25144	
1333	9273	25001	
1241	9186	25096	
1377	9119	25045	
1386	9177	25096	
1394	9069	25111	
1359	9195	25051	
1327	9129	25107	
1353	9050	25069	
1310	9170	25079	
1358	9243	25078	
1449	9070	25084	
1394	9199	25049	
1467	9055	25107	
1352	9189	25074	
1274	9162	25002	
1385	9076	25180	
1364	9172	25050	
1339	9376	24807	
1348	9199	25030	
1357	9228	24969	
1401	9199	24893	
1302	8965	25217	
1310	9283	24931	
1340	9258	24968	
1351	9164	25020	
1303	9091	25084	
1387	9241	24972	
1376	9131	25055	
1384	9208	24962	
1439	9173	24974	
1357	9028	25235	
1372	9093	25160	
1386	9350	24975	
1382	9146	25144	
1283	9213	25058	
1384	9287	24987	
1292	9012	25325	
1309	9325	24929	
1332	9194	24950	
1262	9111	25072	
1441	9094	24991	
1388	9104	25182	
1379	9231	24877	
1398	9248	24998	
1399	9221	24977	
1421	9184	25046	
1346	9187	25028	
1346	9130	25102	
1293	9260	25019	
1441	9143	24936	
1387	9181	24976	
1353	9112	25057	
1374	9123	25061	
1281	9224	25031	
1397	9298	24992	
1273	9215	24993	
1340	9088	25079	
1365	9200	25043	
1319	9102	25137	
1384	9260	25059	
1391	9130	25013	
1353	9315	25069	
1339	9181	25106	
1348	9331	24960	
1375	9262	25054	
1330	9324	25081	
1386	8950	25239	
1438	9213	25037	
1370	9160	25062	
1330	9231	24963	
1467	9290	24790	
1292	9078	25214	
1356	9218	24996	
1331	9120	25067	
1381	9140	25085	
1312	9268	25054	
1403	9207	25053	
1443	9154	25051	
1364	9156	24952	
1397	9153	25106	
1385	9227	24955	
1357	9181	24979	
1385	9212	24888	
1385	9183	25036	
1404	9289	24969	
1363	9276	24948	
1390	9251	25084	
1261	9090	25019	
1375	9306	24847	
1401	9209	25054	
1306	9451	24859	
1414	9094	25201	
1335	9317	25027	
1369	9175	25126	
1333	9056	25074	
1364	9197	25079	
1409	9059	25165	
1327	9225	25094	
1314	9350	24848	
1354	9369	25022	
1369	9299	24901	
1307	9269	25098	
1359	9235	25033	
1349	9145	25104	
1341	9246	25031	
1429	9218	24986	
1377	9253	24905	
1366	9253	25067	
1434	9295	24992	
1407	9155	25066	
1381	9121	25163	
1455	9123	25025	
1375	9277	24944	
1384	9134	25091	
1393	9151	25071	
1289	9170	25126	
1392	9141	25037	
1369	9322	24942	
1326	9115	25136	
1383	9200	25072	
1366	9332	24913	
1410	9251	24931	
1333	9245	24957	
1438	9180	25091	
1326	9179	25198	
1358	9383	24890	
1420	9166	25034	
1354	9178	25052	
1260	9211	25170	
1341	9256	24892	
1361	9326	24939	
1358	9170	25082	
1403	9149	24957	
1307	9140	25133	
1312	9177	25080	
1377	9385	24856	
1436	9091	25118	
1315	9104	25081	
1392	9278	24964	
1342	9225	24998	
1389	9216	25048	
1334	9420	24846	
1369	9154	25138	
1342	9297	24882	
1319	9303	24960	
1309	9001	25261	
1436	9247	25029	
1354	9241	24968	
1367	9253	24867	
1347	9135	25052	
1291	9120	25150	
1396	9198	25059	
1356	9277	25013	
1372	9200	25039	
1387	9175	25065	
1354	9082	25148	
1372	9242	25030	
1354	9025	25061	
1388	9173	25037	
1373	9145	25075	
1326	9214	25110	
1405	9268	24895	
1338	9037	25184	
1396	9212	25098	
1374	9168	25026	
1389	9162	25019	
1403	9153	25032	
1362	9237	25032	
1353	9216	25000	
1335	9117	25193	
1362	9182	24990	
1292	9164	25054	
1356	9117	25189	
1380	9081	25120	
1359	9213	25143	
1397	9111	24952	
1345	9080	25196	
1346	9214	25092	
1310	9328	25001	
1296	9190	24955	
1337	9176	25138	
1394	9225	25097	
1270	9107	25161	
1352	9051	25171	
1366	9174	24966	
1333	9229	24979	
1345	9214	25087	
1374	9132	25028	
1287	9144	25050	
1271	9095	25150	
1384	9213	25027	
1350	9065	25115	
1318	9104	25093	
1351	9069	25093	
1381	9250	25065	
1409	9086	25125	
1384	9157	25017	
1427	9138	25071	
1390	9152	25023	
1352	8996	25176	
1367	9193	24949	
1378	9287	24964	
1408	9157	24896	
1381	9153	24998	
1407	9223	25066	
1359	9267	24957	
1369	9094	25159	
1387	9142	25202	
1322	9223	24975	
1362	9207	24966	
1368	9177	25122	
1367	9242	25011	
1336	9173	25108	
1311	9245	25107	
1393	9079	24934	
1366	9207	25025	
1310	9260	24856	
1355	9140	25142	
1348	9210	25030	
1328	9209	25043	
1344	9213	24891	
1399	9284	24783	
1349	9054	25173	
1354	9261	25027	
1337	9195	25136	
1342	9291	24903	
1383	9159	25093	
1321	9158	24953	
1368	9209	25097	
1348	9050	25132	
1340	9232	24986	
1389	9196	24960	
1292	9322	25068	
1358	9204	24981	
1402	9251	24948	
1335	9164	25033	
1359	9252	25069	
1325	9263	25121	
1295	9310	25060	
1319	9194	25076	
1371	9143	25050	
1260	9241	25024	
1348	9240	25078	
1339	9191	25140	
1382	9286	24950	
1330	9096	25137	
1342	9212	24963	
1388	9264	24963	
1383	9059	25147	
1372	9233	25148	
1352	9239	24945	
1393	9122	25028	
1309	9207	25058	
1323	9299	24825	
1324	9261	24942	
1473	9141	25174	
1324	9125	25067	
1341	9238	25036	
1251	9265	25041	
1289	9322	24934	
1344	9409	24937	
1346	9094	25068	
1386	9272	25153	
1318	9122	25142	
1338	9159	25052	
1366	9147	24993	
1331	9171	25016	
1431	9254	24880	
1421	9222	24960	
1279	9176	25043	
1324	9380	24840	
1303	9391	24922	
1400	9214	25113	
1363	9176	25039	
1396	9233	24918	
1309	9247	24907	
1360	9045	25086	
1373	9250	24976	
1447	9305	24977	
1412	9240	24990	
1380	9167	24946	
1346	9300	25064	
1383	9375	24896	
1294	9143	25154	
1328	9367	24936	
1349	9141	25031	
1387	9167	24970	
1340	9203	25001	
1365	9144	25042	
1379	9152	25083	
1387	9215	24895	
1348	9202	25033	
1367	9231	25088	
1368	9006	25131	
1333	9269	24929	
1383	9153	25187	
1388	9194	25052	
1313	9203	24996	
1409	9158	25024	
1326	9236	24983	
1311	9288	25050	
1283	9141	25098	
1354	9118	25138	
1368	9183	24952	
1422	9114	25113	
1349	9200	24974	
1433	9070	25082	
1277	9244	25007	
1397	9108	25106	
1456	9071	25024	
1392	9160	25080	
1283	9260	25108	
1384	9017	25142	
1348	9398	24928	
1419	9182	24983	
1363	9166	25113	
1321	9210	25049	
1398	9326	24984	
1383	9103	25028	
1336	9200	25210	
1415	9267	25125	
1435	9112	25051	
1413	9117	25109	
1378	9034	25230	
1317	9469	24896	
1326	9157	25164	
1274	9212	24981	
1365	9236	25082	
1399	9210	25027	
1393	9151	25122	
1383	9225	24963	
1303	9226	25002	
1264	9250	25142	
1398	9121	25127	
1353	9240	25074	
1357	9371	25022	
1346	9412	24873	
1398	9301	24872	
1309	9218	25099	
1307	9203	25104	
1368	9191	25029	
1311	9311	24844	
1359	9169	25099	
1376	9211	24898	
1408	9052	25291	
1312	9212	25098	
1357	9095	25188	
1347	9129	25026	
1336	9217	25031	
1407	9098	25171	
1353	9220	25051	
1332	9208	25021	
1363	9196	25048	
1490	9274	24887	
1337	9189	25058	
1296	9004	25150	
1351	9354	24904	
1312	9191	25098	
1285	9089	25279	
1322	9089	25068	
1354	9267	24960	
1345	9200	24949	
1403	9258	25048	
1333	9108	25213	
1316	9350	24919	
1357	9226	24965	
1323	9201	25098	
1361	9165	25010	
1389	9243	24969	
1365	9216	25009	
1363	9176	25092	
1404	9121	25056	
1413	9165	25078	
1401	9126	25116	
1417	9113	25085	
1349	9170	25058	
1392	9271	24876	
1332	9137	24968	
1370	9243	25050	
1364	9290	24957	
1315	9154	25196	
1331	9291	24893	
1343	9356	24895	
1360	9260	24934	
1381	9128	25067	
1379	9100	25100	
1389	9180	25013	
1343	9066	25171	
1421	9185	25001	
1331	9210	25090	
1341	9213	24982	
1434	9169	24977	
1361	9048	25249	
1314	9265	24986	
1372	9163	25034	
1280	9200	25091	
1421	9177	25054	
1385	9383	24789	
1383	9246	24966	
1428	9199	25014	
1370	9260	24976	
1343	9231	25074	
1335	9186	25132	
1423	9160	25137	
1325	9248	24959	
1289	9204	24963	
1339	9327	24816	
1331	9244	25029	
1353	9178	24984	
1412	9146	25029	
1346	9202	25055	
1373	9237	25000	
1342	9230	25012	
1334	9281	24910	
1381	9280	24961	
1348	9108	25028	
1313	9187	25028	
1344	9108	25139	
1376	9120	25120	
1327	9051	25224	
1379	9181	25062	
1437	9182	24987	
1359	9121	25073	
1392	9053	25169	
1252	9279	25065	
1373	9023	25179	
1341	9165	25093	
1398	9089	25121	
1318	9213	24997	
1335	9189	25091	
1360	9283	24869	
1373	9300	25050	
1416	9291	24989	
1415	9135	25049	
1339	9207	25084	
1356	9273	24893	
1291	9308	25012	
1326	9203	25075	
1397	9200	25158	
1335	9274	24979	
1349	9050	25132	
1375	9141	25096	
1330	9162	25117	
1383	9284	24809	
1370	9156	25025	
1318	9431	24824	
1293	9264	24996	
1330	9301	24957	
1396	9192	24914	
1418	9091	25228	
1292	9329	24967	
1332	9186	25106	
1405	9157	25026	
1350	9275	24986	
1341	9172	25204	
1361	9250	24941	
1339	9245	24980	
1337	9203	25147	
1295	9373	24966	
1289	9194	25100	
1349	9109	25094	
1442	9283	24937	
1353	9189	25015	
1321	9114	25107	
1345	9282	24996	
1293	9189	24993	
1293	9249	24939	
1308	9132	25143	
1284	9218	25155	
1446	9255	24970	
1385	9228	25039	
1349	9202	25066	
1346	9177	25097	
1296	9174	25048	
1312	9096	25105	
1395	9127	25106	
1366	9035	25166	
1348	9196	25107	
1357	9270	24892	
1308	9238	24940	
1308	9254	25001	
1331	9101	25014	
1433	9220	24940	
1389	9106	25088	
1299	9259	25113	
1314	9218	25076	
1333	9136	24983	
1328	9334	24988	
1342	9164	25102	
1367	9162	24954	
1400	9194	25083	
1427	9074	25171	
1401	9171	24970	
1335	9264	24995	
1381	9307	24910	
1268	9264	25035	
1370	9197	24986	
1447	9334	24933	
1305	9157	25084	
1321	9238	25083	
1351	9159	25149	
1324	9115	25114	
1358	9139	25166	
1307	9101	25186	
1319	9145	24905	
1351	9260	24917	
1394	9321	24913	
1358	9196	24999	
1426	9166	25164	
1346	9200	25108	
1344	9117	25115	
1333	9172	25012	
1410	9158	25135	
1346	9174	25039	
1409	9230	24980	
1318	9115	25138	
1357	9087	25163	
1368	9154	24968	
1405	9260	25018	
1370	9204	24972	
1440	9122	25080	
1354	9377	24957	
1319	9233	24991	
1323	9188	25105	
1371	9177	25047	
1317	9212	24954	
1338	9254	24993	
1292	9151	25137	
1255	9197	25040	
1402	9254	24970	
1391	9138	25056	
1384	9113	25184	
1420	9118	25086	
1353	9099	25037	
1382	9179	25040	
1344	9190	24974	
1296	9245	25075	
1390	9254	25038	
1390	9254	25026	
1304	9076	25218	
1287	9344	24914	
1384	9193	25130	
1383	9254	25058	
1417	9247	24993	
1295	9249	25043	
1426	9240	25102	
1311	9302	24847	
1389	9080	25209	
1422	9191	25042	
1393	9210	25072	
1355	9091	25184	
1402	9169	24995	
1316	9040	25320	
1350	9258	24892	
1431	9217	25051	
1368	9232	25011	
1371	9184	25048	
1303	9141	25176	
1363	9158	25053	
1380	9201	25082	
1386	9004	25022	
1389	9161	25056	
1328	9167	25130	
1355	9137	25176	
1396	9156	25030	
1322	9157	25170	
1395	9137	25161	
1316	9267	25120	
1352	9556	24787	
1341	9277	25003	
1351	9255	25121	
1368	9233	24966	
1395	9293	25020	
1345	9301	24955	
1374	9238	24947	
1362	9147	25105	
1426	9320	24951	
1337	9162	25009	
1395	9457	24968	
1349	9196	25105	
1342	9284	24925	
1388	9172	25037	
1368	9226	24984	
1400	9216	25088	
1339	9263	25123	
1386	9134	25033	
1368	9226	25031	
1364	9244	25110	
1405	9174	25072	
1293	9225	25079	
1334	9218	24865	
1299	9180	25131	
1377	9221	25077	
1382	9186	24945	
1381	9187	25026	
1318	9206	25072	
1335	9375	24840	
1279	9248	24938	
1367	9308	24991	
1354	9211	25053	
1347	9275	25019	
1357	9173	24971	
1389	9217	24945	
1413	9096	25256	
1356	9246	24958	
1360	9211	25036	
1364	9077	25134	
1292	9198	25121	
1291	9190	25136	
1318	9186	25045	
1394	9218	24936	
1328	9140	25169	
1391	9050	25237	
1387	9106	25150	
1368	9193	25080	
1362	9155	25205	
1347	9301	24969	
1385	9358	24740	
1422	9198	24931	
1328	9101	24990	
1352	9227	25130	
1312	9135	25049	
1337	9130	25106	
1324	9223	25067	
1341	9285	25067	
1376	9145	24963	
1377	9120	25182	
1319	9165	25142	
1356	9209	25065	
1287	9120	25146	
1368	9225	25019	
1302	9190	25031	
1320	9228	24985	
1331	9062	25049	
1339	9249	25078	
1318	9312	24850	
1355	9269	24914	
1294	9071	25126	
1377	9335	24934	
1293	9065	25187	
1341	9023	25172	
1375	9116	25105	
1345	9331	25021	
1313	9138	25070	
1390	9121	25116	
1346	9156	25122	
1364	9319	24838	
1348	9168	25009	
1371	9057	25206	
1307	9207	24945	
1290	9266	25034	
1429	9130	25172	
1355	9019	25146	
1403	9164	25010	
1374	9176	25022	
1352	9145	25105	
1356	9178	24966	
1404	8961	25177	
1363	9248	24869	
1361	9190	25042	
1397	9257	24977	
1369	8979	25205	
1357	9219	25010	
1330	9304	25087	
1375	9264	24957	
1332	9196	25033	
1362	9077	25074	
1352	9212	25076	
1399	9094	25170	
1390	9167	25028	
1325	9153	25099	
1333	9293	25057	
1379	9132	25048	
1382	9279	24957	
1332	9176	25008	
1331	9137	25069	
1348	9281	25020	
1317	9274	24968	
1384	9217	25079	
1352	9180	24933	
1303	9119	25206	
1417	9195	24859	
1396	9170	25015	
1429	8985	25260	
1359	9252	24860	
1442	9199	24952	
1362	9268	25030	
1376	9221	25006	
1358	9366	24917	
1398	9249	25058	
1326	9230	24931	
1419	9086	25170	
1330	9170	24987	
1319	9243	25047	
1370	9182	25027	
1371	9278	24843	
1340	9094	25174	
1356	9335	24979	
1354	9247	24989	
1419	9099	25062	
1407	9041	25157	
1234	9359	25066	
1372	9150	25041	
1378	9096	25095	
1369	9190	24970	
1363	9215	25026	
1343	9232	24903	
1354	9036	25112	
1287	9288	24897	
1305	9135	25100	
1393	9292	24882	
1375	9132	25036	
1373	9268	25035	
1303	9113	25215	
1355	9147	25118	
1394	9108	25038	
1344	9092	25221	
1364	9330	24926	
1296	9100	25184	
1336	9118	24953	
1336	9284	24956	
1421	9234	25099	
1343	9111	25189	
1370	9204	25136	
1368	9201	24948	
1325	9064	25195	
1405	9057	25065	
1333	9161	25037	
1375	9292	24982	
1380	9071	25145	
1337	9343	24938	
1337	9212	25139	
1380	9276	25031	
1291	9067	25130	
1362	9084	25125	
1347	9154	25030	
1350	9132	25050	
1335	9060	25233	
1342	9197	24990	
1342	9234	24987	
1419	9304	24855	
1292	9192	25077	
1337	9216	25017	
1394	9240	25121	
1370	9141	25095	
1315	9007	25285	
1349	9246	24996	
1294	9335	24930	
1405	9400	24876	
1389	9196	25066	
1399	9129	25118	
1367	9142	25142	
1371	9302	25019	
1297	9267	25036	
1363	9223	25065	
1342	9081	25162	
1312	9188	25104	
1327	9248	24950	
1390	9173	24986	
1409	9175	25051	
1365	9107	25027	
1393	9230	24978	
1382	9254	25076	
1353	9326	24899	
1358	9124	25135	
1437	9368	24850	
1400	9265	24950	
1333	9204	25060	
1317	9321	24928	
1304	9097	25183	
1452	9266	24924	
1398	9245	24958	
1340	9206	25072	
1339	9272	25008	
1399	9176	25028	
1304	9409	24798	
1313	9190	25113	
1380	9092	25126	
1387	9106	25098	
1376	9152	24946	
1428	9228	25002	
1426	9362	24842	
1330	8955	25260	
1316	9162	25076	
1411	9269	25020	
1349	9222	25011	
1360	9128	25066	
1366	9204	25035	
1371	9276	24986	
1342	9148	25035	
1339	9039	25146	
1332	9094	25057	
1378	9154	25029	
1326	9302	24871	
1375	9142	25174	
1410	9095	25061	
1354	9230	25103	
1358	9212	24905	
1318	9170	25030	
1412	9368	24757	
1376	9180	25076	
1403	9194	25098	
1243	9002	25156	
1342	9272	25057	
1403	9152	25029	
1325	9166	25142	
1326	9205	24964	
1393	9163	25044	
1352	9157	25033	
1351	9087	25085	
1260	9236	25008	
1382	9234	24997	
1420	9204	25081	
1360	9077	25141	
1353	9358	24827	
1373	9157	24982	
1409	9155	25008	
1333	9096	25146	
1282	9120	25219	
1345	9164	25085	
1417	9118	25193	
1294	9121	25108	
1436	9245	24970	
1394	9196	24945	
1369	9144	25026	
1411	9311	24997	
1360	9106	25064	
1379	9121	25010	
1337	9257	24923	
1401	9123	25201	
1374	9333	24885	
1446	9169	25032	
1381	9155	25066	
1366	9196	24998	
1345	9236	25024	
1330	9169	25007	
1346	9225	24974	
1446	9171	24939	
1395	9233	24927	
1335	8926	25205	
1337	9242	25040	
1404	9231	24967	
1361	9154	25072	
1318	9172	25153	
1326	9208	25037	
1405	9033	25113	
1364	9429	24882	
1326	9235	24942	
1377	9174	25028	
1369	9246	25006	
1363	9172	25180	
1409	8996	25185	
1345	9272	24949	
1330	9401	24843	
1340	9177	24954	
1346	9151	25204	
1342	9360	24875	
1357	9039	25099	
1376	9327	24956	
1332	9046	25159	
1338	9166	25089	
1337	9286	24957	
1296	9164	25049	
1351	9319	25107	
1328	9165	25109	
1362	9157	25097	
1383	9085	25036	
1347	9296	25007	
1384	9243	25094	
1373	9145	25135	
1387	9039	25195	
1304	9269	24999	
1284	9163	25150	
1464	9064	25062	
1357	9243	25113	
1361	9285	24926	
1409	9220	24900	
1330	9268	24943	
1353	9223	25015	
1380	9273	24938	
1453	9193	25072	
1419	9064	25157	
1362	9340	24902	
1303	9037	25180	
1344	9038	25145	
1288	9123	25163	
1371	9276	24854	
1341	9309	25055	
1372	9298	24948	
1334	9027	25256	
1399	9057	25084	
1412	9142	25006	
1407	9227	25047	
1418	9288	24949	
1339	9480	24743	
1355	9340	24958	
1354	9225	25012	
1283	9296	24985	
1393	9151	25080	
1332	9094	25075	
1318	9276	24979	
1276	9273	24893	
1381	9089	25210	
1318	9149	25071	
1318	9342	24963	
1352	9178	24978	
1352	9211	25003	
1391	9276	24943	
1347	9080	25158	
1322	9292	24965	
1311	9150	25064	
1297	9133	25041	
1370	9156	24936	
1430	9165	25059	
1330	9126	25044	
1400	9404	24862	
1331	9201	25106	
1332	9194	25007	
1329	9161	25063	
1396	9263	25015	
1311	9191	24998	
1362	9221	24946	
1412	9086	25059	
1412	9093	25109	
1355	9226	25036	
1350	9270	25004	
1313	9163	25130	
1358	9209	25136	
1323	9249	24959	
1362	9096	25163	
1348	9202	24992	
1387	9229	25002	
1302	9095	25141	
1368	9390	24895	
1313	9070	25177	
1345	9183	25058	
1301	9144	25008	
1301	9356	24941	
1350	9283	25027	
1355	9233	25063	
1345	9184	25091	
1399	9146	25041	
1325	9080	25193	
1316	9247	24976	
1390	9187	25120	
1386	9112	25240	
1343	9228	25076	
1303	9080	25248	
1383	9087	25043	
1297	9160	25073	
1434	9128	25070	
1293	9024	25148	
1322	9141	25073	
1366	9160	24991	
1391	9171	25012	
1377	9081	24963	
1331	9370	24947	
1428	9297	24916	
1402	9127	25127	
1341	9270	24883	
1318	9037	25036	
1339	9101	25197	
1363	9273	25070	
1297	9331	24920	
1279	9119	25128	
1318	9202	25097	
1364	8902	25256	
1307	9186	25038	
1380	9343	24919	
1359	9293	24990	
1349	9243	25040	
1384	9308	24924	
1347	9215	24956	
1325	9112	25153	
1355	9164	25007	
1372	9050	25217	
1296	9184	25093	
1391	9121	25149	
1337	9285	24957	
1331	9134	25130	
1331	9299	24957	
1340	9198	24969	
1330	9070	25119	
1409	9212	25010	
1393	9171	25086	
1375	9293	24879	
1404	9295	24954	
1411	9216	25037	
1336	9096	25178	
1359	9169	25187	
1372	9147	25030	
1296	9234	25047	
1316	9117	25083	
1336	9223	25044	
1403	9154	25088	
1346	9144	25059	
1372	9084	25132	
1358	9061	25133	
1449	9250	24973	
1335	9330	24968	
1343	9330	24895	
1294	9184	25132	
1420	9271	24854	
1398	9118	25087	
1337	9265	25035	
1311	9057	25329	
1294	9182	25137	
1356	9235	24974	
1345	9185	25021	
1394	9007	25216	
1345	9211	24976	
1402	9156	25041	
1350	9135	25100	
1403	9194	24989	
1336	9135	25167	
1306	9163	24977	
1355	9158	25000	
1321	9209	24972	
1387	9000	25268	
1331	9209	25158	
1366	9225	25020	
1311	9046	25307	
1323	9266	24978	
1294	9418	24886	
1375	9268	24876	
1400	9223	24854	
1392	9179	25043	
1337	9246	24988	
1335	9032	25208	
1385	9195	25104	
1409	9250	24940	
1374	9105	25004	
1265	9149	25101	
1322	9224	24980	
1317	9186	25060	
1363	9170	25078	
1235	9352	24893	
1337	9266	25076	
1327	9253	24980	
1363	9144	25079	
1312	9237	24900	
1366	9377	24912	
1407	9173	25040	
1327	9227	25015	
1299	9169	25134	
1329	9170	24968	
1302	9331	24982	
1291	9279	25067	
1352	9232	25065	
1425	9193	24959	
1349	9231	24993	
1317	9299	25057	
1305	9221	24991	
1303	9171	25075	
1235	9119	25219	
1324	9041	25209	
1389	9057	25234	
1317	9374	24911	
1320	9286	24916	
1373	9118	25276	
1334	9203	25104	
1362	9298	24854	
1315	9257	25130	
1286	9085	25134	
1359	9175	25068	
1361	9071	25193	
1353	9079	25054	
1338	9321	24831	
1304	9163	25117	
1356	9133	25124	
1392	9208	25063	
1335	9204	25055	
1381	9205	24930	
1322	9327	25056	
1312	9274	25115	
1304	9029	25303	
1393	9030	25142	
1341	9274	24995	
1289	9322	24978	
1338	9156	25061	
1314	9217	25106	
1264	9232	24866	
1312	9214	25084	
1409	9006	25137	
1419	9279	24916	
1280	9165	25221	
1401	9213	25116	
1372	9197	25042	
1381	9127	25043	
1354	9286	25137	
1327	9261	25036	
1328	8975	25116	
1324	9283	25054	
1357	9014	25176	
1265	9325	24953	
1329	9137	25028	
1386	9312	24910	
1387	9308	24866	
1433	9262	24991	
1362	9284	25011	
1350	9061	25127	
1396	9123	25044	
1344	9208	24922	
1381	9187	25042	
1302	9258	25088	
1329	9126	25101	
1400	9266	24941	
1375	9232	25152	
1353	9203	25135	
1406	9152	25029	
1332	9375	24958	
1341	9133	25006	
1361	9030	25106	
1351	9214	25120	
1407	9275	24944	
1337	9229	24963	
1442	8994	25149	
1440	9160	24989	
1423	9136	24959	
1339	9197	25158	
1284	9280	25116	
1346	9162	25125	
1374	9147	25045	
1361	9160	25100	
1432	9202	24961	
1416	9243	24976	
1378	9277	24921	
1414	9152	25032	
1419	9224	24993	
1393	9187	25028	
1356	9315	24932	
1331	9119	25088	
1357	9191	24993	
1326	9179	25132	
1291	9231	24982	
1331	9134	25048	
1386	9094	25096	
1324	9242	25043	
1365	9252	24910	
1329	9196	25103	
1295	9216	24946	
1412	9273	24947	
1399	9170	24955	
1357	9203	25125	
1353	9069	25235	
1366	9300	24837	
1352	9119	25201	
1368	9337	24892	
1363	9229	24999	
1374	9220	25057	
1370	9070	25208	
1367	9119	25025	
1357	9171	25095	
1335	9275	24896	
1381	9227	25088	
1345	9151	25133	
1376	9128	25102	
1393	9045	25110	
1344	9108	25268	
1310	9140	25069	
1411	9207	24970	
1324	9282	24853	
1379	9158	24972	
1369	9264	24984	
1409	9046	25117	
1302	9207	25064	
1364	9306	25007	
1394	9186	25007	
1360	9129	25118	
1391	9296	25001	
1415	9105	25108	
1317	9351	24944	
1398	9252	25011	
1277	9157	25184	
1346	9118	25063	
1359	9187	24979	
1276	9145	25081	
1439	9245	24969	
1347	9233	25018	
1329	9117	25191	
1365	9288	24944	
1305	9066	25183	
1417	9158	25067	
1353	9139	25097	
1367	9117	25156	
1325	9170	25083	
1298	9108	25064	
1376	9186	25169	
1352	9148	25110	
1301	9118	25118	
1332	9172	25112	
1305	9244	25071	
1305	9209	25000	
1325	9198	25012	
1324	8989	25142	
1333	9174	25082	
1324	9182	25006	
1348	9229	25023	
1356	9122	25130	
1375	9089	25252	
1323	9122	25148	
1414	9308	24887	
1325	9343	24998	
1388	9228	25029	
1268	9165	25047	
1379	9239	24945	
1390	9303	24924	
1356	9094	25056	
1384	9064	25027	
1366	9199	25060	
1328	9193	25021	
1323	9150	25072	
1365	9193	25107	
1395	9298	24923	
1402	9378	24908	
1388	9135	25088	
1390	9141	25136	
1320	9163	25061	
1372	9168	25045	
1309	9202	25046	
1421	9267	24984	
1370	9319	24968	
1415	9277	24976	
1416	9322	24829	
1343	9183	25154	
1340	9224	25001	
1323	9206	25050	
1304	9079	25085	
1292	9290	25009	
1334	9274	25083	
1282	9219	24985	
1316	9221	25031	
1349	9306	24996	
1318	9207	24977	
1333	9136	25062	
1339	9071	25236	
1314	9325	24953	
1422	9222	25007	
1350	9137	25122	
1393	9343	24910	
1323	9147	25028	
1436	9166	25142	
1341	9277	24885	
1340	9101	25110	
1359	9274	24974	
1292	9283	25011	
1377	9122	25262	
1325	9223	25030	
1365	9197	25064	
1382	9154	25157	
1366	9094	25193	
1370	9252	25055	
1411	9269	24973	
1416	9013	25315	
1357	9250	24935	
1316	9139	25145	
1418	9288	24863	
1311	9278	24999	
1422	9114	25078	
1374	9093	25140	
1355	9191	25027	
1348	9121	25001	
1366	9027	25053	
1336	9324	24886	
1358	9218	25017	
1305	9247	24958	
1345	9215	25009	
1288	9227	25085	
1379	9144	25048	
1348	9242	24969	
1363	9078	25252	
1387	9161	25003	
1353	9098	25131	
1393	9211	24939	
1357	9475	24809	
1415	9187	24978	
1304	9174	25135	
1345	9281	24938	
1367	9090	25179	
1364	9223	25108	
1380	9205	25118	
1344	9242	25049	
1380	9172	24981	
1296	9235	25067	
1422	9117	25092	
1348	9089	24969	
1358	9203	25006	
1316	9116	25157	
1383	9206	24985	
1313	9309	24923	
1385	9276	25072	
1418	9234	24929	
1404	9236	24895	
1341	9291	25055	
1407	9099	25125	
1400	9242	25037	
1280	9157	25212	
1336	9199	25091	
1325	9236	24949	
1400	9156	25080	
1390	9139	25097	
1435	9184	25071	
1373	9171	24992	
1369	9132	25163	
1349	9182	25015	
1353	9156	25192	
1358	9304	25025	
1360	9189	25074	
1427	9171	25070	
1400	9110	25078	
1365	9285	25028	
1457	9253	24949	
1369	9290	24967	
1370	9304	25048	
1335	9206	25095	
1428	9058	25082	
1409	9029	25131	
1309	9190	25043	
1383	9208	24965	
1283	9203	25036	
1359	9154	25102	
1363	9087	25117	
1313	9237	25028	
1400	9180	24976	
1313	9076	25187	
1379	9296	24813	
1374	9267	24930	
1345	9206	25107	
1323	9112	25099	
1367	9192	25035	
1322	9308	24877	
1394	9181	25018	
1375	9280	24913	
1342	9274	24979	
1355	9354	24845	
1366	9188	25038	
1340	9213	25057	
1375	9096	25094	
1339	9191	24967	
1320	9066	25087	
1341	9202	25012	
1335	9138	25270	
1374	9215	25037	
1307	9155	25024	
1313	9088	25240	
1362	9101	25134	
1396	9129	25043	
1355	9143	25182	
1360	8971	25159	
1380	9159	25004	
1377	9137	25064	
1419	9130	25051	
1380	9277	24987	
1323	9240	24930	
1321	9258	24905	
1414	9308	25003	
1421	9223	24991	
1443	9164	25092	
1392	9216	25139	
1310	9131	25025	
1361	9080	25154	
1342	9358	24913	
1424	9153	25088	
1372	9206	25058	
1325	9221	25095	
1352	9206	24996	
1342	9312	24932	
1373	9193	24980	
1397	9257	24960	
1381	9072	25038	
1362	9102	25151	
1327	9120	25011	
1397	9211	24886	
1327	9109	25110	
1312	9202	24973	
1378	9237	25011	
1385	9296	24983	
1364	9104	25053	
1361	9183	25009	
1436	9084	25021	
1374	9315	25047	
1385	9286	24898	
1338	9195	25144	
1440	9140	25138	
1313	9267	24957	
1403	9078	25194	
1379	9114	25171	
1356	9097	25075	
1397	9166	25023	
1404	9246	24997	
1379	9219	25069	
1344	9203	25119	
1367	9183	25026	
1350	9032	25047	
1324	9195	24982	
1342	9280	25018	
1325	9403	24793	
1310	9245	24904	
1349	9302	24922	
1358	9079	25146	
1329	9135	25147	
1394	9236	25053	
1309	9215	25055	
1425	9178	25054	
1282	9261	24982	
1418	9263	24952	
1351	9298	24897	
1369	9269	24954	
1411	9343	24835	
1337	9121	25080	
1394	9178	25049	
1434	9205	25012	
1326	9088	25077	
1375	9160	25085	
1329	9317	24942	
1389	9108	25150	
1360	9321	24845	
1286	9160	24951	
1336	9060	25182	
1362	9289	24958	
1305	9203	25129	
1383	9116	25213	
1365	9070	25169	
1310	9184	25146	
1394	9228	24944	
1422	9276	24907	
1328	9275	24857	
1278	9209	25049	
1267	9216	25056	
1369	9227	24973	
1411	9131	25087	
1379	9118	25167	
1408	9205	24995	
1339	9261	24959	
1395	9203	25082	
1337	9092	25125	
1364	9299	24985	
1352	9285	25041	
1396	9261	25060	
1391	9130	24982	
1411	9311	25010	
1335	9228	25128	
1365	9263	24981	
1390	9299	24977	
1360	9223	25030	
1291	9240	24971	
1211	9320	24919	
1334	9228	25114	
1334	9323	24846	
1359	9267	24926	
1403	9152	25115	
1306	9119	25062	
1415	9196	24854	
1331	9201	25002	
1252	9095	25236	
1439	9117	24980	
1309	9161	25023	
1304	9038	25144	
1361	9087	25152	
1355	9107	25129	
1313	9189	25076	
1253	9247	25002	
1329	9112	25182	
1412	9136	25068	
1313	9314	24863	
1333	9181	25099	
1342	9147	24997	
1346	8990	25210	
1319	9283	25083	
1322	9333	24926	
1320	9119	25088	
1422	9067	25094	
1397	9049	25105	
1319	9110	25266	
1346	9117	25077	
1362	9193	25007	
1308	9254	24945	
1382	9167	24931	
1293	9145	25134	
1435	9188	24948	
1378	9281	24885	
1337	9073	25217	
1346	9231	25049	
1288	9236	24963	
1411	9088	25047	
1354	9118	25043	
1306	9236	25041	
1279	9322	24911	
1361	9313	24959	
1407	9072	25113	
1355	9269	24979	
1338	9191	24994	
1439	9293	24892	
1357	9194	25020	
1397	9114	25110	
1371	9197	25020	
1298	9058	25156	
1331	9148	25143	
1428	9055	25106	
1323	9204	24925	
1350	9170	25041	
1313	9174	25083	
1335	9028	25154	
1319	9054	25206	
1326	9140	25151	
1393	9232	25039	
1340	9176	25035	
1344	9198	24953	
1323	9233	25002	
1333	9201	25069	
1360	9141	25181	
1346	9162	25006	
1390	9089	25112	
1287	9263	24998	
1349	9227	25010	
1322	9244	25045	
1369	9184	25007	
1251	9173	25064	
1336	9135	25091	
1260	9248	25048	
1370	9233	25019	
1246	9183	25038	
1338	9191	25150	
1324	9181	25091	
1293	9366	25001	
1360	9316	24927	
1397	9237	25031	
1385	9194	25027	
1340	9209	25027	
1376	9180	25137	
1317	9161	25193	
1378	9120	25076	
1363	9172	25080	
1416	9173	25069	
1314	9180	25140	
1307	9116	25172	
1349	9318	24968	
1432	9356	24952	
1345	9175	25071	
1322	9097	25163	
1340	9026	25275	
1383	9151	25054	
1343	9132	25136	
1332	9383	24912	
1375	9181	25098	
1334	9275	24944	
1349	9252	25037	
1314	9291	25117	
1308	9107	25158	
1376	9139	25155	
1322	9248	24973	
1412	9114	25059	
1340	9219	25110	
1332	9352	24953	
1401	9347	24886	
1364	9093	25111	
1325	9095	25192	
1325	9153	25048	
1364	9086	25186	
1323	9172	24965	
1350	9271	25028	
1331	9297	24973	
1399	9225	24978	
1373	9165	25143	
1363	9262	24962	
1394	9083	25112	
1317	9165	25049	
1403	9206	25029	
1465	9191	25108	
1323	9180	25066	
1360	9019	25134	
1305	9221	25069	
1293	9232	25017	
1351	9249	25011	
1330	9240	24971	
1283	9154	25066	
1357	9171	25098	
1413	9201	25048	
1303	9232	25048	
1280	9031	25106	
1356	9162	25040	
1356	9377	24998	
1328	9253	25033	
1392	9311	24921	
1317	9185	25010	
1316	9120	25134	
1293	9172	25080	
1389	9270	24946	
1382	9365	25034	
1329	9136	25036	
1322	9253	25043	
1418	9048	25169	
1300	9214	24947	
1341	9171	25189	
1388	9298	24924	
1326	9365	24901	
1327	9194	25030	
1409	9118	24984	
1310	9172	25129	
1341	9312	24902	
1365	9200	25082	
1330	9262	25060	
1325	9325	25003	
1415	9280	24912	
1380	9174	25081	
1425	9129	25102	
1339	9096	25286	
1442	9015	25230	
1327	9029	25223	
1313	9036	25130	
1331	9261	24979	
1348	8999	25174	
1322	9194	25161	
1380	9106	25175	
1274	9197	25128	
1291	9090	25119	
1355	9128	25100	
1333	9111	25126	
1286	9258	24905	
1379	9354	24887	
1309	9137	25060	
1331	9122	25078	
1307	9164	25077	
1325	9156	25153	
1267	9251	24972	
1367	9250	24998	
1305	9271	24980	
1305	9077	25122	
1401	9220	24884	
1345	9108	25128	
1368	9401	24851	
1354	9336	24865	
1335	9196	25046	
1367	9229	25054	
1310	9191	25040	
1318	9131	25106	
1294	9065	25244	
1356	9256	24924	
1358	9261	25018	
1390	9195	24972	
1326	9360	24927	
1357	9146	25124	
1335	9118	25236	
1343	9292	24872	
1392	9224	25076	
1310	9169	25076	
1321	9314	24936	
1310	9350	24888	
1327	9196	25010	
1288	9348	24807	
1297	9317	24985	
1378	9169	25074	
1347	9212	25071	
1331	9257	25057	
1386	9360	24893	
1378	9349	25016	
1231	9243	25101	
1344	9035	25197	
1386	9245	24939	
1305	9258	24879	
1370	9266	25022	
1365	9250	25003	
1366	9336	24827	
1288	9270	24948	
1405	9251	25008	
1306	9298	25006	
1395	9202	25035	
1348	9162	24977	
1376	9187	25053	
1338	9133	25047	
1298	9239	24919	
1355	9166	25058	
1313	9058	25139	
1351	9154	25104	
1389	9128	25051	
1412	9100	25213	
1354	9251	25051	
1364	9278	25011	
1273	9176	25124	
1405	9040	25221	
1365	9262	24982	
1372	9203	24962	
1351	9223	25055	
1265	9127	25149	
1431	9123	25125	
1356	9228	25075	
1360	9128	25148	
1415	9204	25175	
1370	9105	25073	
1255	9342	24933	
1447	9208	24852	
1356	9114	25027	
1427	9042	25094	
1322	9159	25102	
1422	9317	24990	
1278	9168	25100	
1351	9095	25046	
1389	9143	25096	
1371	9149	25081	
1387	9231	24951	
1376	9096	25194	
1408	9015	25089	
1356	9356	24979	
1384	9033	25236	
1363	9219	25050	
1396	9210	24920	
1348	9155	24958	
1418	9137	25029	
1390	9066	25141	
1321	9359	24868	
1404	9114	25097	
1377	9241	25067	
1400	9227	24885	
1354	9254	25015	
1386	9234	24948	
1304	9300	24969	
1339	9136	25111	
1307	9302	24828	
1413	9053	25157	
1357	9144	25058	
1400	9107	25041	
1349	9107	25187	
1332	9195	25119	
1394	9106	25129	
1304	9242	25039	
1371	9029	25111	
1368	9201	25012	
1356	9349	24831	
1347	9355	24925	
1358	9144	25103	
1357	9132	25088	
1392	9298	24902	
1325	9249	24982	
1252	9189	25012	
1369	9059	25129	
1289	9270	25043	
1345	9072	25176	
1379	9355	24952	
1395	9122	25074	
1321	9124	25078	
1348	9137	25120	
1261	9415	24805	
1422	9144	25046	
1384	9124	24980	
1342	9318	24921	
1328	9112	25160	
1357	9168	25148	
1343	9331	24924	
1323	9289	24925	
1310	9101	25139	
1353	9138	25135	
1257	9372	24837	
1406	9060	25131	
1275	9160	25080	
1354	9063	25345	
1291	9229	25128	
1307	9224	25050	
1400	9276	24974	
1354	9122	25126	
1340	9298	25009	
1351	9185	25058	
1381	9145	25069	
1353	9182	25042	
1412	9180	25024	
1335	9278	25047	
1345	9181	25051	
1401	9181	24975	
1325	9126	25257	
1307	9158	25138	
1374	9022	25203	
1367	9272	25079	
1333	9088	25153	
1388	9258	24958	
1333	9191	25020	
1397	9043	25095	
1336	9160	25113	
1398	9296	24828	
1399	9210	25080	
1395	9331	24830	
1372	9205	25073	
1326	9224	25067	
1396	9225	25027	
1393	9054	25082	
1254	9353	25005	
1357	9263	24901	
1355	9193	25048	
1332	9286	25015	
1344	9188	25081	
1290	9306	24800	
1305	9235	25041	
1368	9332	24842	
1328	9272	24992	
1369	9125	24993	
1313	9245	25040	
1294	9257	25092	
1375	9102	25105	
1360	9221	24921	
1403	9198	25131	
1434	9127	25006	
1357	9318	24923	
1373	9147	25101	
1363	9130	25076	
1361	9077	25103	
1294	9074	25127	
1387	9227	25009	
1354	9309	24912	
1318	9216	25047	
1404	9169	25086	
1386	9200	25137	
1316	9246	25037	
1360	9262	24984	
1337	9308	24919	
1375	9269	25006	
1305	9138	25135	
1320	9051	25137	
1279	9420	24846	
1313	9374	25016	
1267	9170	25003	
1354	9209	25082	
1335	9265	24932	
1358	9147	25055	
1397	9143	25067	
1339	9042	25270	
1340	9262	25049	
1408	9068	25018	
1485	9064	25042	
1331	9118	25071	
1383	9152	25062	
1342	9277	24956	
1308	9302	25006	
1352	9216	25113	
1343	9104	25159	
1386	9080	25164	
1313	9137	25096	
1337	9112	25139	
1283	9168	25065	
1340	9135	25177	
1358	9157	25141	
1275	9297	25123	
1339	9125	25043	
1341	9172	25036	
1298	9235	25013	
1380	9298	25090	
1393	9033	25246	
1283	9191	25059	
1272	9156	25081	
1376	9248	25124	
1280	9268	24990	
1378	9212	25061	
1413	9186	25016	
1352	9210	25020	
1338	9281	24970	
1401	9283	25030	
1380	9215	25004	
1397	9312	24921	
1402	9253	25062	
1375	9171	24958	
1334	9251	24923	
1405	9212	24952	
1364	9073	25220	
1351	9133	25158	
1316	9120	25076	
1349	9129	25202	
1340	9142	25069	
1346	9161	25055	
1384	9205	24959	
1341	9360	24938	
1346	9011	25254	
1397	9235	24920	
1354	9183	25121	
1327	9266	24943	
1292	9162	25175	
1345	9121	25097	
1362	9287	24862	
1312	9100	25099	
1341	9129	25069	
1395	9078	25139	
1388	9046	25228	
1336	9139	25086	
1379	9131	25063	
1336	9287	24942	
1350	9149	25125	
1450	9092	25123	
1342	9174	25029	
1385	9244	24836	
1327	9062	25210	
1501	9082	25009	
1395	9069	25118	
1372	9189	25087	
1379	9187	25052	
1320	9367	24922	
1347	9287	24941	
1304	9296	24846	
1373	9064	24994	
1343	9141	25079	
1297	9224	24984	
1321	9288	25028	
1396	9081	25154	
1317	9250	25006	
1413	9166	25026	
1416	9326	24908	
1349	9186	25034	
1397	9133	25030	
1421	9139	25095	
1367	9263	25046	
1365	9286	24994	
1328	9013	25161	
1376	9228	25043	
1358	9132	25258	
1325	9287	24924	
1394	9211	25001	
1335	9220	24868	
1377	9166	25003	
1387	9202	25125	
1366	9059	25070	
1343	8962	25176	
1322	9170	25093	
1350	9196	25093	
1355	9271	24993	
1322	9333	24826	
1385	9147	25106	
1342	9138	25147	
1363	9300	24934	
1440	9243	24920	
1286	9092	25057	
1422	9249	24922	
1331	9151	25015	
1354	9229	24957	
1383	9277	24985	
1346	9006	25242	
1257	9213	24996	
1363	9223	25021	
1352	9261	24991	
1332	9382	24867	
1356	9151	24973	
1290	9257	25046	
1421	9210	25041	
1329	9134	25124	
1373	9128	25208	
1404	9337	24919	
1283	9212	25137	
1326	9111	25092	
1334	9113	25100	
1310	9187	25033	
1429	9177	25167	
1277	9227	25070	
1339	9289	25008	
1333	9142	25012	
1396	9269	24859	
1339	9303	24974	
1384	9232	25061	
1349	9330	24903	
1387	8969	25171	
1340	9233	25027	
1413	9244	24964	
1381	9027	25101	
1328	9235	24988	
1310	9228	25069	
1302	9381	24974	
1355	9160	25128	
1341	9351	24900	
1328	9186	25126	
1372	9021	25119	
1311	9206	25061	
1272	9222	25143	
1408	9083	25049	
1356	9246	24947	
1378	9077	25259	
1335	9304	24984	
1340	9071	25206	
1339	9266	25030	
1399	9153	24934	
1327	9132	25196	
1369	9149	25153	
1319	9292	24994	
1370	9162	25101	
1325	9231	25030	
1346	9172	25015	
1328	9311	25012	
1361	9042	25190	
1310	9127	25035	
1319	9090	25093	
1331	9089	25156	
1345	9185	25085	
1306	9150	25136	
1368	9249	25083	
1409	9250	25061	
1303	9355	24955	
1405	9296	24923	
1421	9134	25095	
1330	9162	25097	
1314	9376	24845	
1285	9157	25020	
1370	9137	25105	
1372	9316	24933	
1328	9345	24952	
1399	9254	25012	
1398	9212	25111	
1370	9213	25054	
1325	9086	25056	
1270	9127	25051	
1316	9318	24904	
1360	9183	25047	
1370	9249	25076	
1288	9157	25058	
1359	9303	25035	
1372	9203	24974	
1402	9183	25067	
1315	9289	25017	
1344	9062	25067	
1324	9156	25125	
1412	9302	25022	
1370	9216	25038	
1347	9188	25128	
1435	9125	25085	
1381	9278	25032	
1422	9309	24969	
1402	9321	24909	
1296	9189	25101	
1339	9091	25162	
1264	9300	25044	
1376	9271	25101	
1259	9192	25189	
1433	9193	24992	
1359	9319	24816	
1420	9091	25129	
1374	9224	25128	
1329	9118	25039	
1383	9240	24996	
1389	9210	24971	
1306	9226	25116	
1360	9466	24838	
1307	9216	25026	
1347	9291	24900	
1366	9218	24873	
1346	9191	25100	
1338	9239	25008	
1333	9151	25168	
1367	9118	25159	
1405	9103	25038	
1335	9255	25018	
1375	9279	24902	
1348	9076	25082	
1405	9325	24806	
1401	8974	25165	
1288	9084	25166	
1375	9215	25006	
1279	9104	25234	
1258	9174	25245	
1330	9113	25119	
1338	9233	25003	
1358	9091	25145	
1392	9098	25176	
1350	9173	25039	
1379	9152	25019	
1273	9281	24985	
1365	9207	24996	
1410	9204	25033	
1309	9239	25039	
1403	9104	25024	
1329	9173	25084	
1339	9145	25215	
1352	9251	25093	
1344	9184	25024	
1354	9055	25132	
1340	9329	24955	
1398	9403	24926	
1384	9280	25006	
1349	9121	25062	
1269	9204	25063	
1451	9179	25000	
1357	9183	24988	
1312	9425	24901	
1309	9321	25031	
1351	9235	25026	
1381	9157	25113	
1426	9245	24957	
1312	9196	25206	
1292	9091	25134	
1320	9259	25004	
1322	9094	25153	
1352	9242	25066	
1377	9201	25100	
1316	9218	25087	
1373	9186	25123	
1356	9111	25145	
1378	9134	25069	
1299	9233	25035	
1401	9229	25054	
1370	9300	25004	
1369	9113	25016	
1402	9299	24982	
1294	9120	25117	
1388	9316	24924	
1346	9231	25113	
1461	9055	25168	
1422	9170	25026	
1346	9190	25046	
1394	9206	24938	
1391	9202	25063	
1302	9268	24949	
1433	9182	24850	
1408	9287	24812	
1355	9103	25209	
1340	9211	25139	
1350	9152	25023	
1365	9194	24920	
1281	9342	24952	
1359	9155	25022	
1361	8965	25121	
1299	9391	24903	
1336	9245	25131	
1357	9141	25086	
1424	9182	24984	
1388	9288	24983	
1352	9196	25010	
1374	9179	25144	
1410	9205	25039	
1300	9353	24950	
1419	9338	24899	
1404	8956	25340	
1313	9105	25171	
1346	9079	25141	
1343	9230	25005	
1289	9385	24850	
1287	9173	25041	
1328	9194	25182	
1270	9204	25119	
1339	9229	24927	
1385	9179	25114	
1385	9166	25058	
1401	9195	25012	
1358	9257	25043	
1326	9198	24946	
1283	9209	25010	
1372	9167	24977	
1352	9251	24931	
1391	9222	24904	
1425	9289	24938	
1318	9161	25015	
1369	9074	25168	
1320	9222	25113	
1343	9205	25045	
1296	9391	24834	
1310	9066	25116	
1309	9182	24964	
1428	9274	25007	
1371	9128	25042	
1358	9275	25024	
1407	9434	24831	
1337	9331	24954	
1358	9227	24967	
1360	9117	25105	
1390	9196	24994	
1384	9113	25048	
1341	9189	24981	
1346	9152	25081	
1382	9201	25166	
1335	9145	25014	
1361	9257	25037	
1383	9302	24952	
1316	9130	25216	
1408	9216	25031	
1306	9210	25031	
1371	9272	24941	
1359	9295	24947	
1341	9184	25090	
1333	9167	25138	
1385	9155	25068	
1374	9145	25032	
1363	9156	25120	
1337	9378	24881	
1374	9030	25195	
1367	9078	25194	
1394	9245	25113	
1369	9074	25159	
1288	9173	25083	
1381	9486	24727	
1369	9267	24919	
1324	9250	25025	
1394	9071	25075	
1346	9147	25159	
1334	9268	25089	
1355	9046	25168	
1293	9149	25122	
1287	9088	25164	
1333	9354	24924	
1427	9082	25125	
1316	9153	25184	
1347	9187	25113	
1358	9170	25149	
1288	9116	25210	
1404	9211	25083	
1363	9132	25023	
1372	9179	25151	
1344	9300	24922	
1322	9231	25194	
1304	9093	25168	
1342	9334	24876	
1321	9306	25007	
1352	9042	25262	
1299	9110	25054	
1335	9291	25038	
1374	9247	25022	
1335	9195	25064	
1401	9180	24963	
1381	9383	24933	
1389	9351	24840	
1379	9245	24928	
1361	9166	24971	
1360	9187	25101	
1387	9075	25147	
1392	9237	25058	
1354	9244	24993	
1326	9240	24919	
1369	9060	25226	
1341	9241	25037	
1320	9347	24935	
1342	9228	24986	
1333	9302	25002	
1332	9267	25012	
1338	9127	25192	
1331	9122	25110	
1387	9128	25065	
1365	9009	25095	
1379	9265	25047	
1346	9197	25117	
1351	9094	25059	
1264	9295	24953	
1388	9183	25070	
1418	9063	25153	
1382	9171	25035	
1305	9253	25054	
1316	9005	25139	
1333	9210	25020	
1340	9251	24959	
1364	9200	25018	
1328	9302	24815	
1290	9073	25097	
1415	9104	25087	
1442	9146	25215	
1355	9210	25160	
1327	9230	25123	
1310	9253	25013	
1411	9230	24974	
1327	9293	25043	
1405	9168	25045	
1336	9293	24917	
1364	9174	25094	
1392	9101	25133	
1309	9175	25117	
1423	9255	24880	
1464	9127	24958	
1392	9114	25124	
1382	9212	25011	
1434	9056	25025	
1351	9182	25041	
