1341	9342	25086	
1307	9145	25128	
1325	9198	25024	
1347	9312	24817	
1337	9323	24937	
1298	9133	25159	
1404	9269	24767	
1359	9049	25267	
1339	9135	25042	
1317	9265	24937	
1353	9129	25237	
1439	9173	25026	
1412	9250	25052	
1331	9156	25105	
1345	9092	25290	
1441	9170	25037	
1283	9191	25040	
1403	9186	24972	
1379	9179	25113	
1294	9166	25021	
1354	9246	25075	
1368	9110	24996	
1346	9251	24962	
1363	9195	25110	
1307	9201	25035	
1325	9309	25050	
1357	9157	25056	
1320	9174	25075	
1350	9232	24951	
1322	9226	25029	
1396	9099	25116	
1401	9178	25037	
1312	9128	25147	
1374	9171	25193	
1320	9162	25029	
1364	9119	25198	
1320	9253	25019	
1344	9283	25032	
1346	9148	25084	
1337	9135	25142	
1350	9355	25037	
1421	9255	24921	
1353	9192	25038	
1322	9265	25091	
1308	9138	25019	
1318	9157	25050	
1319	9275	25062	
1355	9100	25209	
1271	9142	25078	
1272	9179	25118	
1361	9160	25041	
1348	9237	24986	
1406	9281	25005	
1378	9286	25056	
1332	9271	24907	
1369	9283	25042	
1337	9179	25084	
1376	9307	24957	
1419	9219	25111	
1340	9082	25185	
1281	9156	25044	
1371	9016	25198	
1384	9061	25113	
1343	9289	24983	
1325	9246	25011	
1303	9191	25013	
1381	9155	25063	
1334	9093	25048	
1305	9102	25111	
1380	9285	25009	
1349	9295	24964	
1369	9234	25004	
1336	9179	25035	
1348	9326	24971	
1336	9221	25069	
1284	9137	25126	
1409	9196	25027	
1354	9190	25078	
1438	9002	25183	
1332	9190	25037	
1287	9337	24907	
1276	9277	25121	
1392	9189	24987	
1367	9284	24957	
1423	8990	25233	
1347	9193	25042	
1366	9142	24996	
1301	9065	25070	
1430	9290	24927	
1330	9150	25146	
1340	9230	25048	
1451	9219	24941	
1424	9226	24970	
1425	9087	24995	
1400	9138	25040	
1308	9287	25096	
1422	9078	25053	
1296	9267	25009	
1347	9194	25049	
1343	9082	25180	
1380	9057	25071	
1356	9278	25140	
1383	9303	24948	
1345	9237	25047	
1258	9158	25109	
1405	9160	24949	
1320	9134	25087	
1386	9241	24987	
1353	9331	25006	
1348	9255	24998	
1380	9244	25140	
1296	9055	25221	
1301	9042	25103	
1317	9250	24997	
1406	9210	24987	
1332	9232	24954	
1305	9190	25081	
1376	9290	25000	
1393	9175	25014	
1371	9227	25023	
1361	9279	24998	
1297	9371	24924	
1387	9275	25020	
1405	9185	24976	
1378	9280	24892	
1360	9147	25058	
1327	9280	24967	
1402	9192	25067	
1347	9245	25106	
1377	9127	25050	
1338	9378	24934	
1338	9149	25135	
1391	9181	24891	
1346	9266	24943	
1387	9136	25135	
1317	9175	25052	
1374	9255	24922	
1357	9123	25020	
1343	9217	25070	
1340	9156	25121	
1378	9227	24936	
1280	9108	25213	
1401	9252	24987	
1339	9196	25197	
1357	9397	24826	
1330	9259	24992	
1444	9218	25004	
1385	9131	24991	
1342	9348	24880	
1359	9207	25021	
1367	9149	25001	
1308	9141	25158	
1350	9225	25062	
1346	9282	24954	
1413	9266	24940	
1355	9328	24960	
1343	9333	24905	
1383	9199	25001	
1384	9189	24980	
1365	9299	24861	
1404	9160	25137	
1326	9142	25075	
1319	9197	25175	
1366	9145	25030	
1299	9294	25039	
1361	9231	25041	
1333	9281	25125	
1281	9232	25030	
1353	9189	25034	
1404	9072	25125	
1353	9095	25032	
1325	8995	25153	
1351	9318	25030	
1361	9349	24811	
1364	9156	25139	
1387	9060	25195	
1377	9157	25109	
1311	9256	25113	
1391	9311	24922	
1317	9188	25016	
1382	9289	24851	
1359	9274	24964	
1337	9191	24951	
1375	9227	25108	
1321	9109	25165	
1355	9229	25062	
1415	9240	24910	
1430	9177	25114	
1322	9204	25039	
1301	9279	25009	
1374	9069	25136	
1285	9259	25169	
1365	9284	24993	
1346	9253	25038	
1376	9290	24953	
1344	9133	25000	
1402	9326	24917	
1348	9270	24934	
1421	9297	24866	
1272	9178	24995	
1371	9262	24986	
1374	9043	25146	
1360	9103	25214	
1316	9236	24977	
1324	9241	25100	
1384	9095	25266	
1330	9251	25023	
1387	9450	24760	
1383	9196	25064	
1421	9066	25107	
1313	9098	25197	
1397	9223	25029	
1369	9202	24949	
1400	9352	25009	
1395	9079	25121	
1323	9366	24957	
1307	9336	24909	
1364	9174	25032	
1374	9221	24975	
1357	9109	25120	
1337	9140	25080	
1370	9279	24947	
1280	9250	25097	
1335	9333	24908	
1409	9202	25111	
1320	9213	25127	
1294	9375	24934	
1312	9195	25099	
1290	9118	25201	
1414	9119	25080	
1416	9132	25076	
1391	9093	25107	
1421	9184	25010	
1359	9077	25056	
1321	9123	25201	
1346	9292	24968	
1287	9013	25145	
1331	9144	25045	
1368	9247	24942	
1423	9250	24897	
1369	9116	25045	
1391	9156	25118	
1368	9140	25008	
1374	9270	25012	
1374	9271	24883	
1374	9096	25030	
1359	9170	24948	
1357	9105	25182	
1406	9190	25021	
1363	9202	25084	
1392	9310	24915	
1321	9234	25098	
1316	9247	24931	
1406	9273	24905	
1370	9111	25089	
1361	9220	25032	
1310	9063	25119	
1339	9211	25091	
1367	9289	24958	
1398	9163	25122	
1331	9201	25105	
1376	9169	25119	
1333	9235	25021	
1340	9161	25058	
1348	9120	25040	
1303	9227	25220	
1390	9270	24780	
1374	9127	25164	
1313	9295	25036	
1382	9280	25058	
1404	9308	24854	
1297	9198	25029	
1360	9327	24957	
1348	9200	24996	
1375	9189	25108	
1358	9127	25022	
1359	9238	25007	
1392	9254	24954	
1332	9065	25137	
1389	9055	25026	
1327	9251	25055	
1310	9153	25196	
1395	9116	24940	
1350	9123	25092	
1308	9070	25167	
1400	9272	24886	
1384	9231	25012	
1401	9298	24987	
1375	9122	25041	
1320	9209	25020	
1383	9183	25084	
1366	9022	25190	
1328	9032	25273	
1352	9046	25173	
1349	9285	24882	
1351	9278	25001	
1388	9227	24973	
1400	9259	24962	
1342	9182	25078	
1354	9128	25100	
1406	9023	25217	
1438	9190	24939	
1385	9134	25090	
1360	9393	24801	
1377	9218	25035	
1301	9001	25109	
1323	9109	25113	
1351	9193	25150	
1354	9217	25150	
1323	9264	24941	
1382	9074	25100	
1411	9109	25175	
1355	9242	25040	
1345	9158	24969	
1217	9043	25176	
1305	9143	24995	
1386	9186	25163	
1418	9240	24919	
1335	9094	25167	
1366	9216	24849	
1337	9241	25011	
1401	9231	25087	
1348	9222	24903	
1335	9140	24977	
1377	9317	24976	
1354	9173	25017	
1356	9284	24889	
1390	9126	25195	
1412	9214	25061	
1330	9245	25029	
1357	9282	24898	
1313	9213	25060	
1396	9230	25020	
1397	9104	25035	
1384	9180	24950	
1383	9315	24919	
1344	9136	25062	
1313	9199	25090	
1313	9241	25024	
1309	9194	25131	
1347	9029	25127	
1355	9324	24869	
1353	9296	25033	
1372	9128	25078	
1373	9095	25025	
1382	9049	25243	
1462	9155	25033	
1338	8905	25295	
1323	9319	24927	
1334	9136	25112	
1389	9074	25217	
1384	9207	25024	
1369	9216	25005	
1350	9201	24956	
1360	9113	25024	
1342	9124	25120	
1408	9406	24828	
1390	9019	25177	
1393	9102	25172	
1355	9231	25066	
1310	9215	25133	
1331	9401	24900	
1317	9235	25058	
1399	9248	25037	
1337	9278	24853	
1390	9062	25231	
1286	9381	24793	
1320	9089	25053	
1384	9264	24986	
1337	9166	25134	
1443	9017	25271	
1377	9158	25099	
1385	9226	25045	
1279	9411	24897	
1385	9169	25061	
1349	9190	25092	
1380	9260	24944	
1290	9288	24981	
1361	9194	25085	
1393	9171	25047	
1324	9208	25028	
1316	9310	25082	
1338	9151	25063	
1326	9077	25131	
1378	9091	25039	
1359	9317	25015	
1327	9141	25085	
1335	9373	24907	
1354	9275	25041	
1386	9138	25107	
1370	9202	25082	
1325	9095	25122	
1287	9154	25096	
1353	9238	24919	
1392	9193	25062	
1394	9068	25169	
1418	9225	24933	
1356	9219	24935	
1371	9137	25010	
1430	9042	25063	
1291	9221	25055	
1272	9360	24908	
1356	9146	25094	
1370	9120	25101	
1296	9071	25116	
1356	9181	25097	
1267	9145	25148	
1308	9193	25097	
1373	9304	24870	
1401	9106	25189	
1336	9083	25272	
1384	9235	25008	
1384	9182	25139	
1356	9168	25184	
1302	9256	24950	
1320	9036	25119	
1378	9141	25051	
1411	9262	24912	
1388	9112	25137	
1411	9186	25041	
1349	9046	25135	
1323	9216	24978	
1344	9317	24978	
1285	9302	24971	
1338	9163	25179	
1359	9244	24946	
1353	9189	24968	
1353	9209	25049	
1410	9145	25137	
1385	9189	25137	
1357	9239	24960	
1354	9236	24988	
1371	9289	24961	
1272	9223	24982	
1341	9113	25147	
1319	9233	25109	
1313	9121	25047	
1340	9306	24871	
1344	9127	25036	
1395	9203	24940	
1356	9228	24984	
1356	9436	24959	
1370	9134	25046	
1293	9063	25155	
1333	9136	25137	
1326	9212	25144	
1316	9022	25214	
1407	9196	25007	
1352	9276	24972	
1328	9197	25079	
1318	9279	25039	
1392	9133	25089	
1334	9059	25050	
1334	9166	25022	
1323	9299	25080	
1312	9263	24985	
1319	9238	25023	
1388	9253	24841	
1293	9248	25064	
1397	9246	24980	
1360	9155	25014	
1345	8974	25186	
1317	9275	25050	
1344	9206	25012	
1347	9201	25035	
1363	8990	25207	
1312	8978	25202	
1346	9109	25247	
1304	9088	25060	
1342	9235	24852	
1336	9299	24997	
1273	9200	25139	
1328	9290	24939	
1336	9124	25144	
1357	9195	25086	
1352	9090	25228	
1404	9199	25088	
1395	9176	24986	
1336	9163	25072	
1305	9237	24920	
1290	9162	25126	
1370	9270	24972	
1313	9055	25213	
1395	9166	25077	
1340	9106	25052	
1358	9132	25067	
1373	9045	25051	
1355	9167	25046	
1324	9308	24999	
1364	9362	24989	
1357	9258	24900	
1416	9119	25113	
1308	9164	25058	
1361	9092	25201	
1339	9151	25096	
1393	9253	24924	
1327	9158	25053	
1351	9271	24958	
1417	9107	25042	
1304	9245	25008	
1367	9213	25032	
1396	9354	24886	
1325	9266	24978	
1379	9201	24970	
1372	9150	24991	
1442	9274	24979	
1393	9044	25113	
1268	9269	24997	
1397	9137	25093	
1392	9203	24955	
1374	9194	25106	
1361	9238	25022	
1302	9343	24967	
1335	9040	25142	
1336	9177	24977	
1351	9131	25196	
1386	9244	25032	
1360	9221	25111	
1379	9112	25139	
1354	9111	25041	
1381	9172	25152	
1276	9219	25016	
1350	9180	25052	
1373	9248	25063	
1327	9171	25094	
1366	9184	24952	
1337	9224	25046	
1307	9201	25050	
1270	9120	25187	
1442	9146	25093	
1315	9316	25004	
1356	9137	25003	
1343	9180	25055	
1322	9191	24989	
1367	9211	24944	
1325	9100	25192	
1378	9077	25114	
1358	9230	25054	
1368	9314	24870	
1345	9096	24990	
1377	9262	24976	
1343	9144	25045	
1343	9270	24921	
1334	9113	25250	
1345	9388	24921	
1301	9229	25117	
1379	9266	24946	
1311	9153	25135	
1391	9052	25107	
1397	9089	25049	
1407	9227	24985	
1314	9295	24939	
1315	9291	24899	
1352	9230	25172	
1351	9192	25047	
1346	9196	25133	
1339	9339	24929	
1338	9269	25003	
1379	9275	24895	
1317	9213	25105	
1373	9277	24875	
1304	9242	25055	
1409	9209	24960	
1382	9132	25136	
1343	9189	25081	
1363	9155	25003	
1366	9269	25055	
1363	9209	25027	
1361	9185	25087	
1321	9054	25101	
1347	9155	25139	
1342	9238	25038	
1334	8972	25269	
1378	9087	25143	
1296	9111	25149	
1335	9205	25004	
1322	9182	25181	
1369	9248	25006	
1287	9263	24932	
1316	9136	25141	
1419	9105	24946	
1336	9192	25148	
1408	9266	25014	
1346	9188	24985	
1417	9248	25007	
1305	9235	24976	
1414	9254	24964	
1368	9172	25001	
1334	9145	24982	
1361	9257	24932	
1351	9131	25016	
1391	9176	25091	
1369	9204	24940	
1373	9272	25061	
1294	9320	24899	
1361	9325	24936	
1343	9165	24975	
1344	9004	25305	
1340	9340	24939	
1424	9230	24902	
1291	9186	25015	
1328	9198	24973	
1390	9105	25032	
1310	8938	25264	
1322	9154	25158	
1322	9096	25185	
1316	9191	25167	
1368	9270	24989	
1375	9098	25214	
1283	9240	25131	
1362	9248	24956	
1336	9263	25058	
1410	9098	25068	
1374	9250	24959	
1366	9142	25066	
1428	9202	24934	
1424	9216	24981	
1417	8965	25258	
1403	9155	25057	
1373	9118	24970	
1306	9208	25065	
1382	9104	25067	
1316	9239	25083	
1380	9264	24975	
1377	9237	24983	
1364	9239	24992	
1414	9246	25030	
1323	9297	24985	
1375	9075	25126	
1432	9252	24909	
1338	9183	25087	
1337	9087	25090	
1375	9192	25019	
1378	9253	25012	
1342	9239	24986	
1356	9080	25181	
1332	9297	25045	
1319	9207	25019	
1348	9238	24978	
1465	9030	25134	
1353	9179	24999	
1345	9075	25108	
1378	9254	24929	
1358	9089	25134	
1412	9159	25017	
1380	9130	25263	
1372	9176	25004	
1324	9145	25112	
1406	9124	25028	
1389	9138	25009	
1345	9372	24816	
1352	9280	24879	
1347	9233	24975	
1442	9063	25160	
1339	9047	25134	
1300	9425	24934	
1390	9242	24997	
1324	9117	25116	
1339	9189	25143	
1328	9097	25140	
1331	9220	25035	
1338	9080	25103	
1327	9235	24971	
1283	9122	25171	
1392	9327	24799	
1364	9240	24965	
1402	9148	24964	
1377	9296	24950	
1408	9157	25178	
1357	9249	24958	
1335	9123	25138	
1340	9186	25004	
1425	9196	25037	
1400	9209	24983	
1366	9227	25156	
1339	9139	25157	
1258	9192	25074	
1374	9267	25008	
1428	9189	25066	
1335	9194	25153	
1366	9195	25025	
1344	9253	24992	
1342	9251	24939	
1326	9293	24992	
1354	9295	24920	
1303	9117	25065	
1400	9329	24774	
1390	9040	25122	
1296	9202	25087	
1360	9192	25072	
1400	9136	25059	
1329	9217	25147	
1415	9215	24969	
1315	9188	25090	
1342	9027	25157	
1384	9165	25046	
1396	9225	24971	
1428	9124	25167	
1268	9280	24956	
1410	9022	25045	
1315	9116	25168	
1376	9180	24986	
1266	9026	25002	
1398	9131	24947	
1365	9301	25014	
1405	9150	25099	
1365	9212	24920	
1378	9107	25058	
1333	9185	25169	
1335	9277	24898	
1329	9367	24896	
1402	9149	25058	
1363	9129	25093	
1339	9106	25137	
1382	9065	25240	
1359	9243	24948	
1400	9193	25074	
1317	9279	24985	
1297	9210	24979	
1351	9257	25033	
1338	9259	24920	
1367	9125	25021	
1367	9384	24897	
1393	9295	25030	
1392	9101	25172	
1366	8959	25240	
1423	9192	25036	
1307	9374	24920	
1353	9138	25118	
1335	9141	25140	
1379	9256	24946	
1384	9270	25005	
1351	9339	25014	
1370	9239	24957	
1303	9228	25081	
1390	9097	25118	
1313	9208	24961	
1371	9159	25062	
1348	9187	25054	
1356	9013	25183	
1367	9253	25009	
1384	9213	25050	
1314	9105	25142	
1330	9214	24986	
1347	9120	25087	
1295	9115	25272	
1380	9211	25002	
1356	9312	24937	
1312	9185	25016	
1349	9254	24887	
1323	9190	24997	
1332	9072	25157	
1385	9183	25095	
1330	9232	25076	
1293	9350	25002	
1319	9244	25023	
1343	9372	25018	
1354	9130	25044	
1374	9152	25025	
1330	9145	25175	
1402	9209	25097	
1385	9179	25048	
1301	9284	25062	
1333	9151	25062	
1347	9262	25017	
1395	9193	24967	
1318	9254	24963	
1330	9111	25202	
1429	9233	25003	
1370	9176	25062	
1330	9264	24930	
1361	9221	25045	
1327	9256	25183	
1435	9301	24894	
1348	9151	25197	
1351	9159	25164	
1314	9227	24990	
1397	9330	25031	
1371	9289	24850	
1340	9108	25098	
1364	9093	25062	
1350	9180	25031	
1344	9329	25018	
1275	9178	24943	
1320	9260	24972	
1376	9189	25062	
1318	9066	25223	
1355	9141	25118	
1382	8986	25204	
1301	9218	25127	
1353	9253	24993	
1409	9313	24890	
1445	9227	25016	
1300	9158	25121	
1334	9208	25120	
1331	9221	25013	
1372	9205	25102	
1328	9200	25108	
1386	9271	25014	
1314	9195	25068	
1351	9198	24960	
1290	9236	25070	
1367	9121	24998	
1386	9081	25162	
1362	9232	25022	
1311	9041	25179	
1354	9193	25100	
1354	9175	25076	
1408	9181	25100	
1348	9213	25142	
1333	8994	25189	
1338	9292	24938	
1393	9170	24912	
1305	9192	25185	
1410	9321	24901	
1379	9178	25046	
1334	9225	25042	
1401	9057	25029	
1322	9114	25146	
1376	9039	25149	
1338	9134	25092	
1366	9300	24991	
1353	9230	24979	
1333	9100	25261	
1288	9377	24906	
1330	9401	24999	
1339	9136	25001	
1374	9257	24959	
1325	9107	25183	
1351	9123	25167	
1348	9239	24948	
1380	9318	24918	
1282	9142	25069	
1325	9322	24967	
1352	9266	25114	
1341	9307	24887	
1272	9179	25056	
1314	9184	25017	
1309	9240	24920	
1358	9283	24984	
1304	9336	24980	
1379	9224	24920	
1310	9160	25035	
1369	8990	25243	
1351	9155	25018	
1326	9292	25022	
1300	9122	25142	
1347	9184	25060	
1392	9181	25054	
1375	9080	25175	
1354	9110	25099	
1378	9120	25108	
1340	9222	24864	
1382	9103	25042	
1390	9165	25108	
1365	9316	24899	
1240	9314	24919	
1367	9193	24947	
1298	9251	24925	
1415	9354	24863	
1364	9019	25194	
1401	9044	25154	
1311	9188	25136	
1272	9187	25047	
1361	9033	25215	
1368	9172	25117	
1329	9200	25006	
1343	9275	25052	
1296	9182	25128	
1389	9181	24972	
1388	9143	25181	
1375	9122	25076	
1383	9097	25105	
1284	9196	25045	
1375	9269	24962	
1406	9347	24824	
1373	9240	24914	
1362	9145	24996	
1332	9330	24969	
1408	9130	25067	
1407	9071	24900	
1392	9122	25177	
1387	9162	24956	
1374	9120	25141	
1413	9223	24973	
1296	9311	25060	
1447	9245	24924	
1355	9182	24937	
1290	9141	25153	
1439	9065	25082	
1323	9214	24953	
1297	9237	25157	
1468	9299	24879	
1357	9307	24964	
1273	9260	25017	
1380	9341	24830	
1321	9104	25034	
1366	9279	24964	
1331	9366	24897	
1427	9245	24928	
1332	9150	25123	
1369	9261	24979	
1307	9273	25106	
1350	9258	24911	
1334	9412	24887	
1394	9314	24960	
1344	9103	25114	
1381	9213	24978	
1326	9225	25048	
1371	9117	25149	
1451	9110	24970	
1353	9139	25095	
1391	9223	25050	
1330	9172	25182	
1367	9284	25026	
1419	9107	25121	
1354	9199	25009	
1381	9179	25077	
1340	9053	25103	
1346	9161	25085	
1308	9192	25052	
1325	8982	25253	
1440	9264	24849	
1327	9159	25152	
1318	9286	25014	
1425	9237	24839	
1344	9238	25001	
1348	9059	25100	
1310	9370	24864	
1391	9086	25128	
1371	9077	25167	
1346	9291	24955	
1395	8945	25212	
1358	9113	25133	
1375	9273	25090	
1342	9190	25026	
1384	9118	25064	
1334	9175	24985	
1361	9173	25057	
1330	9313	24967	
1355	9167	25020	
1299	9071	25026	
1388	9171	25000	
1422	9177	25033	
1419	9181	25014	
1354	9186	25196	
1299	9213	25097	
1376	9244	25018	
1382	9259	24979	
1336	9234	25056	
1370	9071	25143	
1285	9198	25106	
1402	9308	24853	
1348	9221	25030	
1300	9362	25025	
1300	9239	25167	
1388	9134	25117	
1358	9284	24948	
1345	9373	25000	
1386	9266	24980	
1366	9155	25131	
1289	9295	24955	
1363	9211	25017	
1348	9106	25202	
1385	9283	25002	
1333	9106	25034	
1388	9149	25068	
1283	9303	25014	
1385	9220	24974	
1378	9338	24916	
1370	9185	24968	
1363	9287	24939	
1286	9283	25001	
1348	9275	24875	
1373	9093	25096	
1356	9115	25121	
1355	9247	24960	
1313	9136	25149	
1370	9151	25051	
1298	9233	25080	
1373	9179	24981	
1352	9176	25046	
1339	9075	25097	
1374	9295	24976	
1334	9253	24898	
1364	9123	25054	
1386	9181	25104	
1420	8999	25170	
1415	9184	24993	
1411	9174	24981	
1353	9158	25139	
1391	9137	25094	
1336	9174	25101	
1334	9159	25083	
1379	9200	25084	
1386	9297	24907	
1331	9077	25091	
1278	9193	25125	
1275	9120	25039	
1354	9288	24924	
1371	9196	25051	
1416	9214	25021	
1335	9156	25047	
1344	9260	24993	
1379	9414	24826	
1301	9106	25025	
1401	9227	24900	
1328	9055	25173	
1365	9364	24881	
1295	9070	25054	
1327	9169	25088	
1315	9114	25121	
1311	9076	25211	
1401	9198	24914	
1352	9252	25136	
1379	9260	24824	
1326	9226	24945	
1396	9302	24784	
1398	9238	25044	
1374	9127	25121	
1386	9088	25166	
1394	9082	25040	
1422	9163	25092	
1369	9336	24933	
1389	9168	25164	
1309	9171	24983	
1331	9248	24926	
1423	9258	24987	
1358	9124	25205	
1344	9115	25026	
1392	9256	24978	
1416	9125	25078	
1318	9151	25046	
1404	9091	25190	
1386	9115	25010	
1403	9180	25014	
1340	9131	25090	
1380	9172	25082	
1393	9293	24821	
1382	9257	25073	
1375	9126	25030	
1405	9344	24907	
1374	9261	25049	
1408	9068	25112	
1320	9288	24996	
1326	9290	25033	
1373	9170	25027	
1389	9167	25175	
1318	9242	25043	
1364	9075	25123	
1395	9165	25114	
1293	9246	25085	
1383	9046	25204	
1401	9206	25076	
1300	9220	25108	
1374	9194	25099	
1317	9169	25011	
1332	9262	24994	
1361	9329	24947	
1378	9187	25052	
1382	9215	24888	
1371	9181	25025	
1371	9104	25092	
1288	9297	25094	
1381	9192	25004	
1339	9100	25129	
1354	9064	25112	
1328	9271	24860	
1359	9200	25023	
1346	9190	25027	
1364	9102	25054	
1358	9006	25185	
1366	9147	25062	
1339	9229	25048	
1372	9238	25100	
1359	9127	25150	
1374	9143	25126	
1378	8971	25202	
1307	9172	25158	
1411	9284	24947	
1345	9117	25141	
1385	9209	25120	
1335	9082	25068	
1390	9268	24944	
1335	9085	25213	
1387	9225	24994	
1332	9178	25040	
1408	9436	24794	
1355	9233	25115	
1346	9178	25085	
1362	9219	25089	
1337	9166	25179	
1356	9240	25052	
1352	9345	24882	
1387	9095	25105	
1296	9043	25213	
1351	9216	24981	
1338	9360	24957	
1366	9139	24947	
1355	9168	25054	
1343	9260	24933	
1373	9106	25044	
1381	9099	25090	
1414	9210	24888	
1457	9216	24943	
1337	9149	25174	
1439	9154	25147	
1372	9226	25040	
1424	9093	25104	
1414	9092	25244	
1421	9161	24996	
1317	9132	25086	
1352	9089	25090	
1320	9137	25025	
1297	9158	25137	
1304	9239	25017	
1387	9215	25023	
1330	9242	25026	
1314	9300	24890	
1335	9204	24999	
1370	9055	25190	
1353	9275	24917	
1388	9198	25037	
1366	9168	25036	
1369	9099	25283	
1330	9266	25126	
1434	9374	24914	
1272	9236	25097	
1372	9301	24861	
1272	9103	25116	
1305	9205	25086	
1338	9091	25028	
1341	9276	24932	
1346	9179	25113	
1360	9052	25154	
1356	9330	24878	
1372	9120	25167	
1419	9342	24983	
1389	9045	25173	
1308	9206	25038	
1359	9234	25015	
1345	9085	25201	
1356	9101	24996	
1293	9222	25067	
1375	9187	24991	
1355	9274	24895	
1363	9163	25147	
1385	9032	25254	
1391	9266	24902	
1366	9251	24997	
1350	9185	25095	
1321	9213	25014	
1381	9243	24871	
1341	9110	25096	
1364	9176	25099	
1426	9143	25112	
1321	9175	25074	
1350	9284	25041	
1369	9190	24961	
1380	9151	25047	
1426	9329	24913	
1375	9289	24886	
1448	9098	25144	
1357	9185	25068	
1386	9196	25028	
1379	9238	24988	
1390	9210	25080	
1345	9136	25130	
1312	9247	24965	
1289	9061	25204	
1389	9180	25074	
1401	9183	24929	
1345	9230	25046	
1350	9272	25103	
1348	9128	24981	
1330	9199	25019	
1286	9197	25038	
1327	9239	24996	
1291	9205	25038	
1329	9110	25064	
1292	9313	25074	
1341	9173	25089	
1339	9113	25128	
1350	9202	25040	
1298	9220	25051	
1297	9126	25136	
1374	9143	24949	
1314	9238	24998	
1347	9221	24962	
1341	9222	25091	
1380	9147	25106	
1312	9191	25108	
1327	9250	25040	
1384	9228	24956	
1397	9300	24850	
1405	9076	25121	
1395	9178	24953	
1353	9214	25073	
1370	9059	25133	
1313	9298	24875	
1420	9156	25076	
1351	9114	25195	
1463	9325	24989	
1441	9112	25154	
1324	9042	25149	
1314	9094	25065	
1368	8899	25185	
1320	9218	24998	
1369	9202	24996	
1307	9135	25108	
1312	9101	25168	
1300	9247	25064	
1363	9208	25043	
1297	9279	25040	
1342	9307	24992	
1331	9221	25084	
1376	9107	25199	
1348	9119	25065	
1357	9201	25083	
1341	9356	25054	
1361	9259	25095	
1374	9242	25021	
1362	9145	25034	
1351	9223	24921	
1359	9095	25254	
1361	9151	25090	
1292	9366	24875	
1335	9059	25256	
1368	9447	24833	
1363	9306	24911	
1335	9133	25038	
1407	9167	25099	
1388	9115	25163	
1317	9312	24893	
1326	9091	25171	
1382	9340	24864	
1334	9247	24896	
1279	9044	25214	
1353	9248	24978	
1349	9260	24927	
1336	9262	25017	
1336	9021	25092	
1342	9226	25038	
1339	9205	25046	
1288	9098	25020	
1365	9203	25032	
1327	9192	25110	
1360	9098	25012	
1412	9088	25136	
1383	9203	25027	
1387	9421	24819	
1344	9211	25052	
1353	9307	24996	
1357	9173	25152	
1388	9185	24987	
1349	9219	25023	
1364	9103	25210	
1412	9185	25030	
1450	9268	24939	
1378	9050	25165	
1359	9213	24945	
1359	9157	25086	
1332	9206	25005	
1374	9202	25064	
1352	9241	24875	
1319	9222	25137	
1397	9124	25083	
1329	9145	25079	
1347	9132	25062	
1294	9265	24869	
1373	9029	25085	
1324	9027	25195	
1374	9149	25175	
1353	9287	24944	
1347	9040	25154	
1389	9219	24974	
1317	9276	24920	
1349	9214	25005	
1364	9079	25213	
1382	9101	25076	
1292	9061	25162	
1367	9054	25134	
1342	9234	24989	
1396	9227	25093	
1380	9129	24977	
1387	9087	25163	
1381	9099	25171	
1367	9198	25132	
1335	9199	25059	
1365	9274	24885	
1276	9257	25087	
1319	9349	24853	
1312	9121	25119	
1411	9086	25120	
1371	9285	25022	
1369	9165	25012	
1355	9313	24968	
1357	9045	25245	
1339	9276	24925	
1311	9069	25162	
1332	9170	24981	
1310	9177	25133	
1308	9245	24973	
1361	9057	25123	
1385	9132	25053	
1350	9144	25124	
1265	9150	25083	
1342	9067	25017	
1315	9293	24995	
1427	9095	25193	
1345	9163	25064	
1369	9149	24996	
1377	9144	25116	
1357	9193	25050	
1408	9117	25170	
1375	9058	25056	
1346	9266	24926	
1305	9314	24931	
1358	9233	24934	
1341	9309	24911	
1349	9326	24892	
1360	9186	25084	
1383	9288	24984	
1418	9241	25090	
1402	9359	24928	
1390	9288	25017	
1388	9255	24962	
1270	9173	25045	
1327	9129	25187	
1329	9163	24993	
1355	9296	24968	
1372	9284	24953	
1366	9173	25078	
1375	9206	25123	
1344	9130	25052	
1354	9230	25120	
1331	9154	25040	
1350	9273	24958	
1361	9213	25019	
1388	9100	25142	
1359	9423	24925	
1360	9192	25102	
1361	9091	25230	
1391	9241	24994	
1332	9270	24840	
1418	9227	24984	
1389	9086	25126	
1341	9147	25073	
1373	9223	24941	
1385	9235	24964	
1261	9197	25042	
1294	9127	25070	
1372	9164	24986	
1320	9380	24860	
1394	9207	25080	
1337	9112	25129	
1293	9186	25049	
1379	9108	25137	
1382	9070	25081	
1366	9224	25144	
1414	9150	25180	
1380	9292	25089	
1403	9360	24904	
1329	9304	24946	
1384	9233	25054	
1283	9251	24944	
1345	9239	25181	
1312	9220	25005	
1377	9224	25027	
1428	9326	24892	
1363	9125	25048	
1326	9384	24871	
1349	9427	24682	
1302	9191	25061	
1383	9166	25057	
1347	9088	25120	
1423	9134	25006	
1345	9234	24974	
1365	9314	25060	
1309	9169	25070	
1301	9102	25216	
1382	9024	25303	
1377	9218	24955	
1319	9333	25046	
1303	9370	24949	
1308	9418	24761	
1418	9025	25084	
1387	9127	25058	
1404	9252	25027	
1335	9318	24987	
1355	9206	24977	
1326	9172	25052	
1389	9133	25072	
1394	9128	24931	
1377	9213	24961	
1350	9223	25017	
1363	9158	24959	
1260	9209	25163	
1351	9281	24934	
1379	9092	25170	
1342	9346	24939	
1381	9208	24994	
1427	9122	25036	
1361	9052	25214	
1321	9171	24936	
1368	9167	25054	
1300	9267	25022	
1371	9179	25081	
1339	9166	25077	
1399	9195	25038	
1353	9023	25147	
1321	9211	25079	
1432	8908	25292	
1391	9172	25111	
1375	9206	25026	
1323	9057	25187	
1410	9239	25048	
1366	9266	24946	
1357	9213	25079	
1319	9024	25245	
1282	9163	25168	
1345	9148	25151	
1334	9139	25100	
1394	9112	25044	
1379	9112	24981	
1337	9261	24875	
1373	9243	24984	
1358	9166	24957	
1315	9230	25115	
1410	9237	24967	
1357	9261	25002	
1335	8970	25194	
1395	9135	25125	
1373	9097	25170	
1335	9245	24949	
1394	9193	25058	
1340	9235	25058	
1325	9195	25039	
1294	9220	25041	
1342	9166	25044	
1374	9289	24916	
1365	8964	25229	
1308	9242	24993	
1432	9094	25080	
1332	9154	25213	
1359	9350	24941	
1400	9151	25036	
1384	9125	25111	
1370	9197	25006	
1382	9150	24995	
1345	9185	25030	
1369	9168	25063	
1301	9182	25090	
1410	9278	24847	
1362	9236	24970	
1323	9217	25056	
1323	9267	25022	
1328	9282	25034	
1289	9100	25100	
1358	9200	25019	
1341	9251	24950	
1401	9117	25166	
1285	9237	25034	
1370	8990	25178	
1412	9336	25023	
1371	9132	25153	
1341	9214	24945	
1341	9265	24987	
1351	9313	24984	
1380	9147	25001	
1338	9068	25163	
1364	9036	25198	
1357	9173	25039	
1348	9154	25063	
1367	9081	25106	
1306	9202	25085	
1371	9133	25031	
1369	9316	24998	
1425	9213	25008	
1360	9279	24906	
1355	9183	24997	
1318	9221	25122	
1368	9140	25028	
1353	9251	25057	
1387	9226	25058	
1324	9185	25024	
1363	9281	25048	
1336	9103	25163	
1318	9204	24925	
1303	9389	24960	
1344	9111	25051	
1338	9112	25127	
1331	9215	24952	
1297	9281	24973	
1358	9332	24941	
1348	9138	25085	
1297	9001	25169	
1364	9212	24893	
1394	9155	24987	
1320	9213	25074	
1401	9049	25078	
1317	9258	25055	
1300	9164	25084	
1335	9283	24940	
1390	9198	25079	
1395	9225	25052	
1307	9150	25116	
1264	9154	25110	
1351	8953	25232	
1398	9161	25155	
1398	9135	25033	
1382	9138	24965	
1352	9366	24903	
1336	9117	25128	
1408	9210	25007	
1370	9198	25035	
1332	9272	24985	
1368	9145	25154	
1301	9216	24898	
1306	9391	24887	
1382	9065	25074	
1354	9017	25099	
1347	9172	24952	
1371	9238	24876	
1374	9165	25112	
1342	9156	25077	
1413	9275	24867	
1389	9197	25126	
1423	8983	25114	
1341	9237	25064	
1396	9208	24921	
1322	9163	25133	
1401	9271	25065	
1360	9261	24886	
1315	9273	24881	
1390	9198	25063	
1385	9211	24975	
1394	9334	24964	
1330	9044	25117	
1369	9096	25142	
1301	9151	25034	
1347	9198	24999	
1389	9199	24984	
1281	9291	24986	
1341	8934	25222	
1447	9097	25096	
1394	9127	25150	
1351	9339	24882	
1372	9216	25104	
1380	9204	25022	
1370	9141	25041	
1252	9208	24996	
1360	9219	25025	
1356	9016	25204	
1383	9380	24861	
1402	9088	24992	
1388	9135	25027	
1359	9280	24934	
1366	9211	24949	
1350	9223	25009	
1371	9076	25252	
1342	9328	24898	
1349	9230	24959	
1374	9163	25037	
1390	9183	24972	
1360	9310	25016	
1329	9207	24987	
1332	9202	25018	
1402	9148	24965	
1348	9314	24980	
1437	9133	25121	
1329	9175	25056	
1380	9199	25045	
1368	9331	24856	
1419	9048	25211	
1301	9239	25019	
1377	9242	25069	
1422	9125	25093	
1377	9167	25015	
1369	9228	25113	
1379	9180	25001	
1366	9271	25020	
1366	9068	25083	
1375	9165	25049	
1387	9185	25083	
1379	9155	25047	
1363	9179	25091	
1371	9339	24949	
1333	9282	24925	
1324	9059	25097	
1366	9138	24997	
1425	9051	25216	
1419	9179	25064	
1360	9298	24935	
1380	9451	24824	
1381	9287	24915	
1411	9256	25078	
1350	9014	25140	
1343	9255	25129	
1388	9265	24973	
1335	9011	25252	
1492	9101	25055	
1402	9104	25104	
1412	9263	24889	
1363	9183	25061	
1368	9438	24859	
1315	8956	25321	
1419	9176	25082	
1378	9211	25158	
1365	9218	24997	
1406	8973	25092	
1327	9212	25032	
1343	9216	24997	
1349	9303	25048	
1354	9152	25161	
1330	9161	25075	
1383	9073	25158	
1320	9317	24896	
1366	9292	24873	
1338	9169	25022	
1341	9240	24912	
1382	9120	25032	
1378	9184	25032	
1389	9214	24966	
1413	9251	24887	
1399	8992	25261	
1301	9083	25194	
1358	9259	25072	
1293	9132	25085	
1356	9238	25014	
1372	9166	25033	
1305	9190	24986	
1348	9191	25065	
1384	9213	24987	
1330	9254	24981	
1325	9136	25161	
1307	9337	24993	
1362	9206	24923	
1389	9166	24937	
1359	9175	25070	
1355	9276	24925	
1390	9063	25157	
1370	9245	25074	
1338	9190	25088	
1348	9233	25105	
1395	9192	25009	
1336	9240	25046	
1356	9208	25096	
1360	9133	25048	
1366	9079	25214	
1315	9240	25055	
1357	9101	25087	
1318	9090	25160	
1308	9214	25020	
1337	9319	24995	
1338	9274	24971	
1373	9083	25207	
1423	9097	25101	
1442	9211	25051	
1441	9170	25041	
1357	9110	25111	
1390	9240	25073	
1364	9166	25024	
1286	9252	25067	
1382	9176	24968	
1374	9063	25111	
1441	9122	25245	
1353	9178	25123	
1367	9147	25164	
1332	8936	25246	
1334	9193	24978	
1357	9411	24938	
1363	9181	25003	
1400	9058	25121	
1405	9238	24983	
1392	9241	25003	
1315	9202	24964	
1369	9055	25202	
1387	9303	24999	
1387	9122	25047	
1310	9161	25051	
1364	9189	24949	
1370	9179	24978	
1340	9153	25102	
1319	9165	25212	
1412	9261	24981	
1353	9156	25024	
1341	9209	25055	
1273	9218	25047	
1345	9063	25248	
1336	9326	24879	
1334	9148	25043	
1370	9238	25081	
1357	9089	25246	
1415	9207	25002	
1359	9194	25092	
1417	9195	24994	
1380	9134	25095	
1339	9099	25079	
1331	9129	25090	
1341	9085	25115	
1340	9264	24830	
1351	9358	24862	
1368	9386	24979	
1349	9241	25003	
1329	9122	25085	
1318	9191	25055	
1347	9015	25107	
1369	9114	25215	
1368	9343	24904	
1322	9177	25131	
1368	9372	24863	
1332	9252	24978	
1388	9137	25016	
1280	9411	24772	
1389	9084	25100	
1353	9053	25135	
1391	9164	25065	
1312	9293	24962	
1335	9254	24930	
1319	9223	24990	
1334	9077	25216	
1405	9116	25135	
1310	9314	24944	
1356	9305	24901	
1339	9147	25146	
1387	9046	25143	
1363	9117	25195	
1340	9206	25024	
1356	9099	25206	
1355	9234	24976	
1334	8958	25349	
1317	9356	24876	
1404	9138	25096	
1374	9241	24982	
1403	9193	25019	
1433	9090	25092	
1385	9029	25213	
1361	9138	25098	
1324	9381	24859	
1316	9240	25105	
1368	9201	25078	
1412	9281	24976	
1359	9174	25026	
1267	9175	25091	
1380	9013	25184	
1361	9220	25051	
1243	9057	25200	
1379	9158	25021	
1349	9042	25067	
1356	9248	24933	
1323	9238	25045	
1361	9172	25101	
1405	9098	25061	
1348	9130	25108	
1346	9180	24934	
1322	9336	24903	
1336	9098	25226	
1357	9300	25010	
1356	9229	24952	
1343	9211	24865	
1383	9193	25031	
1413	9113	25046	
1294	9335	24956	
1390	9261	24905	
1365	9300	24879	
1363	9275	24994	
1393	9252	25007	
1347	9235	24975	
1414	9227	24869	
1357	9126	25126	
1360	9298	24983	
1310	9137	25200	
1398	9252	24908	
1373	9319	24822	
1388	9241	25027	
1346	8915	25340	
1383	9079	25163	
1422	9276	24998	
1321	9175	25126	
1283	9064	25160	
1343	9329	24885	
1403	9189	24925	
1409	9272	24897	
1346	9207	24874	
1290	9221	25013	
1301	9114	25147	
1331	9217	25128	
1313	9152	25077	
1418	9203	25002	
1368	9168	25087	
1409	9384	24878	
1335	9127	25161	
1322	9174	25037	
1410	9160	25067	
1209	9317	25096	
1339	9137	25118	
1360	9181	25118	
1391	9297	24841	
1398	9192	24976	
1378	9185	25089	
1361	9300	24989	
1256	9250	25076	
1395	9304	24953	
1316	9220	25064	
1437	9090	24995	
1356	9321	24806	
1358	9222	24931	
1370	9217	25044	
1383	9184	25084	
1294	9198	25105	
1337	9177	24996	
1414	9157	25107	
1281	9124	25069	
1357	9184	24955	
1329	9173	25154	
1428	9240	25034	
1382	9288	24874	
1324	9073	25043	
1285	9244	25103	
1288	9219	25207	
1362	9212	24983	
1347	9263	25021	
1379	9217	24858	
1328	9237	24963	
1452	9102	25063	
1276	9129	25044	
1341	9075	25004	
1321	9221	24975	
1290	9132	25170	
1302	9245	24956	
1368	9285	24831	
1343	8996	25143	
1329	9258	25001	
1407	9147	25095	
1345	9489	24843	
1355	9206	24982	
1390	9183	25114	
1312	9170	25039	
1332	9193	25039	
1373	9273	24928	
1335	9213	25066	
1352	9233	24939	
1344	9182	25047	
1343	9186	25019	
1356	9209	25006	
1371	9077	25252	
1369	9226	25115	
1356	9201	24943	
1396	9174	25024	
1293	9140	25143	
1407	9166	25107	
1352	9242	24998	
1349	9251	25027	
1285	9277	24868	
1388	9284	24924	
1428	9239	24969	
1351	9226	25018	
1372	9235	24916	
1337	9125	25043	
1359	9362	24880	
1339	9181	25119	
1366	9218	25018	
1376	9238	24984	
1330	9045	25200	
1395	9191	25071	
1386	9189	25033	
1383	9268	24939	
1380	9176	24998	
1374	9111	25086	
1398	9150	25054	
1358	9268	24918	
1325	9268	25064	
1331	9319	24920	
1357	9220	24925	
1358	9333	24948	
1413	9335	24893	
1361	9118	24971	
1314	9058	25246	
1369	9247	24956	
1352	9175	25032	
1435	9257	24987	
1379	9138	25104	
1333	9167	24988	
1352	9282	25005	
1381	9215	25042	
1331	9076	25128	
1417	9125	25110	
1375	9246	25049	
1366	9293	24962	
1314	9167	25027	
1367	9090	25171	
1392	9192	25085	
1340	9312	24873	
1379	9275	25027	
1379	9126	25130	
1398	9153	25055	
1382	9227	25006	
1358	9308	24909	
1374	9133	25149	
1386	9159	25100	
1356	9267	25109	
1305	9149	25165	
1328	9170	25034	
1347	9074	25195	
1372	9243	24867	
1315	9227	24940	
1396	9154	25107	
1334	8998	25148	
1354	9185	25057	
1335	9173	25177	
1364	9181	25057	
1349	9243	24949	
1326	9201	24978	
1325	9121	25160	
1346	9176	25088	
1332	9280	24967	
1335	9258	25041	
1413	9110	25123	
1334	9107	25155	
1400	9112	25013	
1339	9119	25162	
1301	9169	25038	
1345	9252	24932	
1369	9132	25101	
1363	9231	24997	
1426	9096	25221	
1397	9111	25040	
1319	9257	25114	
1378	9042	25181	
1355	9128	25097	
1373	9149	25108	
1382	9255	25035	
1347	9311	24924	
1334	9094	25141	
1332	9200	24999	
1372	9279	24856	
1389	9189	25098	
1284	9200	25093	
1409	9156	24975	
1340	9245	25082	
1342	9071	25173	
1389	9180	25000	
1353	9276	25029	
1318	9233	25006	
1366	9312	24825	
1312	9198	25004	
1319	9085	25175	
1380	9180	25060	
1418	9083	25045	
1401	9048	25215	
1376	9050	25073	
1352	9135	25059	
1354	9165	25081	
1359	9257	24971	
1448	9274	24952	
1350	9314	24939	
1400	9149	25116	
1356	9177	25105	
1350	9218	24982	
1346	9350	24848	
1373	9263	24951	
1346	9198	25022	
1358	9255	24973	
1309	9025	25303	
1396	9078	25100	
1366	9363	24788	
1417	9316	24985	
1344	9200	24957	
1271	9158	24969	
1411	9382	24897	
1341	9049	25147	
1385	9080	25144	
1341	9149	25091	
1349	9096	25149	
1326	9150	25098	
1378	9144	25064	
1381	9130	25077	
1418	9146	25058	
1327	9250	24897	
1334	9217	25050	
1352	9186	25118	
1335	9105	25254	
1365	9233	24969	
1334	8969	25212	
1402	9330	24853	
1311	9251	25066	
1355	9223	25008	
1412	9051	25199	
1346	9027	25148	
1363	9141	25029	
1351	9054	25137	
1350	9240	24967	
1405	9256	25044	
1292	9269	25066	
1371	9155	25026	
1352	9249	25038	
1379	9163	24987	
1404	9131	25094	
1386	9098	25054	
1377	9146	25061	
1333	9352	24852	
1356	9245	25043	
1497	9234	24947	
1378	9210	24904	
1321	9165	24961	
1365	9166	24976	
1334	9275	24983	
1393	9140	24998	
1392	9271	24907	
1432	9076	25052	
1409	9140	25015	
1331	9130	25045	
1369	9155	25239	
1348	9193	25041	
1398	9180	25031	
1400	9100	25067	
1349	9246	25142	
1376	9169	25145	
1329	9055	25134	
1293	9178	25068	
1301	9212	25041	
1357	9322	25007	
1377	9113	25081	
1380	9146	25049	
1358	9422	24886	
1326	9138	25065	
1330	9244	25075	
1381	9092	25144	
1355	9300	24985	
1310	9242	25051	
1333	9191	25047	
1335	9113	25190	
1310	9150	25061	
1355	9315	25103	
1412	9232	24929	
1374	9220	25039	
1358	9117	25050	
1398	9152	25071	
1265	9340	24936	
1291	9315	24992	
1319	9040	25231	
1290	9286	25020	
1349	9208	25055	
1288	9256	25070	
1350	9095	25185	
1398	9297	24969	
1417	9032	25169	
1331	9146	25030	
1288	9048	25320	
1385	9254	24812	
1354	9250	25007	
1385	9104	25101	
1328	9242	24931	
1343	9292	24971	
1399	9262	25081	
1381	9202	25054	
1350	9249	25007	
1338	9249	24959	
1346	9260	24989	
1378	9174	25090	
1418	9288	25038	
1347	9111	25036	
1366	9318	25049	
1395	9125	25082	
1374	9136	25092	
1365	9210	25010	
1318	9339	24984	
1378	9239	24994	
1412	9202	24930	
1420	9228	24930	
1322	9231	24930	
1383	9209	24984	
1381	9204	25040	
1332	9229	25027	
1357	9240	24943	
1423	9101	25040	
1369	9354	24913	
1364	9170	25056	
1388	9360	24961	
1363	9119	25201	
1303	9311	24900	
1367	9123	25176	
1383	9249	24994	
1338	9093	25137	
1368	9167	25013	
1344	9270	25004	
1443	9177	25093	
1318	9199	25067	
1341	9240	25029	
1377	9156	25074	
1368	9102	25183	
1415	9269	24941	
1332	9162	25032	
1328	9182	25084	
1386	9257	25028	
1372	9245	24965	
1328	9113	25122	
1368	9152	25005	
1344	9144	25151	
1394	9248	24979	
1366	9257	25018	
1362	9263	24933	
1360	9179	25058	
1383	9365	24951	
1397	9106	25038	
1364	9132	24992	
1286	9131	25097	
1297	9278	24979	
1394	9221	24914	
1470	9019	25175	
1389	9275	24910	
1387	9119	25044	
1375	9059	25127	
1336	9178	25125	
1293	9145	25074	
1317	9167	24979	
1299	9258	25049	
1331	9096	25138	
1409	9175	24982	
1380	9150	25079	
1325	9095	25075	
1320	9267	25028	
1344	9141	25056	
1390	9265	25007	
1324	9135	24992	
1368	9009	25239	
1362	9093	25160	
1379	9296	25024	
1338	9197	25080	
1320	9124	25164	
1375	9198	25053	
1408	9152	25043	
1428	9344	24866	
1332	9209	24967	
1418	9110	25039	
1331	9231	25053	
1302	9343	24907	
1441	9063	25119	
1346	9521	24817	
1360	9196	25164	
1380	9047	25168	
1354	9224	25092	
1344	9159	25015	
1356	9195	25056	
1340	9306	24918	
1349	9161	25049	
1377	9308	25019	
1375	9211	24926	
1292	9256	25047	
1363	9115	25074	
1330	9240	24921	
1327	9296	24892	
1364	9058	25105	
1361	9228	24945	
1394	9132	25072	
1345	9221	24927	
1396	9213	25043	
1323	9148	25104	
1397	9081	25104	
1365	9292	24931	
1350	9320	24914	
1332	9145	25118	
1398	9172	25071	
1335	9269	25100	
1351	9335	24946	
1320	9355	24829	
1348	9342	24965	
1394	9068	25083	
1418	9043	25063	
1391	9089	24917	
1344	9274	25005	
1378	9086	25156	
1338	9191	25004	
1383	9343	24916	
1371	9329	24940	
1324	9311	24970	
1358	9344	24988	
1355	9250	25028	
1395	9214	25177	
1404	9143	24995	
1383	9192	25102	
1329	9180	25121	
1325	9163	25016	
1327	9035	25192	
1335	9252	25092	
1336	9331	24948	
1401	9021	25103	
1290	9234	25067	
1316	9113	25209	
1394	8989	25231	
1276	9091	25069	
1358	9315	24886	
1339	9289	24832	
1314	9090	25207	
1305	9188	25069	
1362	9133	25184	
1411	9253	24989	
1371	9222	24963	
1374	9102	25123	
1398	9244	25064	
1437	9207	25028	
1352	9159	25029	
1350	9232	24973	
1349	9221	25022	
1404	9134	25076	
1358	9235	25031	
1380	9202	24942	
1388	9151	25033	
1342	9180	24949	
1250	9377	25058	
1383	9013	25194	
1361	9150	25119	
1332	9294	24853	
1367	9343	24916	
1398	9203	25109	
1349	8997	25317	
1322	9191	25096	
1373	9105	25102	
1454	9277	24890	
1337	9113	25079	
1416	9168	25023	
1360	9107	25248	
1377	9114	25183	
1294	9173	24955	
1302	9089	25117	
1328	9114	25009	
1378	9080	25033	
1377	9203	24981	
1370	9059	25105	
1325	9204	25107	
1325	9148	25111	
1366	9197	24975	
1376	9245	25036	
1338	9283	24986	
1348	9155	25017	
1315	9219	25126	
1386	9242	25001	
1347	9286	24955	
1338	9144	25029	
1329	9180	25106	
1375	9212	25116	
1301	9177	25165	
1333	9300	24974	
1380	9187	25006	
1353	9135	25073	
1404	9134	25063	
1409	9108	25072	
1337	9292	24979	
1419	9171	25155	
1383	9095	25037	
1294	9157	25100	
1379	9271	24891	
1402	9372	24838	
1364	9152	25063	
1323	9018	25266	
1388	9208	25011	
1333	9292	24965	
1355	9269	24981	
1365	9256	24967	
1329	9173	25086	
1298	9379	24933	
1365	9199	24949	
1357	9269	24911	
1360	9259	24990	
1324	9218	24983	
1377	9170	25150	
1338	9276	24965	
1375	9260	24856	
1404	9138	24947	
1446	9192	25043	
1322	9232	24965	
1305	9186	25090	
1312	9225	25152	
1462	9364	24877	
1440	9137	25026	
1322	9241	25011	
1308	9213	25161	
1392	9197	25048	
1367	9187	25133	
1406	9121	25101	
1343	9181	25059	
1338	9180	25081	
1325	9282	24986	
1364	9418	24882	
1361	9166	25007	
1336	9095	24956	
1380	9135	24985	
1381	9270	24920	
1363	9146	25226	
1352	9145	25207	
1359	9118	25078	
1313	9183	25089	
1344	9138	25181	
1338	9158	25123	
1286	9237	25078	
1360	9168	25015	
1359	9169	25162	
1329	9111	25217	
1315	9173	25133	
1325	9296	24926	
1360	9280	24938	
1317	9153	25081	
1328	9141	25131	
1336	9032	25313	
1379	9181	25018	
1328	9060	25277	
1416	9311	24928	
1358	9134	25060	
1330	9090	25092	
1334	9202	25151	
1278	9366	24950	
1310	9250	25108	
1402	9233	24978	
1373	9277	24993	
1358	9157	25115	
1372	9187	25043	
1355	9125	25083	
1349	9210	24992	
1356	9200	25143	
1277	9163	24978	
1310	9149	25169	
1376	9292	24907	
1351	9165	25098	
1351	9288	25049	
1342	9218	24963	
1362	9141	25158	
1360	9089	25055	
1370	9235	24980	
1377	9309	24832	
1400	9276	24974	
1392	9170	25042	
1344	9266	24908	
1349	9206	25036	
1334	9196	25062	
1320	9098	25186	
1348	9365	24934	
1334	9293	24920	
1324	9209	25090	
1357	9104	25004	
1327	9389	24868	
1309	9183	25070	
1340	9274	25097	
1302	9226	24955	
1326	9281	24991	
1344	9166	25179	
1385	9269	24882	
1333	9144	25065	
1310	9207	25021	
1329	9132	24945	
1443	9189	24856	
1391	9305	24925	
1379	9248	25084	
1412	9141	25140	
1407	9167	25002	
1423	9310	24961	
1310	9242	25027	
1385	9289	24917	
1304	9205	25072	
1296	9314	24994	
1308	9290	24957	
1355	9112	25179	
1331	9195	25158	
1361	9316	24893	
1335	9188	25003	
1388	9213	24924	
1344	9253	24903	
1361	9243	24991	
1314	9342	24986	
1373	9125	25149	
1391	9132	25131	
1371	9268	24947	
1391	9220	24992	
1383	9346	24763	
1431	9226	24947	
1434	9159	25075	
1312	9323	24978	
1316	9284	24935	
1331	9307	25074	
1365	9204	25005	
1383	9177	25054	
1366	9228	24958	
1308	9170	25122	
1349	9148	25014	
1335	9200	25131	
1340	9122	25201	
1355	9211	25032	
1315	9246	24839	
1382	9095	25114	
1321	9150	25178	
1343	9042	25061	
1424	9068	25054	
1375	9119	25105	
1394	9238	24965	
1424	9103	25065	
1356	9223	25059	
1309	9254	24993	
1316	9295	25067	
1354	9210	24945	
1451	9116	25118	
1276	9238	24858	
1416	9111	25048	
1493	9104	25076	
1356	9157	25143	
1282	9143	25018	
1373	9165	25065	
1351	9070	25089	
1460	9052	25115	
1340	9202	25042	
1347	9008	25219	
1388	9265	24921	
1358	9062	25109	
1370	9295	25012	
1330	9099	25089	
1337	9277	25038	
1326	9200	24909	
1419	9074	25143	
1333	9245	25165	
1336	9127	25062	
1377	9348	24854	
1413	9288	24801	
1365	9291	24949	
1386	9159	24988	
1407	9240	25089	
1348	9140	25149	
1329	9293	24978	
1323	9280	25041	
1360	9230	24895	
1366	9224	24977	
1337	9295	24894	
1312	9058	25214	
1335	9185	24905	
1332	9215	24975	
1337	9181	25023	
1356	9274	25086	
1383	9058	25075	
1347	9035	25175	
1340	9146	25126	
1311	9111	25133	
1343	9363	24900	
1361	9166	25076	
1340	9194	24946	
1418	9213	24983	
1325	9200	25046	
1423	9240	24929	
1413	9137	25082	
1372	9225	25103	
1265	9253	25040	
1376	9185	25033	
1406	9103	25048	
1370	9184	24986	
1365	9282	24974	
1375	9096	25043	
1386	9204	24940	
1348	9237	25019	
1393	9167	25155	
1341	9201	24986	
1363	9121	24998	
1329	9227	25019	
1322	9244	25020	
1402	9342	24938	
1386	9106	25047	
1326	9103	25126	
1413	9209	24952	
1314	9198	25078	
1454	9144	25147	
1407	9216	25012	
1372	9247	25024	
1346	9135	25132	
1381	9188	24979	
1358	9100	25150	
1331	9206	25130	
1421	9176	25044	
1372	9152	25054	
1405	9253	24980	
1319	9210	25051	
1397	9121	25228	
1400	9101	25083	
1326	9362	24915	
1348	9112	25155	
1320	9160	25095	
1317	9225	25073	
1342	9116	25022	
1338	9184	25114	
1408	9149	25116	
1371	9137	25048	
1381	9338	24837	
1264	9084	25158	
1329	9343	24875	
1339	9179	25056	
1355	9118	25018	
1328	9260	24930	
1238	9189	25125	
1325	9157	25148	
1376	9093	25212	
1290	9278	25117	
1285	9310	25047	
1374	9082	25237	
1356	9212	24991	
1312	9134	25087	
1383	9229	25025	
1391	9283	24984	
1348	9160	25036	
1314	9103	25235	
1410	9067	25121	
1379	9154	25051	
1313	9327	24892	
1364	9219	24927	
1393	8943	25106	
1378	9207	24864	
1347	9093	25042	
1337	9302	25076	
1393	9163	25103	
1325	9161	25094	
1339	9265	24948	
1333	9127	25063	
1275	9115	25197	
1388	9162	24993	
1384	9125	25055	
1354	9198	25053	
1370	9268	25013	
1330	9138	25065	
1338	9270	25034	
1396	9071	25152	
1350	9116	25125	
1376	9220	24999	
1386	9099	25058	
1377	9215	24981	
1420	9266	24950	
1398	9073	25177	
1388	9163	25169	
1375	9369	24955	
1339	9162	25024	
1327	9127	25026	
1373	9246	24958	
1330	9134	25004	
1361	9308	24963	
1336	9106	25033	
1318	9219	25006	
1391	9156	25038	
1381	9274	25090	
1386	9222	24959	
1398	9135	24980	
1426	9154	25019	
1411	9093	25094	
1370	9280	25055	
1352	9114	25154	
1364	9094	25180	
1365	9294	24846	
1382	9304	24986	
1278	9230	25026	
1287	9270	24966	
1348	9268	25110	
1359	9109	25118	
1369	9292	25047	
1395	9095	25280	
1328	9243	24952	
1345	9144	25189	
1320	9266	24984	
1368	9139	24923	
1307	9247	25048	
1352	9122	25102	
1324	9172	25070	
1414	9156	24982	
1361	9183	25065	
1374	9286	25011	
1384	9326	24900	
1384	9241	25009	
1347	9194	25114	
1403	9147	24937	
1374	9139	25073	
1346	9241	25117	
1371	9261	24962	
1371	9238	24966	
1341	9183	24987	
1373	9088	25019	
1341	9188	25068	
1294	9296	24971	
1335	9152	24948	
1387	9189	25182	
1325	9256	25009	
1373	9160	25032	
1363	9148	25047	
1404	9316	25000	
1321	9148	25020	
1374	9199	25007	
1397	9153	24967	
1390	9097	25098	
1393	9113	25059	
1370	9230	24942	
1310	9123	25205	
1362	9308	25002	
1306	9170	25066	
1360	9171	25120	
1310	9196	25082	
1370	9202	24955	
1372	9194	25123	
1376	9264	24995	
1337	9074	25176	
1286	9192	25078	
1315	9242	24941	
1385	9267	24990	
1394	9288	24916	
1393	9162	25127	
1402	9265	24997	
1317	9201	24997	
1337	9282	24961	
1400	9243	24931	
1387	9221	24994	
1422	9382	24809	
1370	9117	25124	
1365	9296	24994	
1366	9178	24934	
1356	9119	25051	
1367	9281	24938	
1361	9059	25136	
1324	9278	24989	
1358	9371	25009	
1417	9095	25003	
1292	9209	24975	
1411	9210	25107	
1324	9280	25020	
1378	9252	25011	
1383	9058	25056	
1345	9197	25131	
1383	9288	24937	
1352	8991	25201	
1315	9131	25121	
1380	9078	25070	
1281	9166	25063	
1291	9260	25136	
1381	9276	24953	
1366	9316	24905	
1377	9136	25111	
1375	9327	24998	
1292	9109	25189	
1366	9302	24940	
1332	9278	24996	
1333	9274	24938	
1379	9252	25059	
1410	9107	25080	
1392	9172	25150	
1345	9188	25025	
1303	9262	25059	
1364	9071	25147	
1304	9300	24898	
1306	9169	25127	
1353	9153	25134	
1417	8997	25271	
1387	9173	25050	
1403	9166	25015	
1357	9232	25018	
1352	9117	25222	
1354	9326	24839	
1455	9112	24987	
1331	9086	25170	
1337	9157	25158	
1382	9216	25076	
1367	9179	25077	
1361	9219	25083	
1341	9439	24772	
1423	9124	25087	
1334	9114	25107	
1345	9136	25133	
1374	9071	25194	
1326	9145	25007	
1378	9197	24904	
1402	9229	24952	
1363	9087	25081	
1351	9139	25046	
1419	9335	24863	
1350	9209	25030	
1362	9152	25049	
1381	9156	25041	
1339	9122	25085	
1362	9184	25051	
1379	9273	24967	
1353	9274	24862	
1341	9188	24984	
1456	9247	24967	
1345	9226	24998	
1331	9279	25038	
1341	9401	24887	
1295	9417	24958	
1373	9301	24892	
1395	9074	25131	
1345	9059	24970	
1309	9121	25195	
1329	9099	25164	
1334	9157	25123	
1363	9210	25048	
1319	9310	24849	
1486	9256	24926	
1322	9282	24983	
1439	9142	24984	
1354	9305	25029	
1319	9222	24939	
1403	9149	25099	
1313	9232	25116	
1339	9277	24994	
1320	9123	25123	
1311	9123	25249	
1399	9278	24912	
1395	9132	25014	
1342	9207	25011	
1392	9220	25012	
1306	9119	25103	
1331	9211	25012	
1399	9035	25136	
1362	9225	25102	
1369	9173	25078	
1360	9207	24892	
1318	9165	25103	
1380	9158	25090	
1364	9196	24975	
1406	9285	24883	
1424	9222	25028	
1308	9170	25088	
1342	9345	24918	
1355	9251	24937	
1405	9219	25147	
1406	9053	25209	
1345	9119	25111	
1324	9176	25062	
1332	9167	25174	
1319	9321	25002	
1389	9130	25064	
1335	9140	25145	
1346	9033	25068	
1342	9205	25054	
1386	9049	25177	
1321	9234	25044	
1342	9179	24997	
1384	9139	25093	
1359	9026	25164	
1395	9348	24944	
1333	9248	24938	
1368	9165	25014	
1397	9134	25150	
1383	9286	25011	
1366	9180	25012	
1404	9185	24818	
1325	9401	24869	
1366	9180	24925	
1420	9149	25012	
1351	9227	25144	
1425	9192	25105	
1354	9267	25012	
1304	9263	25059	
1381	9292	24985	
1406	9136	25047	
1371	9174	25110	
1290	9241	25050	
1363	9240	24914	
1354	9049	25168	
1386	9148	25156	
1386	9009	25143	
1413	9171	25076	
1394	9252	24971	
1381	9244	25077	
1411	9208	25070	
1342	9186	25058	
1333	9253	25006	
1331	9280	24989	
1355	9208	25086	
1309	9173	25090	
1373	9167	25127	
1394	9168	25009	
1354	9175	25078	
1367	9149	25156	
1357	9274	25049	
1441	9074	25155	
1403	9168	25000	
1373	9045	25172	
1335	9292	24936	
1384	9172	25043	
1342	9246	25025	
1369	9305	25017	
1388	9062	25247	
1368	9194	25045	
1350	9163	25002	
1362	9321	25132	
1363	9163	25058	
1289	9130	25140	
1398	9297	24934	
1353	9260	25012	
1407	9303	24979	
1367	9038	25169	
1370	9223	25036	
1367	9207	25023	
1334	9174	25140	
1371	9185	24948	
1324	9154	25210	
1381	9430	24747	
1354	9270	24923	
1355	9151	25165	
1345	9047	25174	
1318	9226	25067	
1303	9201	25040	
1389	9173	25052	
1361	9153	25131	
1394	9237	24993	
1351	9202	24945	
1363	9287	24950	
1318	9298	24947	
1415	9263	25038	
1350	9278	24952	
1433	9216	24945	
1339	9266	24950	
1320	9319	24923	
1311	9137	25095	
1276	9140	25141	
1357	9113	25080	
1292	9277	25035	
1353	9224	24997	
1380	9311	24943	
1393	9351	24966	
1298	9203	25027	
1392	9288	24977	
1357	9178	25065	
1359	9226	25009	
1385	9207	24984	
1392	9280	24991	
1392	9183	25019	
1285	9306	24897	
1422	8968	25208	
1335	9022	25180	
1398	9312	25058	
1360	9129	25015	
1391	9283	25000	
1318	9291	25012	
1348	9178	25119	
1294	9117	25209	
1298	9217	25027	
1351	9134	24996	
1369	9297	24970	
1341	9096	25176	
1339	9157	25092	
1369	9171	25235	
1339	9137	25108	
1368	9247	25045	
1370	9257	24977	
1377	9154	25065	
1334	9198	25032	
1391	9200	24943	
1399	9164	25074	
1333	9237	24994	
1267	9182	25162	
1404	9215	24988	
1336	9160	25156	
1391	9044	25166	
1435	9244	25037	
1326	9264	24979	
1368	9228	24963	
1335	9203	25072	
1353	9204	25062	
1372	9218	25099	
1278	9239	25003	
1411	9222	24920	
1340	9210	24961	
1357	9136	25004	
1349	9220	24935	
1380	9116	25065	
1432	9332	24765	
1315	9205	25005	
1304	9271	25041	
1375	9282	24901	
1376	9140	25118	
1365	9252	25027	
1313	9382	24900	
1319	9131	25208	
1314	9045	25285	
1371	9133	25267	
1393	9226	25053	
1321	9372	24920	
1356	9213	25054	
1375	9344	24996	
1326	9135	25158	
1401	9180	25028	
1386	9231	24983	
1333	9263	25047	
1352	9251	24870	
1403	9246	24978	
1391	9180	25053	
1421	9225	24964	
1414	9331	24905	
1334	9242	25010	
1320	9140	25191	
1306	9183	25041	
1349	9257	25035	
1373	9165	25031	
1407	9075	25208	
1371	9214	25062	
1404	9246	25012	
1294	9059	25143	
1346	9263	24992	
1402	9249	24852	
1399	9171	24974	
1372	9134	25127	
1406	9163	25106	
1331	9105	25159	
1393	9217	25077	
1335	9203	24869	
1344	9276	25089	
1366	9164	25052	
1403	9303	25044	
1345	9212	24966	
1336	9044	25243	
1321	9133	25076	
1292	9271	25109	
1376	9275	24986	
1334	9266	24990	
1444	9203	25074	
1331	9246	25031	
1322	9168	25010	
1330	9164	25121	
1329	9242	25099	
1298	9086	25201	
1320	9233	25023	
1318	9298	24967	
1372	9244	25020	
1324	9168	25042	
1361	9175	25037	
1305	9168	25129	
1392	9301	24889	
1328	8965	25310	
1306	9160	25018	
1324	9071	25291	
1347	9265	24884	
1359	9182	24965	
1374	9200	25005	
1376	9066	25200	
1379	9141	25092	
1320	9214	24883	
1320	9173	24988	
1328	9195	25125	
1308	9214	25109	
1379	9115	25136	
1373	9284	24959	
1375	9167	25062	
1275	9276	24987	
1349	9116	25154	
1333	9228	25027	
1361	9339	24881	
1376	9264	24896	
1389	9218	25069	
1382	9235	25030	
1384	8902	25340	
1275	9256	24974	
1326	9146	25154	
1433	9106	24990	
1315	9231	25001	
1287	9354	24869	
1316	9184	25086	
1388	9253	25055	
1346	9284	25016	
1325	9173	25076	
1323	9273	25072	
1371	9344	24941	
1343	9127	25066	
1389	9248	25011	
1397	9300	24887	
1419	9253	24834	
1366	9223	24996	
1371	9154	25087	
1323	9223	25025	
1329	9158	25263	
1359	9223	24940	
1355	9372	24873	
1344	9159	24947	
1364	9131	25101	
1339	9248	24921	
1340	9016	25273	
1329	9190	25086	
1301	9172	25125	
1354	9152	25128	
1327	9226	25025	
1363	9254	24947	
1380	9138	25091	
1314	9176	25018	
1319	9155	25114	
1351	9216	24986	
1348	9275	24931	
1385	9245	25027	
1389	9177	25106	
1326	9016	25302	
1395	9172	25085	
1369	9323	24919	
1331	9199	25103	
1344	9271	24817	
1320	9200	25004	
1362	9159	25156	
1282	9094	25109	
1345	9253	25008	
1319	9204	25000	
1409	9268	24891	
1335	9154	25088	
1390	9225	25036	
1335	9262	25094	
1357	9133	25056	
1381	9237	25056	
1267	9135	25190	
1291	9266	24985	
1352	9207	24976	
1359	9214	25139	
1327	9258	25040	
1323	9074	25155	
1309	9251	24974	
1316	9227	25026	
1297	9220	25034	
1319	9220	25035	
1334	9150	25143	
1378	9163	25036	
1375	9247	25006	
1365	9343	24882	
1321	9145	25040	
1390	9324	24899	
1344	9314	24992	
1373	9236	25087	
1362	9134	25042	
1346	9182	25106	
1390	9199	25014	
1317	9309	24898	
1327	9272	24947	
1315	9006	25192	
1386	9166	25095	
1390	9291	24862	
1299	9231	24920	
1380	9322	24935	
1346	9210	25097	
1346	9168	25039	
1334	9119	25105	
1365	9024	25135	
1380	9296	24889	
1309	9140	25183	
1387	9171	25028	
1342	9224	25092	
1337	9158	25049	
1274	9139	24982	
1308	9358	24987	
1330	9165	25163	
1335	9252	24964	
1365	9206	24971	
1365	9143	25175	
1359	9252	25002	
1398	9214	25081	
1380	9190	25034	
1325	9102	25082	
1302	9344	25021	
1352	9221	25097	
1354	9234	25051	
1387	9117	25147	
1370	9300	25010	
1336	9131	25082	
1393	9066	25114	
1293	9159	25122	
1367	9241	24976	
1420	9232	25012	
1330	9122	25072	
1341	9310	24999	
1343	9317	24909	
1336	9195	25156	
1271	9161	25060	
1338	9165	25089	
1338	9205	25047	
1360	9275	24981	
1331	9225	25018	
1388	9102	25173	
1404	9218	25049	
1342	9138	25140	
1281	9151	25138	
1396	9124	25089	
1356	9036	25217	
1278	9230	24997	
1414	9119	24957	
1335	9140	25215	
1355	9318	24953	
1374	9025	25202	
1352	9153	25056	
1348	9172	24973	
1335	9151	25104	
1356	9281	25000	
1328	9246	24940	
1430	9185	24998	
1350	9273	24924	
1322	9254	24987	
1393	9135	24942	
1333	9104	25242	
1403	9133	25076	
1359	9282	25005	
1329	9121	25207	
1341	9167	25244	
1360	9218	24942	
1283	9330	24943	
1315	9218	24988	
1346	9286	24986	
1307	9206	24992	
1403	9172	25065	
1378	9231	24885	
1368	9189	24960	
1330	9225	25001	
1364	9334	24904	
1409	9102	25165	
1297	9133	25149	
1306	9222	25080	
1427	9233	25055	
1385	9174	25077	
1406	9314	24859	
1336	9077	25142	
1333	9075	25156	
1286	9189	25055	
1407	9164	25099	
1369	9191	25175	
1324	9268	24978	
1348	9150	25138	
1326	9314	24839	
1340	9157	25083	
1418	9196	25056	
1390	9264	24977	
1297	9110	25119	
1331	9205	25027	
1354	9057	25234	
1317	9294	24942	
1396	9122	25054	
1399	9213	24922	
1334	9237	25119	
1349	9313	25031	
1412	9051	25112	
1369	9254	24976	
1346	9019	25163	
1358	9176	25063	
1358	9058	25079	
1344	9118	25191	
1371	9178	25073	
1354	9324	24896	
1385	9247	24982	
1336	9180	25135	
1335	9256	24901	
1286	9275	24939	
1391	9191	25000	
1370	9142	24968	
1356	9218	25048	
1358	9213	24946	
1345	9287	24967	
1354	9238	25011	
1314	9354	24990	
1341	9259	25108	
1366	9303	24996	
1310	9241	24924	
1396	9075	25289	
1384	9220	24937	
1370	9185	25148	
1382	9178	25180	
1362	9151	25048	
1333	9267	25031	
1333	9159	25022	
1404	9132	25063	
1414	9153	25170	
1335	9176	25033	
1372	9150	25027	
1298	9167	25034	
1371	9277	24947	
1343	9216	25022	
1388	9063	25147	
1288	9348	24862	
1327	9069	25139	
1236	9088	25258	
1289	8975	25230	
1335	9225	25015	
1249	9219	25076	
1362	9221	25020	
1416	9137	25005	
1272	9123	25160	
1315	9145	25109	
1338	9238	25033	
1379	9218	25017	
1381	9312	24968	
1308	9153	25094	
1350	9146	25006	
1351	9178	25135	
1325	9187	25008	
1370	9204	25123	
1324	9164	25138	
1413	9190	24957	
1368	9306	24937	
1289	9385	24915	
1376	9138	24919	
1323	9130	25067	
1382	9170	25121	
1280	9288	25011	
1418	9153	25096	
1374	9352	24917	
1355	9154	25090	
1402	9243	24991	
1317	9169	25016	
1333	9128	25039	
1345	9193	25023	
1351	9292	24989	
1382	9321	24998	
1342	9301	24879	
1374	9238	25002	
1228	9129	25081	
1347	9202	25055	
1262	9146	25130	
1335	9117	25156	
1338	9258	25029	
1335	9259	25072	
1291	9021	25218	
1315	9091	25075	
1358	9127	25114	
1371	9337	24975	
1378	9160	25055	
1385	9026	25169	
1335	9258	24948	
1333	9245	24949	
1392	9221	25061	
1346	9229	25089	
1397	9166	25048	
1349	9184	25105	
1418	9235	24943	
1361	9197	25110	
1391	9259	24837	
1295	9075	25161	
1358	9061	25120	
1357	9219	25001	
1370	9193	25027	
1324	9113	25161	
1336	9127	25084	
1373	9264	24968	
1429	9211	24941	
1330	9140	25112	
1410	9288	24864	
1328	9201	25021	
1397	9141	25087	
1365	9238	25037	
1255	9333	24900	
1364	9311	25023	
1436	9314	24846	
1328	9359	24930	
1374	9253	25091	
1289	9189	25064	
1388	8927	25237	
1345	9236	24964	
1338	9323	25049	
1376	9226	24974	
1347	9144	25030	
1352	9110	25147	
1379	9224	24997	
1319	9112	25170	
1343	9145	25125	
1329	9100	25147	
1445	9114	25090	
1306	9124	24981	
1392	9456	24846	
1331	9143	25116	
1288	9287	24875	
1355	9081	25235	
1396	9335	24849	
1345	9197	25082	
1339	9122	25162	
1453	9364	24905	
1319	9230	25148	
1327	9187	25042	
1358	9238	24946	
1360	9201	25061	
1368	9165	24873	
1419	9149	25113	
1343	9135	25205	
1332	9105	25073	
1307	9190	24997	
1323	9276	25091	
1418	9206	24962	
1380	9254	24970	
1359	9123	25102	
1294	9328	24943	
1325	9215	24956	
1342	9361	25034	
1397	9243	25003	
1402	9159	25125	
1375	9329	24894	
1358	9257	25027	
1309	9239	25115	
1354	9269	24870	
1474	9132	24923	
1342	9290	25092	
1393	9155	25144	
1339	9209	24920	
1357	9205	24965	
1293	9212	25001	
1355	9240	25004	
1390	9218	25115	
1340	9135	25047	
1349	9259	25026	
1352	9191	25019	
1311	9363	24881	
1364	9324	24948	
1369	9048	25195	
1312	9260	25047	
1357	9190	25003	
1336	9192	25122	
1361	9338	24937	
1440	9116	25020	
1346	9232	25064	
1358	9228	24873	
1352	9174	25138	
1345	9114	25224	
1355	9134	25197	
1365	9244	24949	
1400	9240	25014	
1391	9073	25140	
1345	9323	24925	
1297	9119	25117	
1319	9015	25109	
1336	9201	25095	
1287	9227	25088	
1381	9260	25081	
1362	9216	24982	
1299	9167	25013	
1323	9177	25058	
1311	9164	25171	
1315	9187	25148	
1333	9339	24933	
1379	9137	25167	
1333	9347	25018	
1390	9168	25019	
1398	9127	24989	
1344	9275	25023	
1337	9155	25094	
1384	9204	25088	
1407	9099	25120	
1395	9035	25154	
1320	9225	24977	
1363	9139	25157	
1286	9401	24919	
1307	9010	25140	
1364	9129	25074	
1373	9291	24956	
1363	9276	24930	
1395	9140	24957	
1376	9072	25109	
1340	9266	25034	
1434	9195	24992	
1325	9143	25080	
1309	9155	25066	
1374	9204	25055	
1371	9050	25161	
1362	9114	25033	
1364	9330	24896	
1377	9202	24975	
1428	9221	25037	
1354	9425	24885	
1378	9242	25071	
1319	9263	24952	
1362	9036	25190	
1296	9086	25201	
1342	9278	24951	
1398	9269	24998	
1307	9142	25102	
1285	9174	25085	
1342	9281	24882	
1293	9187	25034	
1362	9253	24979	
1393	9132	25203	
1390	9193	25057	
1284	9317	24887	
1409	9254	24983	
1302	9150	25100	
1347	9171	24912	
1373	9019	25127	
1389	9142	24993	
1407	9068	25119	
1346	9251	25002	
1354	9270	24939	
1326	8966	25338	
1382	9028	25173	
1323	9294	25029	
1365	9203	25092	
1352	9374	24931	
1313	9274	24997	
1359	9198	24980	
1381	9268	24900	
1389	9162	25160	
1340	9261	25017	
1286	9194	25125	
1285	9146	25130	
1373	9179	25148	
1371	9181	24991	
1386	9244	24982	
1375	9155	25077	
1346	9235	25065	
1308	9187	25034	
1349	9186	24996	
1310	9283	25001	
1404	9092	25053	
1381	9164	25126	
1291	9198	24995	
1374	9206	24833	
1342	9142	25114	
1372	9148	24991	
1361	9212	25132	
1380	9186	24865	
1360	9207	25025	
1355	9313	24975	
1317	9188	25196	
1387	9179	25026	
1367	9221	24846	
1308	9080	25172	
1312	9249	25025	
1312	9122	25245	
1307	9019	25141	
1359	9246	24916	
1358	9123	25141	
1340	9175	25048	
1355	9129	25105	
1327	9074	25101	
1420	9106	25102	
1358	9158	25152	
1343	9092	25096	
1368	9113	25081	
1372	9152	25107	
1340	9014	25186	
1322	9066	25172	
1401	9186	24876	
1415	9262	24965	
1373	9180	25095	
1385	9210	24906	
1302	9136	25160	
1323	9228	25113	
1266	9225	24974	
1345	9222	24997	
1274	9119	25072	
1383	8997	25229	
1476	9192	25000	
1327	9229	25012	
1317	9257	24942	
1274	9254	24963	
1330	9231	25072	
1405	9248	24888	
1367	9160	25130	
1354	9159	25124	
1374	8980	25173	
1262	9229	25082	
1455	9186	25018	
1425	9121	25044	
1380	9154	25014	
1360	9041	25220	
1384	9220	24916	
1366	9015	25200	
1370	9268	25005	
1322	9133	25117	
1319	9232	24910	
1310	9326	24917	
1351	9331	24945	
1336	9157	25207	
1331	9082	25139	
1303	9192	25100	
1364	9308	24866	
1389	9251	24885	
1347	9264	25049	
1301	9277	24956	
1336	9297	24885	
1333	9082	25214	
1400	9154	25129	
1349	9203	25005	
1337	9147	25245	
1355	9100	25226	
1352	9195	25136	
1414	9143	24990	
1351	9180	25043	
1310	9142	25061	
1425	9203	25007	
1324	9191	25053	
1376	9088	25069	
1400	9180	24926	
1349	9127	25166	
1364	9114	25051	
1377	9335	25023	
1305	9236	25028	
1314	9195	25088	
1352	9151	25108	
1359	9232	25047	
1319	9141	25115	
1360	9301	24964	
1352	9360	24864	
1365	9319	24890	
1334	9254	24962	
1338	9121	25088	
1366	9288	24997	
1332	9180	25207	
1358	9203	24903	
1379	9118	25119	
1380	9279	25012	
1348	9185	25032	
1301	9226	25049	
1386	9079	25043	
1407	9182	25101	
1431	9192	25152	
1308	9076	25234	
1430	9268	24851	
1301	9244	25065	
1356	9230	24967	
1277	9267	25003	
1379	9123	25173	
1329	9454	24815	
1383	9249	25047	
1366	9198	25128	
1300	9181	25021	
1268	9271	25009	
1362	9092	25152	
1305	9150	25145	
1311	9409	25003	
1361	9227	24984	
1340	9185	24958	
1361	9299	24949	
1347	9146	25000	
1299	9168	25049	
1344	9209	24969	
1317	9245	25085	
1273	9295	24980	
1388	9251	24937	
1448	9251	24789	
1348	9020	25281	
1346	9295	25039	
1297	9119	25129	
1360	9278	24994	
1332	9059	25148	
1310	9147	25130	
1344	9097	25114	
1324	9182	25103	
1356	9214	24990	
1347	9440	24845	
1365	9171	25013	
1432	9109	25013	
1385	9266	24802	
1439	9224	24949	
1343	9139	25186	
1352	9112	25229	
1315	9164	25002	
1425	9231	25041	
1383	9218	25069	
1309	9180	25064	
1282	9052	25113	
1287	9281	25048	
1279	9210	25086	
1384	9214	24992	
1377	9005	25252	
1381	9096	25182	
1318	9253	24977	
1332	9263	25080	
1341	9236	24941	
1369	9195	25029	
1312	9159	25063	
1326	9227	25051	
1391	9138	25059	
1366	9185	25111	
1378	9253	25018	
1383	9160	25143	
1313	9261	24992	
1407	9220	25008	
1251	9124	24999	
1390	9162	25091	
1384	9173	25045	
1373	9195	25083	
1313	9176	25069	
1360	9208	24976	
1338	9243	24941	
1364	9255	24802	
1340	9287	24938	
1433	9199	24943	
1366	9125	25133	
1303	9186	25001	
1336	9175	25102	
1364	9246	24932	
1365	9121	25095	
1315	9207	25054	
1350	9384	24838	
1456	9114	25067	
1317	9332	24852	
1378	9111	24934	
1361	9283	24846	
1405	9211	24990	
1351	9191	25095	
1326	9162	25068	
1287	9082	25197	
1404	9199	25046	
1286	9215	25015	
1366	9076	25099	
1309	9222	25044	
1421	9217	25040	
1315	9268	25040	
1363	9146	25054	
1334	9217	24907	
1346	9173	25026	
1284	9262	24970	
1270	9143	25196	
1357	9260	25025	
1353	9112	24991	
1279	9232	25037	
1360	9141	25051	
1362	9136	25237	
1409	9175	24979	
1346	9231	25043	
1399	9118	25032	
1380	9261	24944	
1272	9164	25041	
1390	9294	24917	
1364	9251	24920	
1396	9237	25015	
1373	9212	24993	
1321	9128	25210	
1355	9071	25037	
1326	9166	25060	
1384	9262	24865	
1307	9147	25002	
1381	9168	25083	
1285	9348	24937	
1365	9087	25145	
1408	9339	24869	
1372	9081	25194	
1329	9140	25093	
1364	9266	25075	
1404	9139	25062	
1332	9120	25192	
1399	9146	25101	
1348	9365	24889	
1359	9021	25130	
1275	9227	25108	
1368	9251	24916	
1339	9056	25083	
1287	9203	25101	
1298	9148	25117	
1363	9365	24976	
1402	9328	24935	
1360	9246	24923	
1360	9301	24970	
1381	9258	24908	
1351	9278	25045	
1329	9226	24938	
1347	9231	24987	
1353	8963	25191	
1419	9053	25171	
1341	9091	25211	
1326	9156	25070	
1388	9272	24963	
1283	9203	25039	
1346	9155	25029	
1336	9184	25071	
1333	9179	25044	
1280	9055	25317	
1327	9215	25020	
1329	9283	24988	
1391	9222	24976	
1358	9291	24873	
1303	9143	24947	
1301	9195	25112	
1412	9082	25092	
1353	9120	25082	
1334	9267	25009	
1341	9117	25152	
1381	9116	25087	
1362	9211	25110	
1386	9220	25047	
1387	9125	25012	
1343	9012	25210	
1311	9174	25089	
1331	9322	24953	
1308	9320	24924	
1283	9165	25135	
1330	9351	24954	
1370	9273	24955	
1351	9260	25041	
1314	9257	24939	
1457	9089	25133	
1346	9282	24990	
1372	9029	25208	
1269	9270	24974	
1299	9301	25122	
1394	9252	25038	
1397	9189	25015	
1337	9207	24937	
1333	9236	24978	
1325	9250	24966	
1384	9187	25070	
1297	9319	24945	
1416	9010	25190	
1336	9169	25085	
1367	9212	25025	
1406	9163	25073	
1338	9216	25064	
1380	9281	24940	
1328	9056	25193	
1416	9144	25145	
1443	9244	24922	
1362	9221	25001	
1422	9163	25126	
1385	9173	24995	
1328	9354	24941	
1328	9333	24943	
1314	9274	25018	
1359	9132	25024	
1398	9265	24981	
1289	9154	25105	
1385	9198	24991	
1368	9197	24995	
1402	9101	25060	
1354	9069	25091	
1282	9104	25074	
1376	9109	25186	
1340	9101	25091	
1384	9327	24955	
1390	9144	25057	
1390	9068	25238	
1332	9160	25119	
1366	9277	24924	
1334	9229	24980	
1397	9332	24890	
1301	9314	24962	
1398	9127	25194	
1355	9181	25038	
1351	9316	24859	
1354	9160	25101	
1416	9318	24857	
1419	9281	24992	
1437	9365	24862	
1372	9218	24949	
1343	9156	25160	
1297	9229	25090	
1314	9080	25056	
1334	9039	25217	
1369	9174	24983	
1455	9151	25055	
1336	9111	25043	
1373	9162	25015	
1329	9124	25095	
1369	9243	24975	
1322	9164	25131	
1344	9303	24942	
1354	9155	25127	
1312	9170	25108	
1406	8978	25233	
1346	9222	25020	
1361	9169	25106	
1385	9250	24979	
1289	9231	24950	
1408	9145	24979	
1379	9038	25134	
1332	8947	25221	
1391	9205	25153	
1301	9336	24952	
1332	9208	25114	
1340	9225	25169	
1321	8932	25310	
1361	9284	25042	
1340	9255	25030	
1328	9259	24999	
1334	9290	24993	
1355	9378	24815	
1309	9320	24833	
1331	9197	25122	
1340	9233	24981	
1394	9377	24880	
1351	9341	24892	
1382	9148	24990	
1280	9264	25074	
1364	9196	25061	
1385	9197	25048	
1350	9200	25019	
1448	9311	24940	
1341	9278	24953	
1327	9238	24974	
1399	9303	24813	
1334	9180	25101	
1456	9173	24960	
1328	9294	24971	
1317	9360	24956	
1354	9276	24985	
1322	9254	24927	
1364	9137	25103	
1324	9357	24938	
1382	9243	25090	
1368	9183	25006	
1410	9249	25037	
1353	9217	24963	
1366	9293	24885	
1371	9191	24991	
1324	9350	24988	
1319	9150	25038	
1332	9242	25048	
1334	9227	24955	
1335	9161	25241	
1393	9408	24842	
1322	9259	24998	
1330	9104	25100	
1437	9304	24915	
1346	9257	25023	
1373	9128	25103	
1321	9225	25072	
1395	9355	24881	
1356	9278	25042	
1350	9186	25036	
1348	9123	25137	
1322	9177	25131	
1378	9217	24937	
1328	9200	25054	
1373	9170	24999	
1435	9172	25077	
1309	9304	25009	
1397	9192	25117	
1369	9237	25083	
1258	9163	25014	
1312	9198	25083	
1288	9104	25113	
1463	9155	25023	
1335	9292	24965	
1383	9339	24957	
1343	9186	25093	
1368	9186	24964	
1378	9159	25086	
1353	9125	25036	
1394	9299	25083	
1305	9092	25140	
1346	9165	25063	
1358	9067	25188	
1366	9190	25030	
1336	9153	25150	
1348	9221	25131	
1429	9345	24899	
1350	9259	24992	
1303	9224	25059	
1376	9224	25098	
1347	9152	25131	
1335	9078	25094	
1342	9182	25031	
1417	9222	25017	
1318	9201	25004	
1251	9181	25018	
1337	9274	24949	
1309	9185	25139	
1401	9028	25208	
1366	9162	25013	
1358	9059	25181	
1392	9324	24870	
1347	9229	25048	
1374	9206	24912	
1328	9204	25134	
1343	9067	25133	
1320	9170	25037	
1431	9254	25025	
1424	9169	24857	
1367	9090	25081	
1281	9034	25171	
1339	9354	24971	
1299	9083	25146	
1355	9204	25041	
1437	9266	24956	
1387	9064	25226	
1397	9264	24950	
1316	9095	25150	
1374	9132	24999	
1400	9276	25050	
1360	9089	25098	
1352	9185	25079	
1328	9196	24969	
1314	9256	24978	
1358	9207	25005	
1314	9174	25025	
1373	9257	24919	
1339	9043	25090	
1344	9240	25012	
1329	9141	24991	
1389	9111	25220	
1315	9128	25103	
1339	9159	25047	
1334	9382	24966	
1337	9354	24850	
1385	9161	24959	
1388	9073	25075	
1383	9135	25025	
1339	9113	25103	
1389	9178	24988	
1363	9193	25075	
1382	9127	24985	
1323	9102	25158	
1378	9175	25085	
1408	9105	25190	
1364	9251	25024	
1346	9301	24974	
1342	9154	25034	
1297	9181	25106	
1345	9071	25127	
1373	9135	25024	
1362	9222	25078	
1369	9270	24924	
1373	9066	25213	
1378	9164	25105	
1367	9262	24993	
1359	9121	25168	
1320	9280	25039	
1340	9089	25114	
1386	9331	24857	
1347	9317	24997	
1319	9391	24719	
1352	9226	25085	
1360	9170	25077	
1353	9163	25062	
1347	9151	25120	
1315	9074	25134	
1345	9213	24925	
1363	9224	24960	
1326	9104	25191	
1367	9045	25188	
1339	9203	25059	
1368	9092	25233	
1403	9161	25016	
1362	9155	25218	
1320	9184	25026	
1375	9121	25279	
1370	9256	24993	
1381	9208	25147	
1326	9196	25042	
1344	9132	25212	
1370	9233	24929	
1382	9179	25074	
1398	9220	25081	
1445	9135	25095	
1358	9360	24894	
1310	9244	24905	
1417	9106	25134	
1384	9199	25042	
1290	9367	24991	
1360	9136	24917	
1324	9178	24880	
1373	9075	25143	
1387	9230	25017	
1399	9253	24963	
1321	9158	25084	
1349	9065	25118	
1356	9101	25176	
1353	9117	25026	
1341	9198	25025	
1327	9136	25100	
1303	9178	25127	
1377	9255	25033	
1358	9091	25170	
1352	9167	25012	
1415	9141	25019	
1292	9224	24975	
1324	9178	24999	
1350	9268	25083	
1370	9046	25209	
1386	9146	25221	
1313	9198	25008	
1370	9067	25245	
1307	9074	25086	
1328	9281	25096	
1319	9044	25078	
1349	9136	25143	
1373	9204	25051	
1358	8998	25191	
1380	9221	25069	
1338	9201	24961	
1353	9027	25183	
1372	9091	25158	
1410	9238	25077	
1338	9231	24848	
1383	9161	25038	
1365	9340	24910	
1395	9281	24996	
1354	9332	24930	
1397	9258	24948	
1343	9138	25103	
1389	9212	25171	
1387	9129	25091	
1425	9269	24860	
1368	9157	25044	
1330	9288	25067	
1342	9110	25065	
1346	9077	25196	
1341	9291	24967	
1347	9265	24914	
1373	9264	25083	
1272	9399	24951	
1398	9143	25189	
1395	9186	25115	
1289	9331	24986	
1376	9242	25046	
1357	9174	25174	
1335	9164	25002	
1403	9092	25034	
1342	9037	25140	
1325	9280	24969	
1338	9247	24856	
1329	9045	25246	
1376	9225	25033	
1377	9003	25143	
1338	9442	24820	
1381	9287	24965	
1332	9217	25006	
1396	9219	24973	
1352	9236	25042	
1354	9180	25046	
1399	9167	24980	
1369	9078	25065	
1386	9293	24986	
1343	9228	24986	
1406	9170	25108	
1344	9198	25134	
1371	9227	25108	
1369	9208	25184	
1336	9453	24891	
1338	9063	25208	
1392	9235	24916	
1364	9100	25024	
1310	9157	25126	
1397	9081	25213	
1353	9106	25050	
1343	9306	25021	
1364	9236	25016	
1339	9301	24975	
1384	9126	25121	
1412	9106	25031	
1342	9098	25154	
1344	9160	25171	
1413	9235	24988	
1327	9152	25110	
1345	9127	25045	
1418	9159	25036	
1365	9278	24948	
1413	9202	25145	
1322	9247	24865	
1407	9168	25025	
1325	9352	24858	
1257	9360	24842	
1272	9141	24918	
1352	9224	25084	
1344	9344	24982	
1303	9319	24912	
1300	9244	25022	
1310	9133	25093	
1396	9243	24922	
1373	9189	24937	
1258	9161	25084	
1378	9260	24916	
1382	9235	25057	
1330	9240	25095	
1402	9279	24933	
1355	9327	24877	
1373	9131	25063	
1272	9079	25136	
1283	9198	25002	
1328	9142	25016	
1337	9163	25092	
1355	9234	24947	
1421	9210	24945	
1276	9112	25124	
1364	9101	25090	
1352	9333	24886	
1328	9148	25031	
1302	9125	25147	
1356	9097	25042	
1374	9158	25053	
1379	9313	24923	
1400	9183	25057	
1343	9004	25220	
1337	9127	25022	
1359	9210	25005	
1409	9337	24868	
1396	9054	25165	
1328	9085	25141	
1328	9310	25003	
1331	9222	25075	
1398	9122	25119	
1368	9170	25085	
1373	9327	24912	
1312	9043	25178	
1374	9235	25087	
1336	9223	25062	
1283	9280	24966	
1380	9123	25158	
1339	9343	25050	
1379	9082	25195	
1386	9125	25093	
1249	8995	25305	
1306	9386	24943	
1281	9103	25067	
1311	9365	25001	
1352	9240	25028	
1376	9188	25166	
1330	9206	25094	
1406	9212	24999	
1328	9030	25127	
1399	9105	25159	
1360	9138	25040	
1338	9276	24925	
1410	9070	25091	
1310	9250	24922	
1352	9205	24964	
1355	9405	24761	
1431	9233	24956	
1289	9259	24990	
1401	9225	25114	
1367	9379	25001	
1376	9221	25005	
1364	9134	25122	
1367	9360	24928	
1331	9119	25081	
1345	9179	25080	
1327	9237	24999	
1264	9171	25117	
1338	9281	24946	
1262	9097	25204	
1330	9215	25014	
1393	9137	25080	
1309	9323	25048	
1354	9286	24937	
1346	9153	25185	
1345	9240	25018	
1348	9223	25065	
1357	9276	24977	
1272	9136	25236	
1372	9347	24889	
1363	8995	25183	
1362	9335	25012	
1374	9178	24993	
1340	9367	24884	
1429	9322	24894	
1404	9221	24986	
1448	9126	25044	
1334	9236	24991	
1343	9195	25100	
1308	9145	25099	
1327	9229	25013	
1396	9233	24985	
1355	9183	24999	
1345	9322	24903	
1332	9217	24946	
1279	9167	25065	
1393	9311	24972	
1345	9310	24979	
1349	9039	25168	
1402	9159	25150	
1338	9129	25048	
1310	9275	24958	
1381	9064	25134	
1314	9257	25042	
1393	9223	24977	
1391	9212	25129	
1281	9362	25024	
1389	9196	24878	
1374	9162	24915	
1322	9103	25196	
1352	9256	24984	
1346	9071	25107	
1284	9143	25181	
1310	9186	25050	
1369	9058	25186	
1381	9204	25007	
1402	9222	25125	
1322	9196	25095	
1373	9048	25215	
1322	9213	24978	
1324	9247	24979	
1334	9116	25208	
1363	9286	25025	
1391	9079	25171	
1329	9130	25128	
1329	9133	25072	
1343	9089	25112	
1333	9197	25081	
1385	9299	24896	
1318	9079	25174	
1365	9080	25045	
1401	9065	25132	
1323	9295	24969	
1372	9254	25029	
1395	9276	25023	
1367	9164	25031	
1352	9166	25147	
1372	9334	24957	
1340	9193	24951	
1398	9179	25049	
1379	9092	25119	
1341	9239	25032	
1381	9110	25090	
1383	9130	25008	
1323	9166	24964	
1344	9218	24963	
1428	9266	24888	
1391	9223	25005	
1320	9287	24996	
1297	9223	25124	
1438	9204	25028	
1375	9178	25075	
1395	9148	24926	
1303	9184	25009	
1342	9245	25010	
1342	9213	24908	
1405	9081	25148	
1294	9253	25021	
1343	9118	25181	
1391	8990	25182	
1408	9245	25002	
1379	9220	24913	
1322	9384	24851	
1326	9115	25152	
1392	9252	24995	
1318	9197	25085	
1345	9193	25129	
1341	9302	25046	
1323	9156	25112	
1435	9273	24946	
1290	9267	24924	
1433	9164	24879	
1361	9310	24934	
1307	9088	25138	
1288	9282	24992	
1408	9264	24946	
1354	9158	25026	
1295	9294	24980	
1335	9242	24997	
1287	9259	25042	
1328	9235	25000	
1385	9040	25286	
1423	9079	25036	
1345	9182	25076	
1413	9192	25129	
1360	9383	24914	
1348	9291	24929	
1354	9273	24897	
1398	9066	25124	
1331	9262	25009	
1371	9248	25119	
1327	9259	25025	
1444	9139	25049	
1403	9095	25132	
1346	9303	24951	
1368	9199	25124	
1329	9248	24972	
1335	9209	24991	
1353	9223	24995	
1397	9169	25024	
1329	9152	25150	
1318	9008	25246	
1370	9113	25109	
1319	9194	25114	
1395	9269	24871	
1296	9193	25033	
1411	9190	24957	
1352	9152	25153	
1320	9191	25019	
1398	9197	25087	
1411	9348	24797	
1399	9294	25039	
1323	9271	25095	
1366	9212	25027	
1327	9037	25131	
1463	9256	24975	
1362	8995	25167	
1355	9141	25144	
1317	9138	24991	
1372	9085	25162	
1376	9250	24942	
1367	9156	25049	
1365	9127	25157	
1345	9053	25258	
1327	9397	24846	
1348	9103	25110	
1350	9061	25110	
1381	9098	25068	
1356	9250	24939	
1319	9194	24994	
1358	9179	25140	
1387	9227	24933	
1371	9273	24966	
1372	9278	25023	
1342	9206	25052	
1340	9173	25010	
1324	9236	25018	
1421	9137	25012	
1333	9024	25247	
1378	9242	25103	
1339	9225	24989	
1405	9216	24977	
1391	9052	25200	
1340	9030	25237	
1301	9217	25145	
1348	9297	24954	
1405	9284	24970	
1333	9196	25077	
1384	9294	25015	
1382	9326	24908	
1331	9120	25076	
1297	9214	25075	
1334	9033	25168	
1354	9222	24998	
1286	9256	25090	
1379	9196	25042	
1353	9039	25145	
1399	9261	25064	
1356	9234	25061	
1366	9205	25078	
1360	9196	25031	
1342	9158	25042	
1340	9145	25103	
1297	9354	24991	
1334	9131	25062	
1408	9311	24940	
1379	9211	24945	
1371	9287	24943	
1350	9232	25000	
1292	9174	25034	
1327	9301	24967	
1426	9154	25084	
1336	9148	25161	
1323	9160	25030	
1316	9334	24946	
1380	9011	25188	
1367	9196	25018	
1353	9157	25233	
1308	9057	25202	
1372	9257	24955	
1395	9090	24970	
1389	9104	25195	
1365	9318	24835	
1418	9346	24851	
1378	9149	25140	
1316	9137	25058	
1341	9301	24896	
1401	9254	24980	
1294	9319	24972	
1390	9253	25087	
1367	9320	24937	
1424	9178	24911	
1331	9153	24996	
1367	9184	25049	
1308	9402	24808	
1346	9083	25168	
1298	9273	24964	
1386	9250	25013	
1382	9241	24999	
1355	9219	25062	
1317	9435	24849	
1355	9069	25117	
1417	9212	25047	
1347	9112	25189	
1345	9274	24929	
1377	9031	25147	
1344	9198	25068	
1248	9262	25018	
1343	9113	25111	
1324	9105	24956	
1358	8976	25174	
1365	9313	24935	
1438	9176	25067	
1321	9188	25150	
1380	9215	25053	
1332	9225	24910	
1375	9185	25091	
1369	9177	25005	
1344	9336	24810	
1312	9339	24868	
1340	9202	25060	
1318	9267	25051	
1405	9305	24916	
1406	9205	25034	
1395	9110	25090	
1370	9190	24856	
1316	9194	24996	
1388	9099	25151	
1416	9212	25080	
1379	9270	24939	
1365	9172	25175	
1350	9186	25021	
1435	9291	25102	
1368	9275	25061	
1417	9272	24950	
1379	9252	25097	
1378	9311	25000	
1308	9211	24990	
1369	9127	25050	
1366	9141	25137	
1345	9191	25049	
1308	9106	25123	
1395	9130	25033	
1357	9196	24952	
1389	9252	25018	
1348	9288	25005	
1393	9178	25061	
1384	9322	24750	
1363	9238	25043	
1368	9145	25070	
1250	9107	25075	
1353	9248	24999	
1300	9236	25059	
1371	9118	25149	
1363	9215	25115	
1331	9181	25129	
1342	9084	25141	
1320	9147	25156	
1291	9305	24974	
1357	9360	24878	
1335	9240	25013	
1326	9140	25148	
1339	9197	25010	
1389	9089	25127	
1338	9279	25012	
1321	9184	24976	
1324	9329	25009	
1390	9164	24908	
1402	9296	24901	
1268	9232	25143	
1380	9193	25005	
1326	9273	24932	
1424	9156	24993	
1444	9154	24863	
1298	9306	24940	
1373	9066	25288	
1393	9178	25030	
1384	9116	25052	
1342	9223	24942	
1343	9129	25015	
1414	9325	25027	
1302	9221	25042	
1303	9244	24986	
1396	9073	24960	
1343	9202	25057	
1380	9140	25079	
1340	9336	25015	
1381	9155	25051	
1295	9227	25047	
1377	9424	24976	
1331	9244	24939	
1393	9032	25181	
1347	9070	25146	
1332	9124	25181	
1286	9190	25078	
1297	9155	25032	
1319	8978	25142	
1385	9233	25143	
1328	9200	24969	
1437	9197	25096	
1304	9336	24899	
1329	9187	25102	
1346	9165	25077	
1303	9304	25040	
1342	9158	25100	
1327	9211	25121	
1407	9208	24988	
1420	9059	25066	
1391	9375	24981	
1263	9226	24957	
1307	9210	25025	
1306	9173	24960	
1472	9269	24923	
1372	9092	25212	
1303	9000	25167	
1398	9214	24942	
1400	9174	25062	
1403	9293	25018	
1335	9266	24981	
1362	9138	25093	
1392	9342	24987	
1289	9121	25089	
1368	9330	24904	
1341	9314	25045	
1318	9130	25167	
1339	9233	25066	
1347	9111	25119	
1277	9334	24930	
1288	9222	25092	
1390	9105	25157	
1259	9360	24939	
1441	9262	24949	
1356	9198	25015	
1388	9332	24784	
1400	9177	25062	
1343	9179	25173	
1290	9090	25286	
1388	9128	24950	
1328	9045	25136	
1361	9081	25038	
1414	9235	25039	
1395	9360	24966	
1333	9163	25070	
1485	9268	24950	
1353	9118	24964	
1391	9210	25089	
1305	9270	24998	
1392	9104	24991	
1299	9107	25036	
1396	9119	25181	
1324	9169	25000	
1386	9158	25060	
1328	9166	25040	
1362	9247	25170	
1316	9247	25021	
1317	9256	24995	
1396	9028	25076	
1434	9227	24932	
1352	9309	24920	
1322	9184	25060	
1365	9178	25049	
1365	9260	25115	
1318	9264	25026	
1314	9198	25019	
1391	9316	24848	
1411	9279	24819	
1308	9163	25045	
1320	9180	25017	
1365	9266	24890	
1316	9156	25088	
1353	9163	25157	
1332	9287	25004	
1384	9210	24994	
1383	9126	25034	
1389	9127	24999	
1351	9142	25172	
1357	9280	24898	
1395	9123	24971	
1402	9123	25140	
1297	9205	25133	
1382	9378	24836	
1381	9126	25102	
1425	9304	24838	
1328	9260	24983	
1335	9331	24984	
1308	9212	25057	
1341	9057	25255	
1366	9203	25123	
1367	9201	25008	
1361	9172	25120	
1387	9167	25025	
1340	9115	25169	
1361	9098	25193	
1375	9104	25070	
1348	9298	25016	
1336	9221	25021	
1378	9216	24978	
1347	9217	25015	
1360	9207	24981	
1450	9227	25053	
1362	9157	25078	
1387	9348	24912	
1387	9238	24941	
1396	9392	24907	
1388	9257	24967	
1392	9176	25052	
1371	9140	25132	
1339	9149	25106	
1367	9149	24943	
1325	9282	24936	
1384	9136	25133	
1368	9109	25127	
1349	9303	25019	
1276	9178	25068	
1347	9109	25154	
1347	9170	25219	
1427	9153	25025	
1375	9134	25093	
1361	9190	25076	
1404	9192	24997	
1301	9235	25073	
1281	9129	25194	
1361	9177	24901	
1304	9227	24944	
1319	9339	25029	
1338	9132	25174	
1399	9315	25074	
1285	9178	25257	
1316	9100	25159	
1431	9265	25022	
1341	9232	25070	
1419	9161	25109	
1352	9028	25150	
1359	9024	25171	
1374	9382	24973	
1369	9233	25086	
1339	9104	25168	
1368	9081	25210	
1362	9176	25107	
1378	9155	25092	
1338	9183	25095	
1377	9106	25031	
1379	9210	25080	
1353	9097	25022	
1341	9202	25119	
1366	9333	24817	
1347	9279	25067	
1389	9069	25180	
1368	9223	24929	
1345	9144	25037	
1334	9351	24919	
1395	9262	25008	
1336	9150	24964	
1348	9332	24981	
1396	9317	24902	
1351	9305	24859	
1377	9196	25072	
1383	9098	25070	
1316	9030	25190	
1380	9236	25074	
1426	9270	24946	
1309	9327	24940	
1374	9278	24945	
1352	9164	25054	
1391	9294	25024	
1275	9244	25059	
1311	9174	25128	
1377	9183	25120	
1351	9243	24895	
1346	9255	24966	
1368	9239	25017	
1343	9140	25102	
1290	9097	25204	
1355	9378	24905	
1310	9244	25017	
1331	9077	25128	
1392	9152	24984	
1318	9201	25147	
1332	9182	25108	
1339	9193	25053	
1377	9202	24983	
1308	9295	24914	
1382	9232	24969	
1369	9077	25150	
1342	9213	25035	
1326	9183	25029	
1357	9106	25093	
1318	9179	25036	
1389	9118	25094	
1345	9196	25114	
1409	9112	25080	
1387	9184	25080	
1402	9141	25168	
1370	9360	24859	
1288	9082	25174	
1309	9279	24965	
1295	9192	25056	
1342	9231	25012	
1305	9332	24980	
1338	9214	25043	
1392	9084	25143	
1406	9216	25123	
1324	9283	25005	
1381	9096	25207	
1359	9209	25076	
1390	9175	24988	
1293	9030	25195	
1302	9035	25326	
1377	9270	25033	
1357	9261	24982	
1372	9285	24941	
1338	9201	25077	
1368	9231	24953	
1353	9229	25037	
1362	9201	25023	
1318	9234	25028	
1369	9213	25073	
1367	9289	24890	
1338	9180	25031	
1361	9198	25060	
1340	9165	25189	
1376	9229	25045	
1323	9180	25018	
1316	9248	25107	
1367	9197	25079	
1354	9130	25030	
1339	9129	25130	
1317	9238	24978	
1404	9060	25084	
1388	9138	25037	
1341	9238	25014	
1474	9081	25115	
1295	9166	25125	
1335	9077	25237	
1353	9259	25078	
1387	9160	25045	
1319	9287	24978	
1308	8998	25203	
1418	9125	25170	
1305	9442	24924	
1332	9203	25040	
1326	9194	25157	
1347	9348	24981	
1368	9249	25044	
1345	9167	25164	
1417	9062	25070	
1389	9162	25027	
1368	8994	25089	
1324	9182	25075	
1393	9249	24922	
1412	9150	25037	
1335	9141	25128	
1378	9045	25231	
1379	9208	25072	
1372	9084	25044	
1340	9123	25119	
1362	9219	25018	
1325	9188	24978	
1393	9215	25025	
1396	9238	24967	
1342	9211	25062	
1320	9267	25028	
1410	9165	25049	
1404	9196	24958	
1407	9107	25044	
1338	9150	25057	
1402	9185	24938	
1336	9199	24981	
1361	9207	24990	
1366	9104	25096	
1364	9238	25036	
1309	9197	25047	
1341	9064	25229	
1383	9188	25091	
1305	9253	25002	
1373	9080	25129	
1352	9096	25204	
1401	9161	25084	
1337	9103	25075	
1359	9145	25071	
1332	9253	25019	
1307	9112	25113	
1352	9331	24932	
1370	9319	24931	
1325	9095	25135	
1348	9242	24943	
1390	9108	25039	
1365	9220	24995	
1414	9058	25011	
1329	9301	24898	
1346	9198	25045	
1429	9273	24922	
1398	9433	24800	
1384	9141	25131	
1425	9181	25057	
1371	9237	24932	
1309	9276	25011	
1430	9012	25127	
1430	9240	25011	
1387	9299	24996	
1346	9246	25040	
1349	9119	25199	
1344	9254	24930	
1357	9285	25069	
1291	9273	25001	
1359	9133	25070	
1387	8986	25260	
1325	9071	25068	
1401	9189	25048	
1410	9305	24824	
1314	9029	25212	
1357	9150	25117	
1370	9212	25107	
1343	9235	25091	
1353	9120	25233	
1283	9131	25240	
1318	9146	25083	
1378	9212	25039	
1331	9028	25210	
1303	9181	25056	
1373	9204	25062	
1293	9221	25049	
1309	9241	25071	
1377	9370	24970	
1282	9177	25195	
1361	9192	25060	
1322	9127	25061	
1354	9226	24983	
1347	9212	25019	
1370	9119	25173	
1296	9234	25058	
1409	9198	25071	
1294	9129	25219	
1342	9218	25026	
1419	9166	24937	
1364	9193	25109	
1374	9264	25043	
1383	9208	25078	
1398	9159	24907	
1289	9169	25119	
1336	9172	25193	
1340	9194	25059	
1431	9254	24942	
1338	9286	24889	
1384	9261	24900	
1350	9264	25032	
1433	9169	25037	
1304	9156	25118	
1360	9081	25234	
1353	9215	25036	
1337	9192	24984	
1371	9326	24906	
1385	9226	25020	
1366	9063	25119	
1403	9239	25023	
1287	9075	25263	
1319	9117	25121	
1297	9247	25045	
1342	9222	25056	
1345	9263	25062	
1333	9213	25166	
1359	9074	25240	
1422	9104	24998	
1372	9341	24903	
1352	9150	24949	
1379	9326	24844	
1399	9201	25066	
1331	9205	24924	
1398	9214	25120	
1297	9230	25093	
1375	9111	25156	
1322	9255	24985	
1327	9201	25020	
1352	9187	24984	
1347	9263	24954	
1425	9265	24975	
1449	9141	25085	
1296	9318	24953	
1326	9143	25091	
1353	9309	25007	
1359	9262	25097	
1403	9116	24983	
1361	9042	25236	
1380	9253	25038	
1406	9138	25080	
1342	9069	25272	
1317	9207	25004	
1315	9261	25061	
1331	9180	24932	
1364	9259	24989	
1388	9138	25094	
1331	9153	25121	
1391	9099	25131	
1324	9133	25146	
1316	9195	25025	
1298	9295	24887	
1366	9235	25041	
1351	9120	25143	
1370	9409	24805	
1392	9159	25078	
1353	9255	24886	
1338	9228	25052	
1346	9152	25153	
1363	9216	25019	
1342	9125	25122	
1348	9144	25214	
1337	9075	25195	
1367	9180	24925	
1331	9178	24948	
1377	9209	25062	
1386	9206	25104	
1350	9228	24975	
1368	9064	25104	
1395	9198	25026	
1390	9152	24918	
1285	9293	25041	
1319	9215	25037	
1397	9072	25221	
1297	9204	25005	
1313	9187	25030	
1403	9104	25124	
1308	9184	25071	
1314	9241	24946	
1389	9190	25151	
1319	9269	25037	
1357	9004	25263	
1316	9275	24969	
1334	9167	24975	
1365	9224	24937	
1369	9171	25174	
1345	9129	25038	
1348	9208	24965	
1352	9109	25139	
1397	8974	25159	
1429	9124	25182	
1357	9253	24931	
1352	9126	25031	
1361	9269	24917	
1271	9097	25208	
1385	9404	24939	
1437	9124	24972	
1305	9292	25042	
1370	9218	25134	
1347	9184	25060	
1389	9290	24948	
1322	9119	25105	
1314	9361	24968	
1343	9113	24949	
1335	9330	25017	
1357	9230	24941	
1371	9357	24964	
1349	9175	25050	
1375	9213	24945	
1361	9162	25043	
1387	9085	24952	
1427	9178	24990	
1291	9321	24915	
1321	9146	25121	
1401	9152	25124	
1399	9263	25026	
1338	9130	25001	
1409	9168	25064	
1359	9144	25019	
1304	9236	24956	
1423	9279	25005	
1352	9185	25017	
1374	9415	24789	
1282	9209	25021	
1341	9230	25056	
1359	9175	25087	
1381	9150	25080	
1443	9044	25092	
1305	9259	25162	
1287	9062	25121	
1347	9313	24865	
1368	9086	25184	
1314	9290	24928	
1361	9211	25088	
1324	9083	25142	
1414	9065	25245	
1346	9120	25065	
1347	9246	24905	
1315	9150	25166	
1337	9276	24968	
1370	9243	25019	
1370	9284	24915	
1331	9153	24992	
1317	9186	24974	
1293	9285	25007	
1343	9232	25154	
1339	9146	25083	
1391	9280	24881	
1396	9188	25063	
1435	9116	25069	
1345	9241	24946	
1364	9317	24976	
1346	9126	25108	
1358	9193	25167	
1319	9278	24932	
1392	9185	25007	
1375	9178	25019	
1398	9091	25070	
1367	9242	25052	
1394	9051	25219	
1361	9138	25141	
1301	9203	25146	
1393	9104	25167	
1339	9224	25108	
1383	9134	25069	
1398	9335	24829	
1349	9363	24968	
1295	9314	24957	
1382	9340	25008	
1361	9275	25036	
1327	9237	25021	
1330	9152	25118	
1421	9170	24893	
1347	9227	24913	
1331	9252	24953	
1453	9018	25164	
1305	9189	24932	
1267	9327	24981	
1353	9218	25076	
1341	9217	24991	
1342	9201	24990	
1338	9155	25133	
1376	9167	25101	
1362	9217	25006	
1425	9231	25029	
1332	9135	25059	
1339	9102	25239	
1314	9144	24965	
1411	9278	24902	
1338	9318	24855	
1336	9270	25003	
1338	9193	25060	
1416	9287	24984	
1382	9213	24985	
1306	9305	24957	
1319	9323	25003	
1364	9159	25054	
1321	9136	25168	
1424	9226	25003	
1285	9368	24945	
1290	9248	24970	
1378	9053	25131	
1281	9232	25113	
1348	9176	25108	
1349	9303	24999	
1371	9319	24913	
1317	9119	25061	
1356	9184	24959	
1343	9086	25049	
1408	9210	25053	
1357	9171	25028	
1394	9348	24932	
1330	9146	25124	
1417	9194	25050	
1393	9275	24908	
