1361	9217	24986	
1340	9009	25167	
1367	9274	24950	
1358	9163	25056	
1354	9151	25191	
1351	9133	24997	
1345	9062	25042	
1350	9116	25106	
1353	9130	25145	
1348	9089	25068	
1336	8906	25311	
1342	9051	25169	
1341	8985	25230	
1350	9117	25036	
1350	9106	25255	
1349	9131	25163	
1346	9123	25026	
1361	9241	25050	
1340	8956	25301	
1353	9175	25082	
1351	9180	25016	
1352	9059	25029	
1350	9103	25099	
1358	9213	25030	
1349	9094	25001	
1365	9319	24922	
1365	9300	24877	
1355	9169	25023	
1352	9116	25126	
1357	9195	24964	
1344	9035	25270	
1356	9176	25066	
1354	9158	25189	
1360	9268	24885	
1352	9186	25106	
1350	9111	25105	
1350	9104	24965	
1350	9086	25224	
1357	9243	24967	
1363	9218	24988	
1350	9055	25230	
1360	9260	24879	
1342	8994	25221	
1359	9249	24996	
1355	9131	25033	
1349	9130	25119	
1347	9079	24976	
1356	9201	25109	
1335	8891	25369	
1365	9305	24953	
1357	9198	25040	
1360	9247	25031	
1354	9166	24999	
1369	9310	25030	
1347	9101	25144	
1352	9149	25000	
1354	9178	25059	
1353	9170	24963	
1348	9085	25131	
1362	9214	25011	
1355	9128	25080	
1356	9191	25058	
1347	9046	25214	
1353	9227	25032	
1361	9259	24922	
1359	9244	25032	
1357	9192	25048	
1354	9134	25141	
1360	9230	24857	
1356	9235	25012	
1353	9153	25156	
1358	9232	25075	
1354	9140	25030	
1367	9255	24942	
1346	9054	25198	
1353	9103	25162	
1345	9086	25104	
1353	9176	25059	
1343	9024	25240	
1364	9258	24983	
1347	9062	25145	
1361	9251	25002	
1346	9100	25054	
1354	9108	25144	
1346	9052	25154	
1359	9173	25088	
1343	9056	25283	
1356	9211	25060	
1342	9026	25142	
1361	9191	25026	
1356	9142	25024	
1352	9120	25075	
1346	9026	25201	
1356	9189	25022	
1353	9135	25052	
1352	9155	25067	
1352	9138	25010	
1346	9073	25158	
1361	9243	25007	
1355	9181	25045	
1350	9121	25099	
1345	9000	25134	
1349	9095	25127	
1357	9176	25032	
1354	9168	25045	
1354	9129	25115	
1351	9177	25025	
1352	9098	25210	
1362	9208	25079	
1344	9030	25203	
1354	9162	25036	
1347	9050	25139	
1345	9047	25205	
1361	9277	24998	
1363	9262	24993	
1343	9005	25148	
1354	9164	25018	
1351	9123	24994	
1352	9115	25064	
1352	9168	24966	
1355	9181	25030	
1362	9231	25002	
1343	8993	25241	
1348	9073	25049	
1348	9099	25110	
1334	9173	25054	
1358	9220	25053	
1344	9043	25146	
1361	9231	25067	
1355	9151	25124	
1348	9131	25021	
1357	9175	24911	
1345	9078	25147	
1359	9214	24985	
1353	9151	25053	
1347	9060	25166	
1362	9244	25019	
1366	9273	24968	
1342	8992	25192	
1356	9151	25062	
1359	9218	24976	
1357	9146	25021	
1354	9154	24985	
1352	9201	25081	
1349	9140	25076	
1355	9175	25140	
1346	9073	25188	
1350	9089	25036	
1352	9137	25085	
1358	9217	24980	
1342	8987	25139	
1351	9132	25055	
1350	9119	25024	
1357	9232	24969	
1351	9131	25153	
1358	9180	25040	
1364	9313	24880	
1344	9053	25167	
1341	8967	25198	
1350	9092	25171	
1349	9114	25049	
1347	9089	25178	
1344	9025	25076	
1353	9170	25037	
1355	9144	25053	
1372	9388	24920	
1354	9154	25088	
1357	9215	24941	
1357	9181	25002	
1357	9222	25187	
1357	9227	24993	
1354	9136	25028	
1354	9164	24985	
1351	9097	25209	
1353	9109	25167	
1340	9061	25283	
1343	9021	25138	
1341	9037	25116	
1356	9142	25067	
1346	9070	25109	
1365	9349	24908	
1351	9139	25097	
1353	9088	25124	
1350	9025	25036	
1345	9057	25261	
1360	9262	25039	
1340	9021	25062	
1357	9132	25174	
1351	9074	25241	
1355	9191	25083	
1355	9171	25006	
1355	9159	25054	
1349	9095	25101	
1345	9040	25078	
1361	9255	24826	
1352	9150	25054	
1344	9078	25120	
1349	9084	25077	
1337	8947	25335	
1352	9134	25044	
1360	9236	24938	
1348	9064	25145	
1349	9075	25154	
1349	9141	24990	
1362	9253	24981	
1350	9148	25079	
1352	9155	25068	
1361	9256	24924	
1355	9178	25000	
1355	9217	24913	
1343	9009	25200	
1357	9198	25137	
1361	9259	24947	
1354	9158	24998	
1350	9107	25083	
1342	9024	25171	
1364	9270	25143	
1358	9131	25121	
1357	9168	25071	
1357	9186	25066	
1363	9261	24986	
1352	9118	25110	
1350	9137	24959	
1355	9184	25036	
1350	9107	25209	
1349	9072	25064	
1356	9161	25022	
1352	9045	25005	
1352	9168	25019	
1354	9150	25020	
1341	9001	25068	
1357	9223	25010	
1359	9224	24908	
1339	9110	25064	
1353	9183	25062	
1366	9291	24965	
1363	9284	24926	
1341	8990	25208	
1353	9203	25073	
1359	9193	25050	
1349	9064	25054	
1341	9012	25190	
1357	9160	24919	
1345	9054	25145	
1343	9045	25197	
1345	9005	25289	
1354	9175	25125	
1337	8948	25282	
1344	9118	25174	
1354	9183	25090	
1345	8986	25178	
1349	9067	25102	
1354	9171	24992	
1358	9224	25013	
1343	9072	25127	
1358	9235	25029	
1352	9188	25147	
1356	9176	25048	
1354	9113	25140	
1359	9211	25052	
1349	9164	25104	
1364	9289	25120	
1352	9125	25071	
1337	9101	25079	
1344	9002	25095	
1344	9008	25175	
1360	9211	25006	
1361	9228	25015	
1354	9178	24945	
1361	9224	25056	
1357	9246	24899	
1349	9087	25091	
1356	9196	25040	
1348	9107	25255	
1355	9176	25108	
1356	9193	25075	
1360	9235	25034	
1352	9142	25053	
1353	9159	25000	
1357	9192	25037	
1348	9111	25143	
1354	9183	25121	
1352	9139	25071	
1344	9056	25135	
1354	9191	25060	
1355	9143	25135	
1354	9207	25112	
1358	9204	25011	
1357	9217	24901	
1361	9281	25073	
1351	9093	25140	
1354	9138	24981	
1346	9122	25154	
1358	9149	25070	
1355	9166	25083	
1352	9131	25207	
1360	9259	25074	
1347	9053	25197	
1357	9128	25062	
1349	9106	25155	
1357	9242	25043	
1357	9194	25040	
1353	9140	25089	
1348	9085	25035	
1357	9234	24948	
1358	9222	25025	
1349	9058	25179	
1345	9073	25164	
1357	9195	25037	
1357	9196	25054	
1354	9119	25017	
1351	9137	25042	
1353	9201	24972	
1358	9220	25028	
1342	9001	25193	
1349	9110	25147	
1347	9067	25228	
1345	8983	25205	
1358	9200	24929	
1352	9130	25117	
1339	9017	25237	
1359	9228	24984	
1365	9256	25011	
1352	9118	25119	
1357	9190	25012	
1351	9148	25021	
1350	9171	24977	
1346	9099	25156	
1353	9103	25033	
1350	9124	25051	
1346	8971	25312	
1348	9093	25038	
1362	9248	24964	
1354	9209	25216	
1354	9158	25165	
1343	9016	25182	
1348	9080	25170	
1352	9213	24978	
1357	9142	25096	
1353	9143	25009	
1348	9078	25188	
1350	9082	25054	
1355	9140	24928	
1352	9094	25143	
1349	9116	25177	
1359	9257	25033	
1353	9167	25073	
1359	9203	25011	
1347	9080	25108	
1349	9081	25019	
1374	9441	24821	
1360	9231	25058	
1337	8991	25239	
1335	8832	25391	
1354	9140	25063	
1357	9194	24871	
1350	9112	25156	
1344	9060	25165	
1354	9171	25096	
1358	9194	25110	
1351	9139	25056	
1359	9232	24979	
1350	9126	25135	
1360	9209	24936	
1342	9024	25240	
1350	9092	25199	
1344	9058	25190	
1348	9104	25121	
1355	9110	25110	
1352	9138	25129	
1357	9164	25122	
1349	9047	25182	
1353	9144	24935	
1355	9149	25083	
1351	9143	25110	
1361	9293	24951	
1345	9015	25139	
1354	9212	25039	
1354	9199	24904	
1358	9173	25019	
1343	9058	25223	
1360	9202	25049	
1343	9014	25224	
1362	9234	25022	
1350	9149	25110	
1359	9261	25076	
1347	9029	25218	
1349	9110	25130	
1347	9088	25167	
1359	9187	25039	
1354	9135	25136	
1357	9180	25006	
1348	9055	25150	
1354	9185	25178	
1351	9069	25161	
1351	9163	25081	
1356	9156	25052	
1355	9165	25063	
1350	9128	25000	
1340	8963	25263	
1349	9116	25247	
1351	9098	25111	
1351	9108	25152	
1342	8989	25154	
1347	9092	25265	
1348	9100	25046	
1355	9187	24996	
1342	9033	25180	
1359	9187	25113	
1346	9001	25180	
1349	9063	25156	
1344	8999	25191	
1356	9196	25076	
1353	9158	25087	
1349	9078	25209	
1343	9040	25148	
1336	8930	25310	
1351	9170	25028	
1364	9246	25183	
1331	8861	25354	
1361	9213	24923	
1358	9208	25000	
1355	9152	25122	
1341	9039	25191	
1360	9213	25147	
1354	9112	25107	
1358	9220	24986	
1348	9102	25069	
1352	9127	25133	
1357	9182	25093	
1361	9230	25029	
1360	9270	24894	
1355	9154	25100	
1349	9135	25156	
1369	9332	24897	
1349	9082	25151	
1345	9066	25146	
1363	9283	24843	
1366	9285	24955	
1360	9218	25138	
1358	9214	25023	
1355	9190	25011	
1351	9142	25117	
1345	9043	25087	
1349	9102	25048	
1361	9262	25029	
1355	9173	25133	
1355	9191	25053	
1345	9097	25087	
1352	9141	24996	
1360	9223	25013	
1365	9325	24950	
1345	9023	25099	
1354	9197	25013	
1355	9139	25152	
1343	9033	25351	
1338	8973	25152	
1346	9042	25114	
1355	9186	25026	
1367	9340	24835	
1351	9129	25142	
1352	9102	25169	
1364	9276	25014	
1355	9137	25060	
1348	9094	25137	
1345	9039	25173	
1363	9287	24934	
1358	9212	24965	
1355	9147	25109	
1358	9246	24956	
1353	9125	25058	
1352	9113	25156	
1343	9091	25128	
1336	8922	25289	
1351	9094	25139	
1357	9260	24949	
1350	9055	25210	
1350	9116	24999	
1347	9084	25120	
1346	9086	25081	
1349	9120	25034	
1354	9149	25089	
1358	9223	25063	
1345	9082	25213	
1353	9105	25099	
1355	9240	24885	
1346	9079	25085	
1348	9069	25157	
1360	9213	24905	
1353	9066	25169	
1354	9171	25016	
1347	9112	25187	
1346	9032	25233	
1358	9184	25154	
1344	9048	25122	
1361	9227	25060	
1354	9172	25069	
1349	9130	25234	
1350	9049	25185	
1355	9149	25006	
1351	9075	25067	
1349	9114	25125	
1362	9244	24900	
1353	9112	25063	
1357	9172	24935	
1352	9122	25043	
1360	9209	24978	
1350	9101	24953	
1356	9139	25010	
1350	9122	25129	
1355	9189	24911	
1354	9158	25176	
1359	9205	25055	
1350	9081	25208	
1354	9145	25091	
1357	9163	25059	
1363	9240	25009	
1354	9174	25084	
1349	9091	25005	
1346	9033	25172	
1349	9146	25108	
1360	9185	24892	
1349	9118	25072	
1356	9201	24989	
1353	9165	25038	
1356	9113	25129	
1346	9051	25195	
1345	9036	25134	
1347	9093	25106	
1343	9006	25210	
1346	9093	25246	
1359	9184	25014	
1358	9180	25085	
1357	9189	25123	
1337	8950	25305	
1346	9022	25106	
1350	9135	24986	
1351	9110	25173	
1355	9204	25142	
1339	8979	25241	
1340	9020	25168	
1350	9130	25115	
1358	9243	25075	
1355	9189	24969	
1350	9119	25192	
1353	9130	25089	
1351	9089	25142	
1346	9075	25120	
1349	9102	25135	
1339	8953	25151	
1359	9191	25000	
1343	9012	25192	
1350	9093	25091	
1359	9199	24954	
1354	9133	24995	
1347	9031	25207	
1354	9117	25050	
1349	9100	25109	
1345	9047	25246	
1343	9009	25260	
1355	9166	25102	
1351	9154	25144	
1347	9059	25104	
1344	9091	25231	
1354	9155	25127	
1354	9227	24966	
1355	9148	25096	
1346	9113	25075	
1352	9143	25037	
1348	9075	25216	
1348	9109	25131	
1349	9119	25055	
1348	9105	25147	
1344	8989	25181	
1349	9115	25075	
1358	9194	25143	
1356	9224	25123	
1349	9102	25099	
1348	9090	25164	
1355	9182	24953	
1350	9091	25022	
1353	9163	24988	
1342	8962	25164	
1356	9164	25072	
1353	9139	25170	
1355	9121	25024	
1354	9177	24931	
1350	9089	25079	
1340	8992	25168	
1351	9139	25075	
1347	9099	25139	
1361	9252	24937	
1344	9071	25163	
1342	9011	25233	
1356	9131	25078	
1359	9210	24937	
1351	9141	25113	
1355	9185	25082	
1348	9163	25009	
1353	9127	25110	
1345	9050	25085	
1352	9178	25079	
1352	9153	24937	
1347	9080	25258	
1350	9082	25111	
1347	9107	25015	
1345	9095	25071	
1342	8980	25110	
1356	9221	24986	
1363	9258	24848	
1353	9150	25061	
1353	9145	25105	
1340	9003	25236	
1342	9051	25253	
1365	9307	25082	
1340	8941	25360	
1347	9092	25079	
1358	9235	25073	
1341	9229	25044	
1344	9040	25143	
1350	9036	25136	
1358	9213	24962	
1357	9241	24836	
1355	9233	25040	
1363	9217	25128	
1365	9307	24876	
1358	9247	25028	
1351	9138	25030	
1351	9122	25227	
1339	8995	25131	
1345	9036	25203	
1365	9305	25033	
1360	9230	24949	
1358	9213	24896	
1344	9065	25160	
1344	9029	25098	
1357	9162	25019	
1346	9071	25076	
1345	9043	25285	
1362	9248	25027	
1353	9075	25225	
1341	8996	25214	
1328	9061	25091	
1362	9285	24933	
1342	9045	25217	
1357	9220	25107	
1336	8949	25135	
1353	9156	25148	
1352	9153	25081	
1360	9212	25058	
1352	9145	25068	
1348	9043	25231	
1351	9082	25065	
1350	9107	25129	
1358	9195	24966	
1349	9143	25121	
1362	9260	24894	
1361	9251	24987	
1357	9210	25071	
1359	9201	24950	
1352	9130	25208	
1356	9173	24975	
1351	9084	25095	
1350	9140	24975	
1349	9082	25042	
1359	9252	24924	
1357	9231	24960	
1362	9240	25037	
1347	9078	25142	
1350	9083	25206	
1352	9124	24997	
1356	9216	24982	
1352	9117	25084	
1347	9023	25229	
1350	9088	25133	
1351	9178	25101	
1352	9179	25013	
1359	9230	24905	
1358	9182	24951	
1359	9232	24839	
1343	9029	25251	
1356	9136	25039	
1354	9108	25008	
1358	9163	24975	
1352	9142	25054	
1354	9159	24969	
1354	9165	25119	
1349	9083	25190	
1348	9071	25157	
1352	9133	25207	
1357	9237	25079	
1363	9241	24971	
1337	8962	25317	
1347	9154	25122	
1345	9033	25250	
1345	9083	25034	
1363	9267	24974	
1353	9138	25042	
1354	9170	25030	
1346	9053	25106	
1347	9057	25124	
1354	9167	25088	
1334	8893	25349	
1357	9210	25048	
1358	9199	24948	
1350	9081	25172	
1357	9179	25025	
1362	9257	24916	
1349	9078	25126	
1357	9153	25021	
1347	9067	25112	
1357	9226	24979	
1343	9010	25169	
1355	9164	25066	
1354	9114	25146	
1347	9036	25218	
1346	9059	25177	
1363	9260	25053	
1353	9132	25101	
1348	9040	25217	
1345	9057	25184	
1344	9046	25166	
1352	9032	25122	
1356	9149	25182	
1351	9125	25117	
1342	9022	25122	
1357	9178	25104	
1350	9126	24959	
1358	9206	25006	
1352	9096	25195	
1358	9140	25083	
1340	8986	25257	
1344	8985	25105	
1343	8985	25111	
1346	9077	25231	
1341	9036	25206	
1350	9081	25107	
1358	9220	25045	
1349	9116	25101	
1354	9143	24993	
1344	8981	25209	
1357	9173	24994	
1347	9085	25190	
1351	9136	25000	
1364	9283	25050	
1358	9179	25041	
1359	9187	25177	
1350	9112	25082	
1339	8923	25356	
1352	9143	25064	
1355	9167	24920	
1349	9091	25075	
1367	9292	24957	
1351	9138	25032	
1355	9148	25117	
1350	9091	25063	
1354	9174	24989	
1353	9187	24836	
1360	9240	24941	
1347	9090	25170	
1354	9156	25099	
1350	9109	25170	
1361	9240	24975	
1349	9054	25070	
1337	8851	25368	
1358	9200	25033	
1346	9023	25107	
1354	9085	24999	
1355	9164	24975	
1357	9155	25121	
1344	8992	25193	
1354	9173	25118	
1349	9095	25051	
1344	9016	25185	
1350	9115	25154	
1355	9137	25033	
1353	9191	25174	
1348	9072	24978	
1354	9169	25041	
1362	9272	24949	
1353	9130	25113	
1345	9026	25156	
1355	9255	25019	
1350	9126	25135	
1358	9214	25043	
1347	9068	25143	
1354	9170	25107	
1348	9083	25095	
1354	9198	25106	
1358	9225	25016	
1347	9095	25017	
1350	9090	25103	
1357	9195	25018	
1353	9161	25080	
1347	9033	25087	
1343	9067	25115	
1353	9135	25207	
1341	9026	25225	
1346	9042	25129	
1352	9168	25148	
1351	9173	25069	
1345	9011	25287	
1360	9247	24920	
1349	9068	25225	
1357	9171	25055	
1343	9168	25083	
1348	9023	25137	
1363	9302	25052	
1346	9093	25084	
1333	8879	25315	
1357	9195	24963	
1355	9158	25019	
1358	9208	25096	
1353	9164	25046	
1345	9065	25192	
1346	9040	25316	
1350	9061	25064	
1359	9205	25129	
1352	9096	25218	
1360	9191	24953	
1353	9220	24990	
1348	9132	25035	
1353	9174	25115	
1350	9094	25085	
1355	9185	25015	
1357	9185	25055	
1344	9020	25203	
1363	9258	25059	
1350	9075	25077	
1353	9146	25117	
1356	9161	24933	
1344	9045	25160	
1346	9060	25252	
1354	9195	25070	
1362	9239	24982	
1353	9115	25066	
1356	9190	24966	
1352	9163	24977	
1349	9079	25077	
1358	9250	25015	
1355	9124	25089	
1355	9214	25071	
1349	9073	25131	
1354	9150	25096	
1355	9171	25010	
1355	9166	24882	
1342	9014	25167	
1358	9231	24927	
1355	9168	25148	
1357	9158	25014	
1352	9076	25152	
1348	9070	25039	
1359	9244	25052	
1344	9036	25220	
1354	9172	25103	
1359	9178	24981	
1346	9076	25105	
1353	9136	25075	
1351	9072	25118	
1349	9079	25130	
1365	9314	24954	
1347	9047	25260	
1341	8984	25282	
1349	9106	25128	
1350	9071	25199	
1348	9089	25012	
1353	9085	25115	
1356	9137	25169	
1355	9200	24900	
1353	9168	25100	
1348	9094	25155	
1340	8964	25273	
1342	9003	25222	
1357	9210	25086	
1346	9043	25156	
1345	9025	25134	
1360	9192	25177	
1349	9103	25224	
1348	9092	25125	
1350	9157	25092	
1344	8998	25316	
1344	9030	25154	
1347	9108	25098	
1347	9100	25092	
1344	9031	25155	
1360	9241	25016	
1340	8988	25136	
1357	9185	25070	
1349	9086	25090	
1355	9238	24935	
1349	9127	24947	
1350	9119	25051	
1362	9269	25009	
1349	9085	25262	
1359	9217	24998	
1339	8996	25272	
1355	9176	25151	
1353	9147	25063	
1357	9205	25030	
1350	9089	25144	
1351	9115	25014	
1365	9285	24870	
1358	9196	25049	
1350	9146	25142	
1360	9267	25004	
1349	9148	25048	
1349	9089	25075	
1362	9257	24872	
1349	9089	25089	
1359	9223	25024	
1343	9046	25044	
1355	9229	25034	
1343	8963	25351	
1362	9239	24953	
1367	9324	24959	
1348	9075	25251	
1343	9049	25159	
1340	8968	25300	
1352	9148	25012	
1361	9239	25026	
1348	9058	25221	
1335	8940	25160	
1358	9223	25043	
1361	9288	25033	
1349	9108	25190	
1347	9071	25076	
1353	9149	25094	
1344	9032	25180	
1348	9070	25088	
1355	9177	25048	
1354	9172	25005	
1340	8931	25275	
1354	9169	24973	
1331	8850	25219	
1355	9158	24937	
1348	9094	25178	
1355	9185	24930	
1346	9049	25115	
1350	9143	25021	
1362	9276	24989	
1350	9101	25097	
1360	9225	25003	
1355	9155	25149	
1355	9195	25163	
1347	9090	25247	
1346	9015	25204	
1347	9068	25175	
1346	9097	25126	
1354	9145	25087	
1356	9212	25024	
1358	9222	24986	
1344	9032	25170	
1351	9081	25019	
1337	9030	25083	
1342	9014	25138	
1359	9229	24934	
1356	9129	25063	
1345	9063	25234	
1368	9305	24946	
1356	9174	24975	
1343	9018	25104	
1350	9072	25058	
1352	9132	25085	
1339	8947	25143	
1353	9155	25070	
1363	9290	24936	
1345	9028	25235	
1352	9076	25173	
1354	9143	25098	
1353	9119	25128	
1352	9183	25012	
1349	9120	25055	
1340	8981	25240	
1343	8988	25225	
1359	9251	25006	
1357	9189	25017	
1370	9343	24940	
1361	9251	25059	
1346	9071	25130	
1355	9202	25025	
1353	9157	25059	
1351	9146	25052	
1347	9040	25222	
1346	9048	25089	
1352	9143	25095	
1359	9269	25155	
1352	9101	25177	
1355	9192	25019	
1341	8996	25185	
1357	9152	25045	
1359	9211	25116	
1347	9102	25121	
1338	8953	25261	
1359	9181	25016	
1349	9050	25172	
1352	9150	25026	
1350	9155	25041	
1345	9058	25223	
1352	9148	25066	
1345	9043	25150	
1354	9177	25059	
1356	9178	25022	
1357	9217	24906	
1344	9067	25164	
1345	9052	25223	
1342	9050	25218	
1354	9260	25032	
1354	9209	25025	
1354	9157	25015	
1359	9175	24920	
1359	9294	24939	
1343	9023	25229	
1359	9207	24985	
1350	9120	25141	
1349	9134	24928	
1348	9090	25124	
1355	9209	24992	
1356	9189	25050	
1355	9128	25108	
1355	9140	25018	
1349	9104	25022	
1350	9107	25009	
1348	9135	25202	
1344	9056	25150	
1346	9107	25221	
1350	9170	25025	
1357	9193	25044	
1357	9121	25077	
1359	9230	24921	
1357	9211	25004	
1351	9100	24982	
1355	9191	25046	
1348	9134	24988	
1361	9274	24934	
1364	9251	24989	
1340	9022	25209	
1361	9236	24964	
1341	8995	25127	
1364	9329	24888	
1346	9054	25172	
1356	9196	25086	
1345	9046	25253	
1352	9066	25093	
1333	8937	25298	
1342	9013	25178	
1346	9038	25078	
1354	9167	25095	
1366	9298	24956	
1359	9229	25085	
1353	9133	25084	
1344	9046	25109	
1354	9153	24959	
1360	9211	25076	
1361	9238	24975	
1351	9117	25035	
1360	9247	25066	
1359	9193	25120	
1357	9222	25055	
1354	9186	25090	
1353	9140	25171	
1344	9058	25153	
1357	9157	25132	
1347	9122	24976	
1359	9276	24946	
1351	9163	25175	
1360	9234	24968	
1348	9065	25222	
1360	9243	24998	
1345	9045	25092	
1346	9101	25072	
1358	9223	25069	
1357	9150	25024	
1354	9140	24969	
1346	9077	25223	
1356	9155	25150	
1345	8998	25187	
1348	9033	25132	
1355	9198	24968	
1345	9056	25083	
1347	9051	25119	
1353	9103	24985	
1361	9290	24962	
1356	9189	25063	
1356	9191	24938	
1352	9178	24892	
1358	9185	25114	
1359	9242	25058	
1344	9024	25172	
1347	9136	25109	
1349	9108	25143	
1350	9141	25196	
1357	9128	25172	
1343	9036	25193	
1350	9123	25108	
1348	9129	25139	
1357	9145	25121	
1357	9156	25107	
1340	8973	25202	
1353	9138	25072	
1341	9004	25255	
1346	9062	25091	
1366	9289	24927	
1352	9139	25104	
1354	9177	25022	
1357	9231	25058	
1347	9092	25196	
1358	9191	25035	
1345	9024	25117	
1348	9060	25231	
1354	9181	24965	
1356	9150	25101	
1360	9207	24905	
1357	9225	24997	
1365	9272	24821	
1353	9089	25160	
1345	9023	25133	
1345	9029	25042	
1369	9328	24816	
1362	9255	25017	
1347	9113	25190	
1347	9111	25131	
1356	9161	25013	
1361	9266	24909	
1354	9198	25077	
1359	9237	24933	
1355	9138	24980	
1362	9270	24948	
1338	8984	25292	
1349	9090	25217	
1360	9199	25029	
1356	9243	24957	
1348	9104	25106	
1355	9162	25076	
1353	9133	25097	
1356	9231	25063	
1350	9079	25153	
1347	9061	25177	
1340	8992	25249	
1362	9267	24899	
1352	9115	25206	
1347	9110	25189	
1343	8997	25177	
1355	9196	25097	
1353	9124	25027	
1355	9218	25013	
1353	9158	25155	
1364	9256	24938	
1358	9185	25085	
1361	9238	24998	
1356	9210	25097	
1355	9153	25037	
1359	9199	25094	
1353	9226	25082	
1351	9140	25077	
1346	9088	25103	
1354	9180	25074	
1359	9171	25001	
1359	9247	24903	
1347	9030	25161	
1340	9013	25166	
1350	9082	25110	
1353	9190	24969	
1362	9233	24929	
1344	9044	25128	
1353	9095	25152	
1358	9235	25025	
1365	9305	24939	
1349	9103	25102	
1364	9313	24961	
1338	8989	25293	
1350	9132	24970	
1351	9051	25249	
1358	9202	25032	
1345	9095	25091	
1354	9199	24975	
1363	9288	24936	
1355	9154	24988	
1353	9174	24990	
1355	9129	25136	
1355	9190	25027	
1350	9097	25186	
1360	9241	25006	
1352	9174	25033	
1344	9050	25265	
1359	9222	24951	
1350	9114	25109	
1349	9071	25002	
1356	9181	24995	
1360	9238	25090	
1351	9148	25123	
1349	9094	25045	
1336	8946	25104	
1362	9221	25004	
1349	9109	25141	
1359	9251	24922	
1347	9046	25026	
1350	9104	25120	
1360	9247	25041	
1362	9249	24991	
1358	9161	25101	
1356	9211	25063	
1355	9171	24933	
1343	9077	25118	
1352	9146	25124	
1353	9165	25092	
1340	8993	25177	
1359	9189	25149	
1345	9021	25170	
1353	9132	25074	
1346	9093	25066	
1341	9031	25258	
1359	9227	24980	
1350	9073	25166	
1353	9087	24976	
1363	9301	24928	
1357	9239	25011	
1347	9061	25138	
1355	9158	25121	
1366	9305	24994	
1360	9251	25070	
1352	9127	25131	
1356	9158	25157	
1361	9248	24990	
1357	9201	24959	
1361	9223	25089	
1348	9102	25202	
1347	9021	25177	
1353	9130	25077	
1347	9076	25071	
1352	9161	25077	
1344	9058	25121	
1358	9252	24923	
1354	9087	25228	
1351	9034	25179	
1346	9122	24935	
1362	9215	24995	
1356	9202	25079	
1347	9112	25087	
1360	9305	24964	
1352	9104	25045	
1350	9085	25206	
1368	9323	24864	
1352	9132	25030	
1358	9187	25015	
1358	9192	24898	
1346	9041	25188	
1338	8915	25331	
1356	9149	24970	
1358	9207	25052	
1353	9146	25088	
1346	9099	25131	
1349	9058	25183	
1341	8996	25243	
1359	9247	25111	
1352	9111	25241	
1347	9111	25121	
1348	9128	25077	
1346	9074	25165	
1349	9101	25112	
1348	9064	25087	
1351	9147	25160	
1355	9148	25008	
1347	9085	25256	
1360	9173	24978	
1349	9121	25228	
1351	9155	25099	
1358	9204	24926	
1349	9055	25230	
1367	9333	24916	
1353	9110	25051	
1355	9195	25031	
1345	9071	25026	
1355	9187	24960	
1346	9038	25216	
1341	9002	25270	
1353	9133	25102	
1357	9175	25010	
1353	9140	25052	
1352	9184	25066	
1345	9031	25126	
1354	9160	25026	
1353	9142	25043	
1349	9080	25135	
1357	9205	25056	
1349	9090	25061	
1347	9078	25225	
1347	9129	25062	
1344	9060	25178	
1354	9169	25008	
1355	9216	25120	
1363	9294	24983	
1356	9198	24930	
1345	9046	25219	
1351	9111	25073	
1353	9146	24989	
1358	9222	24833	
1348	9044	25114	
1345	9044	25102	
1348	9097	25163	
1352	9088	25135	
1346	9008	25204	
1345	9023	25197	
1343	9059	25168	
1360	9274	24912	
1354	9113	25190	
1354	9143	25027	
1339	8980	25114	
1356	9258	25050	
1357	9184	24905	
1355	9136	24976	
1358	9206	25066	
1344	9043	25090	
1341	9009	25224	
1358	9171	25001	
1344	9011	25152	
1358	9202	24940	
1359	9222	25043	
1353	9176	25030	
1350	9131	25047	
1351	9115	25101	
1339	9138	25088	
1345	9052	25119	
1352	9146	25071	
1346	9079	25130	
1360	9233	25016	
1365	9222	24968	
1351	9152	25083	
1349	9114	25248	
1341	8980	25183	
1362	9282	24918	
1345	9034	25095	
1353	9154	25046	
1361	9277	25091	
1358	9167	25094	
1351	9106	25011	
1360	9282	25015	
1353	9185	25050	
1348	9082	25116	
1343	8977	25219	
1340	8955	25222	
1337	9206	24974	
1346	9018	25233	
1354	9181	25073	
1357	9200	24969	
1350	9088	24993	
1350	9179	25033	
1356	9198	25088	
1355	9178	25002	
1351	9100	25134	
1355	9173	25051	
1346	9012	25171	
1350	9127	25035	
1355	9192	24912	
1357	9202	24933	
1351	9062	25086	
1355	9177	25104	
1356	9160	25032	
1350	9176	25015	
1348	9079	25048	
1354	9182	24949	
1351	9076	25109	
1356	9206	25012	
1347	9099	24989	
1345	9070	25234	
1353	9146	25061	
1346	9053	25208	
1349	9144	24982	
1361	9264	24985	
1356	9210	25060	
1362	9205	25108	
1338	8997	25234	
1343	8985	25345	
1357	9209	25048	
1338	8999	25172	
1357	9180	25071	
1355	9161	25052	
1351	9129	25102	
1362	9234	25077	
1361	9194	24920	
1358	9193	24995	
1358	9212	25075	
1348	9119	25032	
1352	9163	25002	
1341	9022	25257	
1345	9047	25127	
1352	9107	25139	
1358	9244	25023	
1364	9354	24845	
1358	9157	25045	
1345	9041	25198	
1352	9151	25019	
1363	9214	24976	
1350	9177	24970	
1363	9262	25050	
1365	9240	24997	
1339	9041	25217	
1344	9090	25122	
1356	9142	24999	
1344	9017	25182	
1349	9116	25128	
1354	9145	25086	
1366	9305	24835	
1358	9177	24969	
1355	9177	25081	
1351	9151	24981	
1352	9154	25051	
1348	9100	25074	
1354	9194	25036	
1348	9080	25101	
1348	9049	25213	
1350	9068	25103	
1359	9195	24960	
1348	9129	25141	
1362	9286	25086	
1349	9086	25118	
1355	9172	25104	
1350	9133	25054	
1352	9170	25062	
1353	9183	25009	
1349	9069	25142	
1351	9149	25051	
1349	9086	25142	
1355	9220	25034	
1350	9143	25022	
1355	9215	25026	
1356	9176	25076	
1346	9105	25134	
1346	9060	25178	
1343	8975	25266	
1355	9199	25176	
1360	9251	25041	
1358	9244	24924	
1360	9237	25123	
1355	9187	25002	
1347	9087	25188	
1349	9108	25126	
1352	9124	25005	
1368	9355	25019	
1353	9119	25034	
1345	9069	25127	
1344	9027	25095	
1350	9080	25179	
1358	9151	25012	
1343	9036	25062	
1351	9119	25117	
1342	8982	25274	
1343	9003	25066	
1344	9032	25151	
1357	9207	24917	
1351	9129	25107	
1346	9058	25175	
1343	9061	25269	
1354	9181	25067	
1360	9262	25004	
1352	9144	25066	
1349	9101	25119	
1364	9248	24907	
1359	9223	24994	
1320	9107	25169	
1352	9173	25019	
1344	8998	25181	
1352	9163	25045	
1354	9113	25113	
1353	9151	25093	
1354	9154	25198	
1355	9203	25011	
1351	9149	25131	
1359	9254	25124	
1349	9128	25093	
1360	9251	24867	
1358	9196	25026	
1353	9144	25068	
1353	9177	24940	
1350	9139	25094	
1363	9259	24982	
1365	9275	24937	
1350	9110	25120	
1359	9255	25102	
1342	8991	25201	
1345	9021	25180	
1345	9045	25231	
1364	9282	25007	
1351	9105	25029	
1355	9177	25154	
1358	9195	24983	
1346	9078	25214	
1355	9169	25116	
1366	9245	24875	
1347	9116	25148	
1354	9127	25095	
1349	9132	25023	
1351	9110	25219	
1348	9069	25104	
1352	9199	24934	
1344	9027	25187	
1348	9083	25213	
1353	9185	24935	
1346	9016	25194	
1346	9038	25087	
1352	9126	25112	
1364	9299	24976	
1344	8990	25224	
1354	9154	24800	
1350	9114	25238	
1363	9230	24990	
1355	9205	24890	
1342	9033	25164	
1341	8985	25231	
1343	9003	25309	
1356	9173	24933	
1357	9163	25155	
1352	9119	25162	
1350	9109	24974	
1349	9072	25230	
1345	9034	25099	
1349	9159	24969	
1346	9072	25163	
1350	9113	25083	
1349	9073	25130	
1359	9226	24974	
1350	9045	25179	
1355	9172	25138	
1355	9207	25021	
1352	9155	25064	
1357	9177	25053	
1354	9182	25064	
1353	9206	25012	
1342	9069	25219	
1362	9242	25023	
1348	9039	25053	
1358	9192	25211	
1359	9215	24959	
1347	9060	25297	
1356	9194	25075	
1352	9129	25049	
1342	9055	25150	
1356	9183	25039	
1351	9149	25014	
1361	9267	24993	
1345	9083	25179	
1338	8966	25180	
1349	9155	25065	
1343	9039	25057	
1363	9291	24932	
1348	9061	25112	
1349	9062	24998	
1361	9220	25005	
1359	9121	25196	
1351	9144	25064	
1362	9284	24792	
1358	9190	25044	
1343	9100	25106	
1361	9256	24976	
1354	9170	25083	
1357	9149	25126	
1346	9056	25080	
1344	9031	25143	
1337	8941	25204	
1359	9196	25122	
1356	9203	24889	
1360	9222	25058	
1337	8943	25247	
1357	9195	25074	
1351	9164	25144	
1348	9106	25151	
1347	9092	25051	
1354	9157	25045	
1361	9216	25023	
1348	9065	25106	
1345	9018	25153	
1355	9154	25110	
1341	8974	25187	
1358	9224	25046	
1344	9037	25183	
1351	9130	25195	
1337	8955	25202	
1348	9046	25147	
1353	9129	25105	
1351	9083	25085	
1346	9037	25263	
1352	9142	25154	
1347	9113	25162	
1336	8972	25224	
1354	9147	25038	
1362	9256	25046	
1356	9172	25028	
1355	9176	25074	
1357	9188	25035	
1362	9269	25041	
1344	9067	25254	
1360	9317	24938	
1353	9133	25133	
1347	9078	25165	
1349	9151	24894	
1354	9187	25027	
1349	9075	25144	
1347	9028	25177	
1350	9101	25100	
1347	9069	25204	
1366	9324	24903	
1351	9115	25092	
1345	9062	25263	
1349	9106	25087	
1353	9175	25004	
1358	9237	25003	
1345	9036	25075	
1355	9170	25093	
1364	9276	24890	
1349	9043	25089	
1353	9131	25125	
1349	9113	25078	
1363	9269	24896	
1346	9049	25052	
1360	9230	25017	
1354	9167	25003	
1348	9086	25072	
1353	9125	25005	
1357	9130	25165	
1361	9255	24857	
1346	9066	25191	
1352	9176	25087	
1345	9081	25165	
1361	9223	25094	
1350	9124	25062	
1355	9174	25132	
1352	9230	24976	
1359	9231	25092	
1360	9198	25069	
1350	9126	25136	
1359	9191	25033	
1354	9122	24966	
1348	9087	24989	
1348	9082	25038	
1358	9232	25074	
1363	9216	25051	
1354	9185	25016	
1351	9167	24984	
1351	9122	25150	
1360	9256	24981	
1350	9108	24966	
1356	9162	25037	
1356	9157	25014	
1358	9192	25106	
1341	9016	25189	
1347	9118	25028	
1357	9220	25014	
1356	9132	25077	
1356	9156	24990	
1355	9179	24960	
1343	9020	25207	
1360	9197	24998	
1358	9228	25126	
1352	9124	25058	
1356	9197	25062	
1351	9122	25029	
1347	9037	25215	
1343	9072	25067	
1356	9159	25032	
1350	9129	25202	
1347	9050	25136	
1348	9046	25107	
1343	9040	25289	
1353	9099	25122	
1353	9144	25089	
1353	9173	25064	
1347	9128	25008	
1356	9194	25020	
1354	9194	25045	
1358	9191	25070	
1353	9121	25084	
1360	9216	24948	
1360	9224	25029	
1359	9216	25010	
1351	9120	24986	
1351	9052	25197	
1354	9167	24995	
1354	9187	25032	
1349	9124	25110	
1347	9134	25105	
1342	9032	25180	
1357	9229	24860	
1353	9176	25018	
1351	9175	25026	
1359	9212	25106	
1348	9053	25120	
1351	9129	25029	
1341	8950	25339	
1357	9235	25045	
1349	9098	25115	
1351	9162	25105	
1348	9056	25111	
1351	9166	25067	
1340	8976	25162	
1349	9062	25161	
1354	9196	25034	
1359	9228	25003	
1357	9227	24973	
1354	9113	25173	
1344	9064	25160	
1345	9122	25077	
1352	9197	25136	
1359	9243	24961	
1354	9203	25008	
1350	9108	25021	
1356	9192	25033	
1361	9204	24915	
1355	9137	25032	
1358	9182	24925	
1356	9188	25022	
1357	9228	25175	
1353	9135	25031	
1350	9144	25087	
1345	8993	25252	
1359	9200	25059	
1358	9162	25134	
1354	9157	25097	
1353	9148	24997	
1352	9122	25048	
1344	9017	25113	
1358	9170	24981	
1364	9299	25022	
1341	9016	25182	
1343	9035	25205	
1351	9083	25122	
1348	9092	25110	
1344	9031	25056	
1342	9019	25152	
1358	9228	25056	
1351	9135	25058	
1361	9241	25071	
1351	9124	25036	
1346	9053	25193	
1359	9189	25055	
1345	9025	25129	
1359	9228	25044	
1357	9213	24994	
1353	9165	25181	
1358	9214	25106	
1350	9101	25098	
1344	9043	25090	
1354	9145	24992	
1356	9230	25084	
1355	9147	25006	
1347	9230	24956	
1354	9238	24941	
1358	9156	25035	
1355	9216	24965	
1355	9201	24971	
1360	9234	24901	
1357	9114	25081	
1361	9256	24997	
1351	9090	25002	
1337	8951	25262	
1352	9133	25156	
1349	9087	25031	
1346	9118	25078	
1344	9011	25266	
1358	9238	24941	
1353	9174	25047	
1368	9356	24959	
1350	9135	25114	
1348	9069	25167	
1341	9135	25096	
1354	9120	25270	
1361	9221	25090	
1346	9057	25289	
1349	9092	25068	
1359	9205	24895	
1348	9064	25117	
1347	9055	25080	
1358	9213	25033	
1355	9133	25092	
1359	9252	24947	
1362	9301	24943	
1345	9109	25110	
1355	9194	24981	
1360	9220	25129	
1355	9174	25056	
1348	9215	24988	
1360	9258	24950	
1351	9085	25123	
1351	9134	25115	
1354	9140	24962	
1349	9105	25048	
1343	9040	25164	
1356	9190	25125	
1355	9204	25029	
1344	9112	24985	
1357	9170	25063	
1348	9101	25206	
1366	9333	24914	
1349	9110	25088	
1348	9067	25217	
1333	9098	25000	
1362	9253	25069	
1351	9157	25017	
1360	9225	24993	
1351	9159	25097	
1341	9006	25103	
1345	9072	25210	
1361	9283	25012	
1355	9177	25096	
1334	8907	25344	
1354	9129	25160	
1354	9134	25024	
1363	9252	24988	
1352	9118	25118	
1339	8997	25244	
1335	8956	25301	
1348	9091	25117	
1348	9110	25183	
1347	9088	25100	
1349	9074	25024	
1354	9102	25139	
1343	8986	25212	
1366	9306	24882	
1351	9084	25136	
1361	9228	25036	
1349	9134	25021	
1352	9123	25040	
1345	9086	25136	
1349	9121	25164	
1347	9132	25148	
1352	9179	25053	
1352	9114	24954	
1359	9205	25085	
1344	9030	25007	
1355	9178	25067	
1358	9219	24854	
1346	9077	25011	
1348	9060	25066	
1363	9230	25157	
1351	9136	25137	
1363	9298	24925	
1347	9091	25080	
1352	9157	25034	
1358	9244	24926	
1349	9121	25125	
1349	9121	25035	
1350	9072	25090	
1355	9162	24967	
1361	9274	24921	
1341	9012	25289	
1356	9158	25040	
1344	9040	25163	
1368	9312	24895	
1347	9064	25227	
1356	9160	25010	
1346	9065	25159	
1350	9112	25038	
1348	9105	25132	
1352	9129	25079	
1357	9193	24987	
1347	9110	25153	
1348	9026	25228	
1356	9140	25118	
1347	9108	25074	
1342	9000	25191	
1350	9102	25200	
1354	9139	25080	
1348	9065	25172	
1354	9133	25156	
1348	9091	25197	
1344	9054	25180	
1352	9174	24967	
1353	9148	25109	
1352	9152	25038	
1348	9087	25069	
1355	9225	25029	
1346	9090	25158	
1337	9174	25043	
1349	9083	25288	
1352	9143	25119	
1346	9077	25158	
1344	9022	25162	
1328	9207	24948	
1358	9218	25161	
1362	9297	24849	
1363	9257	25044	
1347	9084	25088	
1356	9163	25038	
1346	9093	25118	
1348	9119	25117	
1363	9209	25075	
1357	9166	25044	
1352	9185	24978	
1339	8946	25217	
1349	9107	25235	
1358	9141	25021	
1361	9229	24883	
1357	9215	25078	
1355	9168	25139	
1351	9168	25031	
1357	9183	25009	
1356	9211	25044	
1360	9246	24961	
1356	9225	24997	
1350	9115	24996	
1358	9188	24932	
1342	8980	25211	
1350	9094	24998	
1353	9151	25182	
1344	9009	25198	
1358	9178	25058	
1353	9168	25161	
1341	9018	25186	
1358	9265	25065	
1360	9240	24978	
1341	9033	25196	
1346	9037	25247	
1358	9213	25142	
1330	9060	25110	
1355	9180	25139	
1350	9089	24963	
1341	9028	25117	
1358	9212	25153	
1355	9202	25120	
1352	9131	25104	
1353	9164	25129	
1356	9215	25073	
1363	9283	25012	
1349	9074	25030	
1345	9009	25130	
1347	9065	25034	
1349	9112	25186	
1349	9151	25021	
1340	9014	25143	
1343	9042	25060	
1358	9210	25121	
1350	9085	25140	
1351	9109	25064	
1341	8977	25243	
1360	9241	25017	
1347	9101	25106	
1358	9189	24934	
1354	9223	24969	
1352	9120	25195	
1354	9211	24982	
1355	9224	24975	
1361	9261	25072	
1349	9087	25147	
1349	9085	25131	
1359	9210	24924	
1365	9330	24936	
1339	9023	25171	
1352	9138	25028	
1341	8976	25182	
1349	9093	25116	
1333	8883	25269	
1351	9058	25094	
1358	9197	25014	
1337	8980	25207	
1347	9064	25087	
1347	9042	25201	
1354	9163	25000	
1344	8999	25182	
1346	9011	25220	
1357	9136	25068	
1363	9299	24903	
1353	9159	25082	
1355	9203	25114	
1363	9271	24964	
1360	9217	25143	
1362	9223	24921	
1347	9105	25054	
1353	9155	24997	
1348	9075	25102	
1353	9168	25050	
1348	9143	25049	
1338	8976	25202	
1354	9132	25001	
1354	9152	24922	
1354	9164	25017	
1351	9125	25102	
1343	9044	25220	
1340	8972	25237	
1362	9274	24971	
1361	9258	24903	
1343	9040	25017	
1354	9127	25207	
1345	9042	25228	
1352	9132	24917	
1346	9038	25167	
1356	9177	25213	
1346	9017	25266	
1370	9378	24923	
1349	9123	25079	
1351	9078	25179	
1353	9144	25037	
1360	9232	25040	
1357	9182	25027	
1343	8973	25157	
1346	9065	25134	
1355	9177	25231	
1357	9186	24957	
1353	9167	25186	
1358	9184	25050	
1358	9160	25128	
1360	9243	24987	
1359	9275	24889	
1357	9149	25034	
1354	9191	24907	
1339	8920	25236	
1357	9193	24911	
1355	9233	24977	
1351	9163	24957	
1350	9091	25075	
1336	9142	25112	
1342	9046	25097	
1372	9371	24882	
1346	9039	25121	
1340	8987	25209	
1353	9123	25038	
1350	9123	25178	
1356	9171	25014	
1368	9320	24937	
1354	9208	25002	
1338	9055	25220	
1349	9110	25077	
1336	8946	25253	
1347	9092	25121	
1344	9023	25212	
1335	8921	25205	
1349	9105	25190	
1358	9248	25065	
1353	9149	25066	
1354	9164	25121	
1351	9109	25071	
1347	9067	25166	
1353	9114	25182	
1353	9157	25022	
1353	9142	25167	
1353	9134	25031	
1349	9101	25025	
1357	9142	25188	
1340	8994	25273	
1349	9100	25112	
1354	9207	25063	
1348	9119	25052	
1358	9214	24935	
1351	9129	25044	
1358	9168	25098	
1351	9102	24995	
1350	9089	25174	
1352	9113	25038	
1349	9089	25173	
1344	8989	25293	
1353	9149	25129	
1352	9122	25121	
1365	9233	24887	
1360	9277	24962	
1345	9042	25242	
1351	9113	25095	
1353	9128	25061	
1357	9140	25139	
1344	8992	25164	
1344	9070	25165	
1358	9196	24970	
1343	8986	25213	
1349	9085	25161	
1352	9138	25219	
1354	9130	25099	
1356	9158	25108	
1356	9175	25158	
1354	9145	25090	
1363	9262	24999	
1344	9069	25122	
1356	9212	25045	
1360	9206	25063	
1347	9058	25153	
1359	9211	25071	
1341	8984	25272	
1352	9126	25101	
1360	9241	25048	
1354	9156	24999	
1341	8962	25228	
1357	9205	24868	
1349	9080	25113	
1347	9040	25271	
1370	9351	24909	
1350	9124	25105	
1343	9138	25105	
1364	9316	24860	
1354	9170	25132	
1350	9163	25084	
1345	9013	25257	
1363	9306	24949	
1345	9055	25113	
1350	9134	25024	
1359	9273	24817	
1360	9264	24958	
1340	8911	25269	
1339	8988	25221	
1358	9175	25050	
1342	9014	25184	
1364	9303	24994	
1350	9152	25043	
1356	9233	24981	
1338	8940	25255	
1351	9156	25163	
1364	9292	24845	
1354	9109	25128	
1339	8963	25266	
1368	9290	24887	
1358	9251	25093	
1353	9121	25108	
1353	9122	24947	
1345	9093	25176	
1362	9211	24946	
1344	8991	25150	
1351	9070	25000	
1358	9183	25012	
1354	9187	24927	
1360	9202	25062	
1343	9040	25093	
1346	9047	25183	
1363	9266	25035	
1344	9038	25174	
1356	9155	25092	
1352	9190	25068	
1363	9265	24974	
1357	9186	25026	
1364	9271	24990	
1352	9156	25141	
1349	9090	25139	
1356	9214	25049	
1353	9162	25038	
1344	9046	25190	
1358	9214	25041	
1356	9192	25015	
1351	9097	25078	
1356	9181	25127	
1353	9150	25168	
1352	9157	25004	
1357	9205	25010	
1363	9238	24951	
1366	9283	24939	
1354	9225	25106	
1366	9281	24998	
1347	9053	25196	
1349	9140	25103	
1364	9295	25017	
1363	9284	24984	
1357	9199	25078	
1345	9056	25147	
1366	9303	24871	
1352	9130	25066	
1347	9171	25040	
1350	9110	25216	
1357	9183	25088	
1361	9285	24875	
1347	9039	25185	
1350	9126	25083	
1348	9071	25201	
1350	9067	25073	
1359	9254	24952	
1354	9115	25196	
1356	9208	25036	
1358	9206	25008	
1345	9047	25071	
1348	9105	25111	
1353	9155	25006	
1337	8947	25283	
1361	9281	25029	
1353	9125	25153	
1358	9208	25065	
1350	9122	25161	
1356	9181	25012	
1349	9094	25018	
1352	9153	25074	
1353	9126	25184	
1357	9196	25078	
1366	9253	25106	
1359	9231	24985	
1347	9060	25043	
1350	9103	25154	
1354	9138	25075	
1344	9042	25229	
1352	9162	25099	
1353	9165	25032	
1355	9154	25155	
1351	9089	25259	
1345	9043	25224	
1358	9175	25103	
1352	9152	25017	
1356	9194	25088	
1355	9184	25054	
1348	9075	25088	
1338	8978	25127	
1346	9130	25073	
1354	9162	25042	
1354	9226	25067	
1349	9112	25114	
1352	9138	25019	
1347	9039	25199	
1350	9083	25206	
1348	9094	25170	
1367	9313	24924	
1354	9193	24988	
1349	9101	25073	
1365	9260	24975	
1356	9187	25067	
1347	9055	25006	
1354	9156	25092	
1354	9139	24970	
1359	9222	24953	
1355	9149	25014	
1367	9273	25055	
1354	9162	25051	
1346	9049	25064	
1360	9220	25061	
1335	8939	25308	
1360	9239	25050	
1349	9107	25185	
1353	9125	24987	
1354	9161	24993	
1354	9174	24917	
1345	9060	25075	
1341	9026	25192	
1354	9232	25069	
1355	9209	25050	
1355	9154	25032	
1355	9198	24986	
1353	9126	25050	
1353	9131	25058	
1356	9164	25050	
1363	9283	24898	
1353	9121	25230	
1350	9091	25180	
1363	9265	24856	
1359	9212	24945	
1341	9044	25229	
1350	9075	25068	
1364	9264	24902	
1348	9095	25022	
1362	9246	24987	
1356	9216	25024	
1360	9242	25034	
1357	9187	24929	
1354	9157	25097	
1349	9100	25060	
1353	9197	25012	
1362	9301	25020	
1356	9195	24945	
1366	9334	24926	
1341	9009	25249	
1366	9264	25137	
1356	9201	25101	
1343	9038	25275	
1351	9113	25206	
1347	9093	25242	
1356	9170	25120	
1349	9047	25214	
1361	9269	25060	
1359	9203	24963	
1343	9055	25130	
1347	9065	25214	
1350	9106	25158	
1357	9190	25130	
1362	9278	24965	
1368	9339	24946	
1352	9130	25089	
1357	9120	25082	
1352	9187	24986	
1352	9135	25034	
1357	9200	25044	
1349	9148	25023	
1359	9277	24949	
1361	9240	24981	
1343	9060	25204	
1352	9137	24990	
1354	9104	25084	
1352	9110	25103	
1343	8960	25133	
1361	9226	25022	
1339	8986	25216	
1347	9073	25164	
1356	9209	25084	
1343	9108	25131	
1344	9013	25229	
1352	9137	25019	
1353	9185	25116	
1359	9220	24946	
1356	9158	25007	
1336	8961	25167	
1344	9039	25052	
1351	9127	25224	
1362	9262	24938	
1353	9166	25058	
1354	9198	25075	
1361	9240	24892	
1349	9078	25072	
1351	9161	24947	
1343	9056	25079	
1358	9205	25038	
1358	9200	25020	
1336	8920	25255	
1347	9116	25158	
1353	9120	25144	
1355	9135	25055	
1358	9127	25118	
1353	9145	25014	
1349	9153	25123	
1344	9004	25147	
1353	9163	25086	
1350	9089	25128	
1347	9084	25223	
1359	9202	25006	
1350	9113	25120	
1348	9091	25117	
1352	9175	25212	
1360	9237	25028	
1357	9163	25100	
1351	9097	25123	
1351	9128	25093	
1351	9101	25099	
1355	9181	24991	
1351	9092	25090	
1349	9108	25105	
1345	9054	25170	
1349	9078	25194	
1348	9115	25081	
1352	9145	25045	
1352	9138	25085	
1350	9106	25106	
1362	9224	24969	
1363	9244	24870	
1354	9146	25080	
1339	8958	25210	
1351	9142	25168	
1346	9086	25093	
1351	9128	25041	
1357	9205	25079	
1360	9229	24985	
1352	9092	25165	
1355	9191	25126	
1348	9122	25192	
1348	9103	25090	
1353	9142	25105	
1350	9106	25165	
1351	9092	25158	
1353	9161	24969	
1355	9135	24955	
1354	9123	25016	
1358	9196	25008	
1348	9088	25180	
1343	9054	25230	
1359	9264	25093	
1358	9178	25103	
1357	9205	24972	
1356	9214	25101	
1358	9167	25054	
1352	9139	25237	
1354	9128	25155	
1352	9076	25133	
1363	9238	24954	
1356	9164	25035	
1350	9088	25082	
1361	9238	24987	
1357	9182	25165	
1349	9093	25165	
1362	9299	24934	
1357	9190	25018	
1356	9185	25046	
1353	9151	25003	
1355	9202	25073	
1350	9144	25152	
1342	9065	25087	
1356	9178	25027	
1345	9029	25115	
1339	8983	25197	
1336	8963	25236	
1349	9062	25210	
1344	9057	25059	
1361	9214	24972	
1345	9051	25255	
1349	9096	25186	
1361	9241	25064	
1347	9091	25030	
1354	9204	25007	
1338	8997	25260	
1350	9142	25055	
1341	9010	25201	
1342	9066	25099	
1348	9105	25109	
1355	9172	25093	
1346	9072	25076	
1340	9036	25182	
1359	9212	24964	
1353	9155	25059	
1356	9181	25073	
1349	9035	25124	
1359	9194	25003	
1353	9214	25041	
1356	9216	25025	
1351	9153	24988	
1347	9083	25072	
1359	9174	25067	
1366	9304	24868	
1351	9058	25203	
1361	9235	24962	
1356	9193	24984	
1350	9102	25091	
1343	9050	25103	
1353	9157	25143	
1348	9085	25117	
1351	9149	25118	
1344	9068	25144	
1331	8949	25215	
1351	9130	25002	
1354	9193	24970	
1352	9152	24999	
1352	9116	25095	
1350	9129	25074	
1356	9188	25018	
1354	9151	25119	
1353	9140	25059	
1360	9287	25037	
1346	9081	25192	
1347	9080	25133	
1354	9165	25083	
1344	9019	25233	
1361	9283	24955	
1345	8981	25188	
1345	9100	25023	
1358	9192	25087	
1363	9250	24936	
1364	9280	24982	
1352	9106	25048	
1356	9200	24897	
1346	9060	25093	
1352	9205	24941	
1347	9111	25101	
1349	9124	25082	
1357	9206	25032	
1353	9124	25138	
1343	9045	25159	
1355	9175	25079	
1349	9155	25115	
1351	9076	25212	
1356	9144	25116	
1348	9146	25018	
1343	9004	25272	
1362	9296	24942	
1352	9129	25095	
1349	9143	25172	
1350	9075	25129	
1358	9223	25096	
1349	9071	25150	
1356	9114	25128	
1339	8949	25289	
1355	9117	25041	
1344	9053	24981	
1343	9052	25156	
1358	9227	25033	
1360	9228	25042	
1355	9152	25087	
1364	9226	25109	
1359	9260	24979	
1349	9125	25137	
1353	9159	25113	
1352	9145	25116	
1355	9157	25146	
1349	9144	25122	
1358	9223	25065	
1353	9177	25087	
1350	9125	25159	
1348	9068	25179	
1352	9120	25075	
1354	9132	25019	
1347	8997	25255	
1348	9123	25218	
1347	9038	25074	
1347	9051	25140	
1349	9117	25173	
1352	9158	25018	
1356	9203	24983	
1353	9142	25058	
1346	9094	25144	
1347	9072	25070	
1337	8988	25320	
1352	9146	25064	
1354	9206	25071	
1349	9065	25038	
1347	9108	25102	
1353	9162	25098	
1362	9247	25076	
1348	9078	25148	
1353	9094	25137	
1349	9093	25089	
1350	9138	25117	
1350	9140	25053	
1363	9259	24945	
1356	9196	25040	
1369	9360	24904	
1357	9193	24969	
1357	9254	25032	
1351	9084	25091	
1345	9029	25081	
1347	9072	25041	
1351	9120	25088	
1351	9125	25112	
1346	9049	25190	
1347	9121	25125	
1333	8939	25414	
1340	9037	25078	
1342	8975	25236	
1350	9103	25106	
1340	9000	25279	
1351	9147	24977	
1364	9305	24865	
1351	9071	25185	
1345	9087	25121	
1359	9215	24998	
1344	9086	25234	
1356	9178	25135	
1358	9177	24956	
1364	9298	24902	
1346	9054	25105	
1355	9218	25003	
1358	9199	25011	
1364	9333	24986	
1344	9044	25189	
1354	9137	25115	
1354	9200	24995	
1342	8982	25192	
1345	9040	25244	
1353	9174	25181	
1349	9093	25153	
1360	9269	24886	
1342	9015	25131	
1361	9251	24863	
1356	9173	24937	
1349	9062	25164	
1348	9137	25092	
1360	9230	24963	
1351	9085	25111	
1350	9166	24940	
1346	9118	25036	
1352	9118	25112	
1351	9105	25099	
1352	9181	25181	
1357	9142	25150	
1357	9130	25117	
1355	9155	25134	
1337	8984	25320	
1344	9055	25082	
1350	9119	25247	
1354	9151	25092	
1349	9104	25067	
1353	9109	25089	
1346	9112	25128	
1359	9248	24826	
1344	9061	25196	
1356	9162	25008	
1358	9191	25000	
1349	9118	25020	
1343	9050	25075	
1358	9198	25016	
1360	9278	24903	
1345	9061	25062	
1357	9180	25074	
1352	9148	25134	
1360	9236	24936	
1352	9133	24999	
1356	9220	24972	
1360	9253	24972	
1355	9184	25007	
1354	9130	25146	
1353	9154	24975	
1348	9050	25245	
1354	9153	25104	
1344	9052	25174	
1356	9176	25075	
1364	9264	25066	
1350	9122	25057	
1358	9255	24907	
1349	9103	25072	
1346	9039	25183	
1357	9179	24937	
1349	9129	25156	
1348	9092	25240	
1356	9113	25033	
1352	9094	25175	
1350	9127	25174	
1358	9226	25014	
1353	9143	25091	
1351	9092	25160	
1353	9106	25122	
1343	9043	25122	
1347	9033	25183	
1355	9189	25065	
1358	9211	24973	
1349	9080	25079	
1354	9154	25077	
1347	9131	25083	
1336	8913	25284	
1360	9230	25029	
1345	9042	25294	
1351	9111	24959	
1342	9051	25063	
1350	9095	25076	
1350	9118	24982	
1356	9159	25073	
1354	9132	25247	
1353	9153	25183	
1340	8944	25111	
1358	9164	25084	
1348	9134	25041	
1359	9249	24912	
1348	9083	25083	
1358	9211	24973	
1363	9285	24978	
1357	9205	24951	
1363	9274	25012	
1350	9099	25172	
1344	9048	25107	
1360	9214	25000	
1351	9127	25241	
1342	8990	25219	
1361	9259	24895	
1339	8921	25190	
1353	9165	25197	
1346	9056	25077	
1346	9027	25203	
1360	9224	24991	
1360	9193	25144	
1351	9138	25234	
1345	9067	25232	
1356	9120	24987	
1360	9222	24917	
1356	9163	25104	
1354	9156	25064	
1349	9108	25164	
1350	9160	25009	
1351	9078	25116	
1348	9028	25109	
1353	9184	24938	
1363	9305	24917	
1349	9104	25162	
1352	9088	25186	
1358	9234	25077	
1350	9098	25082	
1361	9235	24992	
1352	9196	25034	
1343	8995	25207	
1362	9278	24974	
1357	9180	25020	
1356	9180	25027	
1344	9035	25201	
1349	9139	25075	
1359	9188	25099	
1348	9052	25061	
1339	8991	25229	
1356	9159	25090	
1354	9166	24972	
1341	9033	25175	
1344	9036	25222	
1348	9076	25135	
1343	8975	25235	
1345	9024	25114	
1356	9166	25044	
1352	9134	24981	
1361	9277	25058	
1358	9212	24979	
1349	9166	25090	
1345	9062	25158	
1352	9133	24963	
1347	9096	25075	
1354	9171	25098	
1350	9135	25105	
1359	9211	24997	
1359	9184	25078	
1345	9086	25285	
1356	9152	25095	
1358	9206	25045	
1362	9291	24899	
1351	9124	25110	
1347	9090	25190	
1331	8868	25161	
1350	9086	25013	
1352	9113	25046	
1360	9193	25076	
1351	9115	25000	
1350	9137	25014	
1341	9020	25185	
1352	9124	25009	
1346	9053	25147	
1344	9020	25250	
1337	8904	25194	
1350	9134	25147	
1343	9044	25138	
1354	9182	25062	
1350	9117	24956	
1343	8979	25174	
1349	9120	25096	
1352	9102	25077	
1363	9261	24892	
1347	9069	25219	
1342	9019	25176	
1360	9222	25040	
1356	9212	25119	
1350	9128	25183	
1361	9215	24966	
1347	9043	25065	
1359	9175	24990	
1347	9050	25133	
1353	9139	24988	
1349	9096	25170	
1353	9102	25068	
1357	9177	25053	
1343	9012	25171	
1358	9227	24918	
1342	8984	25146	
1353	9173	25083	
1347	9048	25242	
1347	9063	25110	
1369	9358	24766	
1354	9166	25051	
1354	9158	25035	
1341	8986	25206	
1349	9112	25134	
1359	9192	25030	
1346	9082	25253	
1352	9159	25026	
1347	9103	25039	
1349	9125	25206	
1352	9175	25088	
1349	9102	25039	
1343	9038	25179	
1345	9073	25126	
1350	9115	25270	
1354	9134	25020	
1351	9101	25184	
1354	9154	25004	
1352	9165	25005	
1354	9157	25190	
1353	9119	25125	
1354	9165	25004	
1351	9136	25124	
1352	9150	25072	
1347	9090	25281	
1347	9058	25110	
1353	9094	25054	
1357	9239	24917	
1362	9273	24897	
1349	9105	25180	
1351	9122	25128	
1351	9103	25204	
1355	9192	25086	
1355	9153	25171	
1353	9130	25110	
1347	9021	25208	
1349	9118	25067	
1351	9149	25051	
1349	9086	25079	
1362	9269	24962	
1348	9076	25093	
1362	9258	25043	
1364	9301	24962	
1350	9078	25153	
1358	9210	25061	
1354	9167	25085	
1350	9097	25017	
1346	9070	25116	
1360	9253	24966	
1341	8949	25213	
1356	9157	25115	
1345	9092	25176	
1359	9185	25083	
1341	8987	25238	
1346	9058	25237	
1357	9187	25022	
1348	9053	25190	
1359	9280	25022	
1351	9100	25014	
1352	9150	25127	
1352	9096	25187	
1351	9114	25097	
1348	9056	25192	
1351	9132	25125	
1344	9027	25218	
1350	9105	25165	
1352	9170	25005	
1350	9124	25094	
1358	9183	24973	
1359	9173	25087	
1349	9099	25057	
1350	9117	25156	
1353	9131	25079	
1352	9115	25141	
1349	9057	25203	
1349	9100	25172	
1348	9137	25150	
1367	9348	24959	
1353	9131	25170	
1342	9033	25119	
1363	9269	25033	
1345	9060	25218	
1354	9201	25063	
1351	9177	25004	
1347	9091	25082	
1345	9083	25036	
1355	9186	25095	
1359	9232	25057	
1343	9100	25084	
1360	9229	24987	
1363	9252	24951	
1364	9277	25051	
1337	8981	25219	
1344	9072	25179	
1351	9146	25092	
1360	9237	24905	
1354	9145	25071	
1358	9163	24967	
1345	9026	25316	
1349	9086	25046	
1359	9230	24881	
1357	9186	25007	
1349	9099	25224	
1353	9166	25066	
1346	9089	25073	
1350	9129	25173	
1349	9107	25134	
1350	9143	25192	
1350	9109	25047	
1349	9085	25142	
1345	9053	25133	
1339	8980	25199	
1359	9169	25055	
1348	9106	25060	
1346	9066	25077	
1356	9187	25017	
1352	9112	25178	
1352	9139	25161	
1355	9155	25073	
1342	9149	25062	
1353	9142	25078	
1356	9167	25085	
1351	9121	25097	
1354	9184	25049	
1346	9107	25012	
1344	9078	25173	
1339	8999	25165	
1347	9070	25112	
1358	9209	24992	
1352	9104	25105	
1354	9164	25060	
1347	9027	25144	
1354	9170	25159	
1355	9149	25138	
1344	9021	25172	
1344	9083	25076	
1350	9089	25158	
1344	9026	25225	
1354	9171	24980	
1354	9136	25095	
1359	9286	24969	
1347	9257	24887	
1355	9152	24912	
1359	9289	25105	
1366	9301	24973	
1353	9107	25066	
1354	9189	25108	
1355	9155	25097	
1352	9159	25033	
1347	9065	25215	
1347	9037	25226	
1363	9267	24978	
1358	9196	25173	
1344	9099	25176	
1361	9249	24866	
1350	9061	25155	
1348	9059	25122	
1337	8985	25233	
1355	9120	25048	
1351	9128	25127	
1349	9098	25010	
1353	9157	25020	
1359	9234	25020	
1360	9181	24920	
1349	9105	25062	
1349	9079	25011	
1349	9122	25020	
1352	9134	25112	
1345	9062	25066	
1355	9189	24984	
1328	9026	25204	
1368	9312	24971	
1354	9210	24926	
1352	9080	25065	
1352	9159	25121	
1359	9197	24989	
1355	9150	25121	
1356	9194	25021	
1335	9021	25275	
1341	8999	25149	
1352	9107	25022	
1346	9079	25171	
1345	9078	25179	
1355	9167	25009	
1350	9105	25134	
1345	9060	25138	
1355	9192	25010	
1357	9157	24995	
1348	9075	25137	
1347	9074	25066	
1343	8993	25171	
1348	9132	25183	
1358	9171	25059	
1344	9007	25266	
1353	9160	24995	
1343	9029	25134	
1351	9143	25090	
1358	9199	25039	
1357	9188	25064	
1349	9128	25018	
1345	9043	25143	
1344	9042	25190	
1362	9241	24875	
1350	9148	25134	
1345	9094	24956	
1348	9120	25161	
1354	9158	24987	
1360	9247	24864	
1352	9131	25134	
1352	9195	25107	
1360	9222	24914	
1355	9167	25009	
1334	8959	25249	
1346	9044	25141	
1348	9075	25199	
1348	9077	25097	
1347	9071	25124	
1344	9075	25012	
1355	9146	25121	
1355	9212	25050	
1351	9080	25131	
1362	9249	25000	
1340	8953	25242	
1345	9073	25111	
1347	9072	25239	
1340	8978	25218	
1343	9068	25131	
1345	9044	25210	
1368	9304	24979	
1349	9118	25086	
1360	9235	24963	
1361	9271	24985	
1355	9138	25063	
1356	9227	25040	
1363	9208	25111	
1350	9115	25008	
1347	9073	25117	
1340	8997	25121	
1341	9001	25206	
1356	9231	25120	
1347	9055	25159	
1349	9122	25046	
1354	9200	25098	
1345	9029	25206	
1358	9179	25077	
1352	9172	24882	
1352	9161	25016	
1356	9177	25021	
1359	9177	25004	
1363	9247	24962	
1363	9298	25040	
1354	9190	24930	
1345	9065	25154	
1341	9054	25114	
1349	9048	25150	
1351	9148	25080	
1358	9238	24979	
1358	9210	25096	
1354	9154	25016	
1355	9205	25000	
1345	9064	25117	
1353	9160	25048	
1353	9163	25010	
1347	9096	25115	
1362	9230	24982	
1361	9290	25028	
1349	9139	25063	
1355	9252	24941	
1360	9247	25059	
1348	9112	25024	
1349	9084	25183	
1356	9191	25068	
1361	9275	24926	
1357	9223	25006	
1353	9172	25166	
1356	9135	25148	
1342	9034	25188	
1356	9203	24989	
1358	9201	24964	
1350	9147	25028	
1363	9271	24915	
1357	9208	25017	
1361	9263	25050	
1345	9065	25261	
1359	9191	25029	
1345	9066	25146	
1357	9217	25004	
1341	8983	25189	
1358	9209	24932	
1355	9196	24984	
1352	9109	25111	
1354	9151	25084	
1362	9283	24937	
1351	9102	25088	
1349	9089	25117	
1361	9183	25033	
1350	9102	24984	
1352	9165	25076	
1356	9154	25040	
1352	9146	25078	
1359	9206	25100	
1351	9083	25166	
1357	9163	25164	
1350	9082	25140	
1353	9156	25167	
1343	9016	25255	
1361	9281	25042	
1352	9115	25104	
1351	9143	25070	
1360	9245	25001	
1354	9116	24991	
1351	9128	25022	
1349	9046	25198	
1347	9105	25181	
1339	9017	25214	
1351	9096	25155	
1355	9167	25023	
1349	9147	25088	
1351	9127	25126	
1347	9131	25055	
1353	9137	25054	
1355	9148	24957	
1351	9120	25058	
1352	9199	25069	
1359	9188	24973	
1349	9101	25084	
1341	9024	25075	
1361	9272	24943	
1350	9086	25196	
1348	9099	25121	
1360	9216	25143	
1350	9105	25118	
1350	9092	25185	
1354	9143	25055	
1353	9128	25016	
1352	9136	25111	
1342	9168	25081	
1336	8977	25268	
1355	9209	25001	
1345	9082	25072	
1350	9085	25113	
1359	9235	25034	
1357	9161	25048	
1348	9095	25116	
1356	9182	25173	
1352	9154	25089	
1366	9349	24843	
1349	9113	24986	
1350	9107	25134	
1343	9055	25177	
1346	9045	25231	
1358	9218	24961	
1345	9034	25142	
1354	9160	25053	
1350	9086	25079	
1355	9184	24938	
1347	9075	25180	
1360	9222	25021	
1348	9094	25118	
1362	9256	25067	
1348	9093	25217	
1348	9064	25178	
1359	9204	24993	
1364	9316	24875	
1359	9179	25056	
1349	9069	25197	
1349	9085	25050	
1355	9098	25209	
1355	9183	24991	
1353	9109	25156	
1355	9134	25013	
1351	9130	25170	
1346	9046	25180	
1346	9099	25178	
1349	9092	25117	
1337	9080	25213	
1363	9277	25086	
1369	9324	24934	
1351	9132	24971	
1342	9013	25190	
1359	9264	24935	
1359	9206	25028	
1362	9212	25083	
1363	9284	24967	
1351	9142	25120	
1360	9247	24901	
1355	9145	25057	
1357	9257	24874	
1359	9233	25000	
1357	9204	24942	
1360	9195	24974	
1350	9095	25208	
1339	9011	25155	
1344	9107	25103	
1346	9088	25059	
1356	9167	24920	
1356	9134	25014	
1354	9156	25025	
1347	9020	25213	
1356	9179	25069	
1348	9064	25147	
1358	9232	25032	
1362	9286	24881	
1353	9171	24964	
1350	9127	25131	
1347	9062	25086	
1348	9098	25156	
1358	9207	25001	
1349	9075	25092	
1358	9200	25040	
1351	9130	25036	
1360	9247	25049	
1357	9179	25091	
1357	9211	24975	
1339	8989	25189	
1346	9095	25107	
1342	9035	25107	
1363	9241	24985	
1357	9189	25048	
1343	9017	25176	
1351	9121	24976	
1348	9079	25131	
1353	9172	25010	
1361	9224	25056	
1354	9201	25055	
1345	9039	25235	
1353	9093	25173	
1347	9102	25102	
1360	9229	24983	
1353	9124	25149	
1353	9180	25031	
1347	9041	25169	
1355	9160	24898	
1356	9210	25101	
1352	9092	25127	
1353	9126	25193	
1364	9295	24941	
1348	9083	25070	
1352	9142	25140	
1348	9063	25127	
1357	9237	25071	
1347	9067	25120	
1343	9081	25249	
1351	9116	25146	
1356	9177	25034	
1357	9177	25077	
1338	8967	25234	
1354	9258	25013	
1346	9063	24999	
1356	9181	25136	
1347	9131	25094	
1367	9352	24875	
1364	9251	25041	
1354	9128	25069	
1352	9097	25037	
1354	9198	24955	
1356	9187	25083	
1350	9035	25187	
1345	9027	25133	
1356	9174	25084	
1341	8960	25132	
1351	9124	25016	
1347	9017	25210	
1348	9038	25220	
1357	9193	25007	
1341	9054	25258	
1360	9284	24974	
1371	9427	24847	
1352	9164	25041	
1352	9137	25029	
1356	9187	25061	
1340	8934	25151	
1349	9096	25131	
1343	9003	25211	
1368	9311	24826	
1354	9128	25093	
1347	9060	25110	
1353	9166	25052	
1365	9323	24865	
1342	9035	25146	
1353	9183	25093	
1351	9131	24995	
1345	9054	25180	
1363	9235	25058	
1349	9119	25088	
1352	9170	25039	
1350	9115	25007	
1345	9049	25143	
1354	9135	25158	
1361	9252	25027	
1346	9030	25141	
1346	9082	25216	
1355	9188	25019	
1367	9327	24890	
1353	9144	24989	
1348	9087	25044	
1347	9085	25033	
1359	9180	25067	
1347	9093	25067	
1349	9105	25091	
1353	9145	25093	
1359	9256	25046	
1343	8963	25157	
1356	9199	25105	
1355	9191	25114	
1354	9111	25039	
1352	9178	25046	
1359	9210	25000	
1348	9071	25128	
1356	9213	25127	
1349	9141	25086	
1355	9127	25038	
1358	9223	25070	
1347	9100	25064	
1354	9137	25121	
1351	9201	24998	
1355	9211	24917	
1347	9033	25215	
1355	9160	25122	
1348	9121	25167	
1350	9080	25076	
1347	9056	25086	
1355	9140	25085	
1352	9176	24949	
1360	9213	24934	
1349	9067	25148	
1354	9174	25049	
1364	9270	24897	
1363	9253	25092	
1346	9095	25148	
1348	9063	25098	
1355	9124	25020	
1357	9165	25092	
1332	8924	25371	
1344	9080	25154	
1359	9173	25022	
1353	9099	25110	
1344	9041	25187	
1355	9203	25046	
1356	9197	25010	
1351	9105	25204	
1350	9063	25089	
1360	9255	24856	
1357	9187	25042	
1348	9086	25237	
1350	9101	25101	
1360	9282	25013	
1361	9229	25009	
1344	9025	25174	
1347	9078	25179	
1352	9129	25111	
1348	9113	24924	
1349	9130	25079	
1360	9222	24939	
1347	9070	25127	
1347	9069	25013	
1354	9153	25029	
1365	9277	24992	
1350	9116	25133	
1342	9029	25153	
1358	9199	25014	
1346	9081	25163	
1343	9025	25137	
1357	9127	25015	
1352	9176	25059	
1346	9072	25106	
1360	9214	24916	
1345	9055	25224	
1343	9006	25189	
1363	9275	24991	
1353	9161	25092	
1354	9132	25151	
1349	9043	25126	
1354	9169	25044	
1354	9157	24922	
1356	9205	25037	
1349	9105	25127	
1349	9118	25153	
1347	9082	25186	
1349	9147	25086	
1353	9130	25093	
1343	8948	25220	
1353	9120	25095	
1344	9068	25187	
1354	9151	25016	
1345	9066	25140	
1347	9100	25153	
1349	9116	25215	
1363	9184	25011	
1350	9141	25187	
1355	9158	25005	
1351	9100	25091	
1345	9008	25205	
1336	8905	25236	
1352	9186	24967	
1352	9267	25007	
1348	9101	25088	
1350	9113	25031	
1348	9059	25117	
1352	9094	25050	
1343	9015	25124	
1359	9232	24941	
1351	9105	25179	
1346	9034	25160	
1359	9256	24938	
1346	9087	25086	
1357	9190	24969	
1348	9050	25133	
1358	9225	24981	
1343	9012	25226	
1348	9174	25033	
1350	9138	25125	
1352	9143	25044	
1344	9078	25269	
1345	9055	25046	
1357	9242	24944	
1352	9131	25183	
1364	9271	24937	
1345	9024	25194	
1356	9180	25086	
1347	9093	25136	
1356	9181	25091	
1356	9185	25066	
1359	9266	24845	
1361	9198	25107	
1365	9309	24810	
1345	9026	25069	
1360	9244	25101	
1342	8975	25138	
1351	9095	24983	
1354	9101	25140	
1341	9133	25195	
1343	9039	25099	
1361	9257	25032	
1345	9038	25124	
1355	9188	25015	
1350	9151	25053	
1353	9139	24979	
1352	9138	25076	
1357	9248	24965	
1352	9193	25060	
1346	9047	25246	
1361	9295	24906	
1351	9134	25142	
1353	9130	25114	
1350	9117	25123	
1354	9151	25139	
1358	9203	25057	
1358	9178	25107	
1348	9068	25272	
1359	9214	25002	
1347	9062	25167	
1355	9191	25077	
1358	9208	25169	
1345	9051	25117	
1358	9236	24988	
1358	9223	24999	
1357	9202	24956	
1344	9008	25207	
1344	9092	25076	
1369	9369	24839	
1349	9116	25060	
1344	9036	25140	
1355	9165	25123	
1348	9085	24994	
1356	9142	25024	
1353	9149	24936	
1353	9153	25129	
1347	9077	25122	
1355	9168	24964	
1351	9126	25102	
1365	9337	24937	
1354	9170	24950	
1351	9128	25098	
1348	9109	25059	
1348	9024	25229	
1356	9183	25068	
1349	9130	24990	
1345	9040	25186	
1350	9040	25072	
1353	9151	25054	
1352	9139	25172	
1353	9170	24994	
1366	9325	24957	
1349	9094	25142	
1354	9088	25022	
1346	9017	25202	
1350	9080	25177	
1363	9285	24953	
1355	9147	25062	
1347	9053	25135	
1334	8919	25217	
1352	9142	25119	
1349	9088	25112	
1359	9172	25098	
1339	9031	25120	
1356	9181	25110	
1354	9175	25148	
1351	9128	25046	
1342	8953	25340	
1351	9161	25034	
1358	9207	25116	
1351	9084	25174	
1354	9185	25091	
1370	9362	24984	
1351	9154	25213	
1354	9134	25034	
1349	9108	25022	
1354	9170	25111	
1364	9262	24942	
1344	9029	25070	
1343	9025	25157	
1352	9146	25063	
1355	9183	25003	
1347	9093	24994	
1347	9035	25243	
1351	9092	25107	
1348	9136	25018	
1351	9095	25013	
1361	9250	25012	
1353	9168	25067	
1353	9170	24972	
1342	9016	25162	
1346	9097	25155	
1351	9115	25015	
1345	9034	25227	
1353	9137	25069	
1331	8887	25364	
1353	9140	25047	
1349	9056	25115	
1358	9188	25055	
1352	9164	25019	
1361	9231	24971	
1355	9190	25037	
1340	8981	25197	
1362	9242	24959	
1355	9183	25003	
1337	8932	25198	
1369	9349	24789	
1355	9161	25045	
1350	9100	25176	
1348	9137	25131	
1348	9088	25191	
1353	9173	25131	
1346	9082	25129	
1338	8996	25261	
1344	9030	25252	
1352	9151	25072	
1351	9135	25107	
1347	9063	25222	
1349	9123	25130	
1353	9158	24941	
1353	9156	25117	
1351	9087	25121	
1357	9197	25034	
1350	9117	25094	
1354	9184	25082	
1353	9115	25163	
1339	8944	25277	
1347	9054	25121	
1365	9268	24911	
1355	9170	25116	
1356	9193	25015	
1347	9089	25091	
1376	9406	24928	
1352	9176	24964	
1355	9146	25162	
1362	9240	25021	
1355	9195	25111	
1346	9048	25139	
1349	9085	25233	
1341	9018	25082	
1352	9162	25005	
1368	9396	24939	
1349	9077	25100	
1360	9217	25057	
1343	9016	25088	
1345	9032	25213	
1352	9114	25118	
1352	9142	25157	
1354	9154	25141	
1357	9213	24994	
1344	9078	25127	
1364	9314	24999	
1345	9050	25118	
1349	9113	25180	
1347	9118	25096	
1350	9070	25156	
1348	9101	25111	
1349	9104	25060	
1335	8877	25291	
1354	9140	25019	
1359	9219	25001	
1357	9212	24968	
1335	8894	25326	
1364	9216	25066	
1360	9234	24975	
1345	9087	25120	
1351	9131	25054	
1362	9225	24964	
1348	9042	25257	
1355	9208	25005	
1364	9340	24866	
1341	9019	25232	
1353	9147	24992	
1357	9210	25043	
1348	9087	24974	
1354	9211	25063	
1350	9088	25127	
1352	9149	25057	
1363	9198	24976	
1346	9070	25127	
1338	9000	24998	
1359	9210	25135	
1353	9163	25050	
1351	9150	25023	
1359	9179	25031	
1361	9263	24983	
1343	9010	25237	
1356	9151	25102	
1340	8986	25161	
1343	9024	25147	
1359	9215	25028	
1360	9261	25030	
1352	9144	25069	
1356	9171	25062	
1352	9181	25099	
1352	9140	25305	
1353	9117	25097	
1364	9292	24941	
1368	9325	24984	
1351	9158	25075	
1359	9189	25142	
1361	9237	25063	
1349	9134	25095	
1343	9046	25066	
1345	9005	25118	
1348	9074	25227	
1340	8955	25231	
1352	9153	25037	
1363	9264	24984	
1357	9250	24904	
1343	9094	25171	
1364	9292	25018	
1344	9053	25209	
1351	9109	25051	
1356	9171	25032	
1354	9204	25037	
1360	9250	25025	
1349	9093	25199	
1345	9089	25056	
1345	9025	25181	
1352	9145	25012	
1353	9116	25132	
1352	9118	25168	
1351	9099	25030	
1354	9151	25106	
1356	9257	25001	
1347	9098	25094	
1361	9250	24955	
1343	9047	25168	
1347	9103	25122	
1351	9070	25254	
1352	9163	25110	
1355	9203	25053	
1352	9133	25045	
1358	9196	25052	
1364	9231	24987	
1359	9216	24953	
1355	9137	25010	
1357	9191	25102	
1359	9257	24980	
1359	9265	24953	
1353	9091	25192	
1355	9142	25023	
1363	9315	24951	
1339	8992	25302	
1361	9291	24931	
1348	9130	25080	
1364	9268	24990	
1356	9157	25014	
1351	9147	25095	
1348	9115	25119	
1352	9107	25109	
1343	9030	25117	
1346	9080	25123	
1346	8998	25247	
1344	9032	25221	
1350	9061	25111	
1350	9163	25054	
1353	9150	25152	
1357	9207	25094	
1350	9097	25064	
1360	9221	25084	
1358	9247	25049	
1359	9177	25030	
1340	8977	25065	
1356	9150	25126	
1344	9034	25252	
1342	8992	25246	
1355	9162	25057	
1350	9165	25000	
1343	9007	25347	
1353	9176	25059	
1346	9087	25133	
1346	9023	25232	
1352	9140	25058	
1345	9104	25110	
1355	9161	25084	
1352	9188	24995	
1346	9093	25069	
1345	9034	25162	
1362	9270	25042	
1341	8945	25314	
1343	9034	25125	
1355	9188	25125	
1344	8967	25186	
1361	9206	25089	
1359	9177	25069	
1354	9119	25168	
1354	9142	25110	
1358	9192	25073	
1347	9107	25127	
1333	8899	25212	
1347	9025	25158	
1343	9041	25115	
1365	9321	24986	
1341	9002	25084	
1345	9039	25212	
1338	8948	25165	
1359	9250	24955	
1343	9003	25184	
1352	9137	25098	
1356	9138	25129	
1351	9132	25050	
1367	9312	24922	
1348	9057	25078	
1347	9046	25179	
1342	9024	25278	
1348	9069	25094	
1343	9068	25095	
1346	9066	25047	
1356	9165	25063	
1353	9177	25066	
1359	9189	25106	
1347	9068	25135	
1336	9288	25037	
1356	9213	24967	
1354	9136	24982	
1360	9224	25090	
1362	9255	24937	
1339	8977	25223	
1356	9151	25082	
1348	9084	25082	
1367	9329	24981	
1351	9132	25032	
1349	9057	25093	
1360	9231	24913	
1361	9258	24997	
1355	9195	24926	
1360	9241	25029	
1350	9092	25110	
1351	9173	24954	
1361	9278	25026	
1350	9126	25154	
1353	9119	25141	
1359	9185	25085	
1354	9150	25096	
1343	8981	25164	
1356	9182	25025	
1354	9132	25029	
1340	8999	25095	
1334	8954	25235	
1350	9115	25081	
1354	9189	25047	
1347	9085	25130	
1351	9141	25070	
1356	9200	25040	
1359	9221	25047	
1350	9089	25114	
1350	9080	25040	
1354	9171	25079	
1358	9198	24897	
1359	9263	25018	
1357	9218	25051	
1347	9091	25248	
1355	9145	24982	
1356	9152	25107	
1353	9142	25128	
1345	9036	25162	
1363	9302	24973	
1355	9173	25089	
1351	9095	25076	
1342	9016	25219	
1360	9235	24933	
1349	9079	25247	
1342	8970	25236	
1340	9025	25117	
1352	9113	25280	
1348	9120	25151	
1342	9005	25242	
1356	9190	25029	
1356	9182	25153	
1367	9269	24907	
1356	9138	24949	
1358	9146	25095	
1352	9120	25057	
1362	9266	25102	
1358	9252	24944	
1360	9234	25057	
1343	8999	25096	
1350	9137	24990	
1354	9152	25133	
1350	9069	25160	
1353	9154	25094	
1352	9139	25011	
1350	9131	25096	
1354	9176	25075	
1356	9188	25070	
1355	9156	25038	
1353	9166	24980	
1355	9189	24979	
1349	9139	25071	
1359	9193	24992	
1363	9267	24970	
1347	9073	25116	
1341	9041	25164	
1344	9009	25203	
1357	9235	24951	
1343	9024	25298	
1346	9092	25038	
1351	9342	24954	
1342	8992	25150	
1355	9208	25077	
1341	8985	25173	
1350	9156	24984	
1357	9172	25085	
1362	9268	25089	
1347	9084	25168	
1358	9198	25013	
1354	9205	25029	
1349	9162	25118	
1362	9263	25072	
1351	9100	25112	
1353	9159	25067	
1355	9150	25025	
1356	9165	25045	
1352	9131	25165	
1338	9161	25158	
1346	9036	25097	
1346	9097	25212	
1349	9155	24988	
1358	9224	25018	
1357	9240	25139	
1337	8990	25090	
1349	9089	25234	
1350	9095	25034	
1354	9160	25071	
1342	9038	25223	
1344	9010	25210	
1352	9134	25025	
1342	9038	25170	
1356	9233	24919	
1352	9137	25183	
1348	9059	25201	
1356	9160	24942	
1356	9193	25029	
1362	9246	24917	
1351	9132	25120	
1367	9308	24954	
1353	9184	25008	
1341	9019	25173	
1352	9150	25077	
1351	9076	25108	
1347	9067	25101	
1347	9078	25180	
1346	9056	25061	
1353	9124	25096	
1340	9008	25137	
1344	9074	25165	
1346	9087	25155	
1341	9016	25187	
1352	9128	25048	
1353	9136	25015	
1352	9144	25102	
1346	9079	25128	
1357	9202	25092	
1356	9195	24968	
1357	9155	25098	
1348	9065	25206	
1355	9172	24925	
1353	9113	25071	
1362	9266	25024	
1358	9230	24975	
1355	9152	25066	
1352	9115	25028	
1358	9185	25140	
1341	9027	25113	
1349	9126	25033	
1340	9010	25210	
1350	9101	25213	
1362	9285	24943	
1357	9133	25064	
1353	9144	25070	
1351	9131	25098	
1346	9046	25096	
1346	9113	25062	
1354	9149	25086	
1358	9226	24965	
1350	9085	25178	
1347	9090	25112	
1340	8941	25390	
1347	9058	25106	
1362	9266	24991	
1350	9089	25111	
1334	8911	25217	
1359	9213	25069	
1348	9046	25129	
1363	9274	25001	
1356	9167	24962	
1346	9024	25071	
1360	9297	24962	
1343	9044	25167	
1347	9115	25027	
1354	9155	25000	
1351	9156	24996	
1340	9015	25099	
1370	9349	24876	
1349	9089	25090	
1345	9059	25200	
1345	9051	25033	
1353	9157	24927	
1360	9211	24918	
1350	9073	25225	
1354	9171	25066	
1363	9305	25022	
1342	9042	25105	
1350	9116	25105	
1338	8911	25286	
1345	9004	25105	
1349	9103	25117	
1365	9311	25007	
1351	9117	25127	
1351	9152	25013	
1358	9222	25019	
1363	9216	25004	
1356	9206	25031	
1355	9171	25072	
1345	9059	25082	
1345	9027	25069	
1348	9036	25193	
1352	9142	24995	
1348	9112	24988	
1360	9245	24922	
1347	9096	25140	
1348	9039	25140	
1348	9090	25198	
1351	9101	25118	
1359	9255	25032	
1356	9191	24945	
1355	9221	24990	
1355	9183	24996	
1356	9201	25160	
1345	9039	25302	
1357	9168	25041	
1347	9072	25077	
1359	9204	25034	
1361	9242	24975	
1350	9086	25128	
1352	9133	25179	
1363	9249	24974	
1342	9058	25156	
1349	9097	25098	
1350	9082	25062	
1361	9211	25021	
1345	9081	25164	
1342	9039	25171	
1355	9182	25095	
1344	8986	25147	
1354	9129	25214	
1360	9242	24982	
1363	9260	24965	
1357	9210	25038	
1363	9297	24938	
1348	9182	25184	
1345	9096	25045	
1350	9118	25084	
1348	9071	25094	
1361	9263	25027	
1356	9166	25017	
1343	9051	25159	
1355	9135	25076	
1349	9112	25181	
1352	9144	25076	
1357	9169	24979	
1353	9154	25027	
1351	9115	25136	
1359	9201	25089	
1348	9067	25167	
1353	9170	25110	
1355	9211	24975	
1343	9013	25122	
1341	8973	25184	
1351	9147	25090	
1349	9137	25073	
1350	9149	25233	
1348	9057	25056	
1361	9227	25079	
1355	9185	24960	
1344	8985	25105	
1354	9180	24951	
1349	9083	25046	
1350	9090	25161	
1351	9093	25108	
1352	9157	25017	
1354	9137	25050	
1358	9246	24951	
1342	9225	25083	
1341	9030	25194	
1344	9071	25175	
1338	8914	25245	
1352	9198	25060	
1353	9129	25040	
1343	9055	25135	
1355	9169	25003	
1358	9172	25125	
1344	9047	25263	
1346	9060	25234	
1358	9196	24940	
1348	9088	25171	
1364	9294	24816	
1345	9082	25128	
1348	9089	25084	
1352	9085	25131	
1351	9085	25028	
1347	9045	25225	
1349	9111	25080	
1342	8995	25223	
1346	9030	25110	
1355	9223	25083	
1344	9117	25066	
1350	9128	25094	
1354	9121	25147	
1353	9107	25066	
1343	8986	25090	
1351	9109	25065	
1359	9216	25101	
1357	9182	24984	
1342	8962	25206	
1355	9104	25219	
1356	9231	25047	
1349	9061	25134	
1346	9078	25160	
1358	9242	24972	
1354	9194	24927	
1356	9190	25002	
1338	8999	25257	
1350	9075	25112	
1349	9109	25176	
1360	9244	24997	
1363	9257	24863	
1358	9214	24938	
1346	8985	25182	
1358	9169	25047	
1353	9191	25011	
1355	9160	25157	
1346	9078	25134	
1336	8982	25185	
1353	9146	25152	
1351	9121	24969	
1350	9065	25197	
1347	9059	25128	
1348	9108	25091	
1356	9201	24947	
1350	9183	25116	
1349	9100	25200	
1356	9197	25052	
1365	9311	24974	
1348	9083	25160	
1357	9182	25131	
1342	9016	25165	
1355	9147	25119	
1351	9156	25048	
1352	9057	25049	
1346	9115	25068	
1350	9109	25038	
1350	9138	25048	
1362	9215	24938	
1348	9134	25087	
1347	9072	25128	
1338	8977	25156	
1348	9111	25042	
1348	9041	25066	
1363	9271	24914	
1355	9160	25002	
1343	9031	25218	
1363	9273	24881	
1366	9315	24873	
1364	9281	24945	
1355	9161	25137	
1352	9135	25020	
1357	9237	24933	
1358	9239	25039	
1366	9317	24709	
1349	9111	25050	
1351	9089	25133	
1350	9130	25125	
1350	9139	24948	
1356	9200	25040	
1352	9113	25049	
1364	9319	24842	
1348	9122	25193	
1360	9224	24990	
1351	9175	25120	
1345	9002	25275	
1359	9232	24984	
1359	9218	24943	
1368	9371	24846	
1355	9166	25179	
1361	9216	25049	
1354	9213	24915	
1348	9103	25065	
1354	9148	25121	
1353	9148	25110	
1347	9106	25096	
1352	9157	25085	
1355	9175	24951	
1341	8990	25306	
1354	9187	25036	
1361	9273	24867	
1347	9091	25149	
1352	9127	25074	
1352	9138	25215	
1363	9241	25062	
1350	9079	25129	
1336	8942	25296	
1347	9083	25194	
1352	9129	25052	
1364	9280	24943	
1342	9001	25186	
1350	9090	25189	
1347	9117	25076	
1344	9063	25123	
1346	9078	25140	
1348	9125	25023	
1353	9189	24951	
1346	9026	25165	
1360	9218	24996	
1347	9065	25171	
1353	9089	25171	
1363	9271	24953	
1358	9226	25112	
1344	9067	25140	
1355	9172	25141	
1366	9339	24953	
1362	9234	24981	
1353	9136	24977	
1344	9042	25241	
1342	9021	25185	
1358	9154	25022	
1351	9166	25139	
1355	9130	25127	
1357	9167	25168	
1353	9171	25004	
1349	9120	25160	
1356	9175	25090	
1348	9034	25230	
1355	9151	25055	
1351	9150	25128	
1353	9129	25086	
1368	9334	25005	
1354	9172	25102	
1356	9216	25067	
1360	9188	24916	
1347	9051	25149	
1346	9061	25191	
1356	9191	24913	
1356	9117	25046	
1352	9083	25069	
1355	9189	25189	
1361	9189	25084	
1361	9219	25117	
1352	9184	25082	
1349	9080	25062	
1354	9185	24988	
1358	9222	25006	
1362	9282	24851	
1363	9238	25047	
1343	9041	25179	
1350	9096	25085	
1364	9288	24988	
1354	9138	25006	
1342	9090	25050	
1353	9162	25025	
1359	9194	25043	
1359	9239	25051	
1351	9155	25218	
1347	9081	25119	
1353	9116	25079	
1360	9276	25049	
1350	9123	25156	
1355	9171	24992	
1355	9173	25096	
1359	9171	25060	
1347	9048	25080	
1343	8983	25252	
1358	9184	25112	
1361	9198	25040	
1363	9218	24995	
1356	9215	25156	
1351	9140	25111	
1353	9097	25107	
1352	9173	25011	
1346	9021	25195	
1347	9129	25017	
1349	9124	25059	
1349	9115	25052	
1356	9168	25038	
1359	9180	24989	
1351	9142	25056	
1342	9034	25153	
1348	9081	25096	
1349	9060	25154	
1347	9087	25069	
1353	9207	25101	
1354	9173	24977	
1346	9053	25149	
1344	9061	25224	
1342	8991	25156	
1348	9153	25033	
1352	9089	25156	
1352	9166	25128	
1361	9238	25061	
1349	9083	25039	
1347	9096	25127	
1354	9216	25032	
1336	8915	25238	
1361	9277	24995	
1354	9111	25042	
1344	9030	25156	
1354	9187	25154	
1356	9130	25206	
1349	9093	25181	
1345	9065	25140	
1342	9002	25144	
1361	9223	25000	
1336	8921	25385	
1349	9070	25142	
1351	9150	25042	
1360	9257	24992	
1351	9131	25026	
1362	9277	24950	
1353	9134	25229	
1354	9141	25134	
1340	8989	25209	
1349	9116	25115	
1352	9144	25134	
1348	9108	25099	
1355	9229	24992	
1344	9028	25239	
1354	9169	25137	
1352	9173	25054	
1363	9287	24953	
1356	9173	24975	
1342	8992	25138	
1352	9169	25025	
1348	9149	25066	
1351	9127	25123	
1343	9012	25190	
1354	9186	25029	
1349	9037	25163	
1362	9218	24863	
1351	9097	25108	
1358	9217	25068	
1349	9080	25191	
1352	9144	25044	
1348	9068	25087	
1351	9131	25014	
1354	9175	25093	
1360	9294	24977	
1348	9082	25170	
1352	9154	25049	
1342	8972	25270	
1353	9160	25022	
1348	9074	25186	
1360	9269	24934	
1340	8995	25235	
1357	9215	25039	
1337	8921	25232	
1348	9109	25120	
1360	9227	25074	
1348	9041	25132	
1350	9086	25169	
1341	8946	25219	
1354	9180	25099	
1345	9030	25183	
1344	9010	25144	
1341	9017	25264	
1361	9296	24916	
1353	9100	25062	
1360	9250	24930	
1352	9144	25084	
1344	9079	25222	
1342	9015	25124	
1354	9180	25084	
1344	9026	25117	
1348	9123	25043	
1353	9151	25116	
1350	9116	25080	
1348	9103	25057	
1355	9203	25074	
1349	9183	25060	
1349	9091	25128	
1357	9185	25046	
1369	9320	25049	
1358	9195	25017	
1351	9125	25025	
1359	9228	25026	
1359	9223	25071	
1359	9221	24977	
1354	9142	25118	
1347	9074	25186	
1346	9024	25263	
1352	9185	25099	
1348	9092	25147	
1346	9097	25092	
1347	9011	25146	
1348	9069	25065	
1345	9008	25096	
1345	9058	25143	
1358	9186	25052	
1363	9241	24927	
1347	9068	25063	
1344	9049	25190	
1349	9079	25072	
1347	9115	25203	
1337	9079	25143	
1357	9190	25095	
1358	9230	25066	
1342	9036	25159	
1366	9252	24997	
1358	9234	24989	
1353	9084	25230	
1348	9084	25136	
1351	9159	25084	
1354	9179	25099	
1335	8999	25154	
1341	8999	25350	
1346	9013	25116	
1351	9098	25131	
1345	9050	25173	
1366	9305	25041	
1351	9162	25137	
1344	9027	25144	
1348	9121	25144	
1348	9049	25166	
1351	9123	25209	
1350	9106	25151	
1356	9174	25206	
1349	9101	25145	
1358	9201	24997	
1358	9194	25064	
1356	9171	24993	
1350	9103	25046	
1354	9173	25066	
1347	9110	25077	
1351	9111	25176	
1355	9138	25196	
1352	9117	25122	
1346	8980	25162	
1348	9091	25124	
1359	9175	25121	
1346	9065	25085	
1350	9107	25172	
1356	9207	25052	
1356	9159	24980	
1347	9060	25113	
1344	9016	25112	
1357	9188	25119	
1345	9047	25144	
1347	9041	25102	
1342	9002	25095	
1355	9170	25050	
1360	9241	25115	
1355	9155	25069	
1358	9193	25002	
1360	9233	24982	
1355	9214	25041	
1359	9206	24917	
1351	9137	25057	
1349	9113	25090	
1353	9140	25193	
1362	9251	24871	
1352	9133	25099	
1356	9189	25027	
1352	9128	24985	
1343	8997	25220	
1347	9064	25185	
1367	9350	25002	
1337	9245	25046	
1348	9054	25127	
1356	9204	25014	
1358	9234	24976	
1354	9149	25016	
1342	9054	25298	
1341	9053	25077	
1351	9126	25181	
1348	9036	25145	
1354	9196	25103	
1354	9166	25013	
1346	9068	25102	
1347	9036	25189	
1356	9188	25034	
1353	9183	24906	
1344	9038	25079	
1352	9112	25004	
1358	9190	25113	
1352	9182	25117	
1344	9048	25253	
1348	9113	25110	
1355	9218	24928	
1343	9021	25236	
1360	9259	24898	
1346	9074	25243	
1350	9147	25108	
1363	9308	24805	
1367	9268	25088	
1352	9131	25157	
1336	8940	25211	
1357	9199	24959	
1354	9176	25080	
1354	9196	25071	
1348	9068	25230	
1356	9151	25015	
1346	9102	25112	
1349	9115	25102	
1347	9076	25165	
1350	9090	25092	
1358	9163	25112	
1341	8957	25302	
1359	9197	25039	
1333	8977	25149	
1356	9190	25071	
1344	9038	25150	
1351	9154	25092	
1362	9239	24978	
1343	9290	24961	
1362	9214	25053	
1355	9119	25197	
1361	9250	24942	
1343	9026	25196	
1352	9090	25181	
1339	9000	25210	
1350	9137	25157	
1357	9167	25034	
1349	9106	24927	
1356	9217	24992	
1354	9170	24974	
1350	9117	25175	
1351	9134	25001	
1354	9160	25010	
1348	9152	25060	
1357	9205	25010	
1352	9136	25119	
1350	9066	25061	
1349	9150	25084	
1351	9118	25083	
1357	9189	25017	
1343	9006	25146	
1356	9182	24980	
1355	9203	24990	
1344	8999	25155	
1359	9217	24932	
1362	9241	24992	
1358	9261	24976	
1354	9198	24951	
1355	9134	25096	
1360	9206	25002	
1350	9134	25035	
1351	9147	25067	
1358	9185	25010	
1349	9079	25113	
1347	9061	25258	
1346	9094	25102	
1356	9200	25017	
1351	9091	25174	
1369	9326	24856	
1336	8936	25287	
1350	9109	25144	
1352	9134	25002	
1360	9201	25091	
1347	9069	25203	
1331	8879	25276	
1359	9189	25050	
1347	9067	25075	
1348	9099	25040	
1334	8884	25228	
1342	9017	25185	
1352	9199	25035	
1361	9270	24890	
1346	9060	25109	
1349	9132	25076	
1350	9100	25087	
1359	9218	25039	
1344	9029	25068	
1361	9216	25157	
1349	9115	25007	
1339	8956	25159	
1352	9086	25116	
1340	9023	25229	
1354	9138	25028	
1354	9147	25194	
1339	8949	25295	
1353	9059	25103	
1352	9124	25226	
1346	9069	25075	
1353	9128	25180	
1348	9134	25138	
1341	9004	25196	
1354	9149	25051	
1359	9257	25089	
1348	9102	25178	
1350	9151	25087	
1359	9211	24959	
1355	9205	25054	
1358	9221	24972	
1352	9191	25086	
1359	9178	25032	
1362	9241	24989	
1349	9075	25228	
1347	9075	25146	
1352	9148	25091	
1347	9101	25171	
1343	9017	25074	
1352	9137	24955	
1355	9197	25008	
1342	8955	25183	
1349	9086	25080	
1372	9384	24844	
1358	9207	25042	
1360	9240	25006	
1333	8872	25291	
1346	9043	25218	
1344	9036	25038	
1343	8999	25060	
1354	9091	25081	
1335	8898	25355	
1354	9175	25059	
1355	9181	25098	
1354	9123	25091	
1343	9021	25130	
1365	9247	25064	
1349	9108	25081	
1358	9211	24975	
1355	9152	25000	
1343	9041	25159	
1355	9152	25056	
1352	9096	25202	
1351	9166	25052	
1354	9188	25065	
1359	9250	24903	
1357	9164	24860	
1355	9165	25057	
1348	9120	25116	
1361	9259	24950	
1349	9136	25097	
1355	9231	24941	
1358	9232	25071	
1359	9242	25027	
1343	9018	25193	
1347	9103	25065	
1346	9041	25211	
1345	9083	25046	
1351	9119	25070	
1344	9051	25053	
1351	9114	25147	
1357	9132	25164	
1360	9242	25042	
1347	9079	25057	
1342	9033	25167	
1350	9093	25206	
1358	9212	25036	
1349	9049	25163	
1352	9171	24969	
1354	9139	25086	
1357	9181	24871	
1350	9067	25186	
1371	9362	24951	
1348	9078	25114	
1351	9129	24928	
1361	9221	25063	
1343	8956	25305	
1351	9136	25094	
1348	9108	25009	
1357	9165	25089	
1357	9186	25020	
1367	9351	24776	
1341	8996	25309	
1343	9032	25181	
1352	9160	25103	
1347	9069	25248	
1350	9150	25005	
1359	9192	24884	
1352	9100	25124	
1361	9190	25090	
1355	9110	25178	
1350	9085	25058	
1346	9037	25095	
1349	9126	25174	
1348	9123	25068	
1357	9186	25059	
1363	9235	25116	
1356	9214	25174	
1347	9045	25248	
1350	9094	25058	
1346	9086	25086	
1358	9198	24965	
1356	9200	25005	
1350	9066	25181	
1359	9259	24957	
1353	9167	25066	
1357	9192	25043	
1351	9147	25023	
1355	9210	25088	
1364	9271	24886	
1354	9164	25113	
1342	9060	25138	
1348	9116	25007	
1349	9111	25090	
1352	9114	25120	
1339	8985	25107	
1349	9128	25137	
1355	9168	25033	
1348	9103	25091	
1352	9171	25184	
1357	9203	24912	
1353	9152	25058	
1352	9143	25025	
1359	9214	25163	
1340	8922	25227	
1347	9049	25215	
1349	9047	25284	
1351	9152	25019	
1351	9108	25182	
1359	9200	25184	
1358	9214	25021	
1360	9229	25054	
1352	9173	24945	
1355	9154	25110	
1331	8878	25198	
1350	9101	25084	
1352	9182	25053	
1354	9176	25089	
1351	9118	25207	
1355	9145	25127	
1348	9049	25193	
1344	9021	25116	
1352	9107	25030	
1354	9153	25003	
1350	9076	25071	
1348	9075	25100	
1355	9161	24954	
1364	9284	24775	
1342	8977	25214	
1346	9049	25179	
1354	9163	25002	
1347	9126	25084	
1347	9113	25121	
1350	9134	25030	
1358	9218	25007	
1350	9137	25107	
1354	9129	25044	
1360	9250	24824	
1360	9216	25052	
1355	9175	25130	
1341	9041	25090	
1345	9079	25163	
1346	9083	25098	
1356	9188	25106	
1355	9180	25072	
1351	9163	24840	
1351	9148	25088	
1351	9093	25060	
1357	9215	25018	
1351	9144	25208	
1345	9064	25130	
1373	9364	24893	
1351	9132	25096	
1338	8923	25203	
1337	8975	25221	
1354	9164	25069	
1347	9107	25135	
1351	9048	24943	
1349	9158	25065	
1350	9093	25101	
1350	9083	25280	
1349	9071	25124	
1364	9307	25033	
1362	9256	24963	
1354	9160	25030	
1360	9207	25051	
1363	9279	24988	
1352	9161	25008	
1353	9079	25094	
1353	9161	25053	
1352	9125	25194	
1351	9089	25161	
1361	9262	24862	
1356	9167	25023	
1342	9019	25154	
1362	9283	25066	
1355	9204	24974	
1361	9210	24886	
1356	9192	25006	
1355	9224	25006	
1343	9084	25057	
1344	9050	25146	
1352	9141	25040	
1358	9263	24943	
1351	9107	25134	
1349	9136	25175	
1347	9092	25193	
1359	9234	24986	
1347	9116	25247	
1346	9066	25075	
1342	9013	25189	
1362	9234	24978	
1356	9190	25064	
1357	9206	25049	
1353	9155	25128	
1357	9224	24974	
1357	9207	25042	
1354	9174	25122	
1360	9226	24943	
1355	9156	25117	
1360	9226	24990	
1364	9289	24916	
1355	9123	25017	
1344	9075	25135	
1347	9063	25064	
1355	9217	24913	
1347	9097	25076	
1350	9122	25133	
1348	9090	25262	
1348	9154	25070	
1351	9093	25041	
1356	9175	24996	
1356	9157	25035	
1351	9099	25027	
1348	9065	25085	
1355	9176	25079	
1354	9152	25132	
1358	9274	25000	
1346	9051	25186	
1347	9053	25196	
1341	8998	25306	
1341	9013	25138	
1350	9133	25113	
1356	9164	24987	
1351	9106	25128	
1359	9240	25073	
1358	9237	24980	
1349	9121	25264	
1351	9156	25050	
1355	9170	25074	
1354	9187	25062	
1361	9208	24985	
1341	8988	25190	
1360	9158	25063	
1354	9191	25128	
1342	9036	25100	
1342	8999	25366	
1356	9225	25056	
1355	9193	25060	
1343	9059	25071	
1350	9103	25041	
1364	9302	24900	
1350	9103	25087	
1351	9153	25085	
1359	9191	24981	
1339	8957	25189	
1362	9217	25070	
1353	9110	25196	
1359	9230	25034	
1360	9264	24985	
1353	9128	25099	
1346	9018	25321	
1345	9051	25207	
1358	9170	25134	
1355	9190	25113	
1345	9025	25130	
1358	9174	25021	
1352	9147	25132	
1355	9187	24992	
1353	9150	25087	
1349	9071	25115	
1349	9072	25089	
1351	9055	25214	
1361	9256	24919	
1347	9059	24996	
1348	9070	25159	
1351	9241	25014	
1353	9178	25009	
1345	9091	25152	
1340	9004	25181	
1349	9120	24940	
1345	9062	25125	
1351	9101	25179	
1356	9183	25100	
1350	9093	25040	
1354	9151	24903	
1354	9148	25045	
1363	9250	24886	
1356	9206	25072	
1336	8954	25170	
1349	9114	25192	
1350	9146	25118	
1360	9247	25100	
1348	9095	25169	
1360	9211	24962	
1352	9156	25108	
1357	9183	25008	
1361	9227	25041	
1359	9208	25064	
1344	9040	25199	
1353	9175	25036	
1351	9097	25055	
1342	9000	25235	
1351	9143	25099	
1361	9206	24881	
1355	9162	25008	
1356	9251	25018	
1365	9285	24943	
1346	9049	25097	
1354	9180	24992	
1348	9086	25146	
1350	9153	25046	
1352	9167	24894	
1354	9143	25002	
1357	9162	25078	
1365	9327	24781	
1361	9209	25028	
1345	9042	25148	
1355	9176	25041	
1349	9073	25064	
1351	9157	25018	
1351	9157	25126	
1346	9129	24990	
1360	9228	24905	
1344	9023	25047	
1357	9178	25136	
1342	9025	25226	
1353	9132	25236	
1352	9118	25058	
1356	9156	25000	
1347	9088	25226	
1360	9244	25044	
1355	9137	25050	
1354	9142	25072	
1352	9118	25089	
1352	9091	25105	
1360	9142	25060	
1358	9208	24952	
1360	9200	25109	
1346	9075	25228	
1342	8993	25341	
1352	9159	25192	
1344	9063	25265	
1356	9194	24996	
1337	8970	25203	
1350	9128	25181	
1361	9243	25017	
1356	9157	24964	
1362	9265	24916	
1350	9095	25104	
1348	9082	25042	
1348	9121	25046	
1360	9220	24999	
1350	9139	25070	
1353	9122	25062	
1346	9080	25051	
1339	8973	25287	
1343	9039	25115	
1363	9285	24943	
1359	9169	25072	
1352	9154	25105	
1360	9239	24993	
1345	9020	25180	
1349	9093	25024	
1338	9130	25104	
1348	9065	25180	
1347	9090	25158	
1344	9039	25189	
1353	9193	24922	
1353	9155	25034	
1355	9182	25004	
1352	9134	25114	
1354	9140	25080	
1350	9097	25139	
1349	9117	25179	
1353	9179	25073	
1348	9069	25064	
1350	9172	25017	
1354	9175	25007	
1355	9179	25038	
1347	9061	25172	
1360	9244	25008	
1344	9037	25153	
1348	9108	24998	
1348	9095	25169	
1341	9006	25317	
1361	9326	24974	
1347	9067	25243	
1362	9256	25012	
1356	9172	25060	
1333	8910	25177	
1366	9364	24893	
1351	9168	25062	
1340	8950	25259	
1347	9096	25136	
1346	9064	25201	
1350	9077	25112	
1344	9049	25132	
1356	9160	25087	
1344	9043	25161	
1354	9151	25037	
1377	9457	24774	
1340	9100	25136	
1355	9167	25048	
1348	9092	25142	
1350	9110	25104	
1343	9015	25245	
1363	9288	24900	
1363	9253	25055	
1351	9090	25150	
1375	9385	24819	
1353	9134	25070	
1337	8923	25232	
1358	9172	25063	
1353	9210	24953	
1360	9219	25031	
1346	9048	25143	
1355	9162	25152	
1355	9193	25074	
1349	9048	25130	
1345	9018	25186	
1347	9068	25201	
1355	9182	25069	
1354	9098	25104	
1354	9149	25087	
1350	9108	25172	
1363	9328	24789	
1364	9258	24957	
1350	9102	25114	
1349	9088	25221	
1347	9091	25076	
1355	9136	25101	
1360	9221	25109	
1351	9123	25155	
1345	9078	25079	
1356	9193	25058	
1355	9112	25117	
1362	9293	25047	
1354	9157	25031	
1347	9079	25102	
1350	9104	25151	
1346	9076	25155	
1350	9123	25011	
1352	9193	25155	
1351	9106	25075	
1364	9269	24967	
1372	9345	24861	
1357	9209	25003	
1343	9048	25201	
1356	9131	25080	
1351	9104	25096	
1352	9140	25205	
1364	9261	25084	
1356	9300	24942	
1350	9127	25054	
1355	9162	25156	
1356	9158	25023	
1340	8972	25347	
1360	9250	24893	
1371	9380	24921	
1354	9127	25124	
1351	9112	25198	
1355	9184	25044	
1354	9155	25068	
1359	9239	25099	
1350	9157	25134	
1359	9210	25132	
1354	9170	25038	
1350	9131	25106	
1362	9266	24973	
1346	9076	25174	
1353	9208	24953	
1354	9175	25125	
1357	9174	25110	
1350	9138	25059	
1354	9160	25044	
1342	9018	25377	
1353	9166	25019	
1355	9124	25116	
1358	9230	25070	
1361	9186	25085	
1346	9043	25215	
1348	9114	25177	
1330	8844	25284	
1367	9268	24957	
1356	9236	25014	
1352	9162	25030	
1351	9121	25082	
1339	8961	25263	
1343	9029	25247	
1348	9060	25037	
1343	9055	25034	
1355	9153	24986	
1343	9045	25164	
1341	9018	25139	
1354	9171	25180	
1346	9068	25130	
1347	9063	25083	
1346	9059	25101	
1359	9219	24909	
1354	9137	25052	
1359	9218	25042	
1370	9393	24816	
1343	9031	25128	
1355	9224	24901	
1350	9104	25077	
1340	8947	25310	
1352	9106	25102	
1343	9033	25171	
1367	9324	24969	
1353	9124	24976	
1350	9099	25128	
1357	9223	24989	
1358	9186	25104	
1350	9177	25043	
1350	9132	25008	
1363	9312	24936	
1359	9190	25008	
1357	9215	25057	
1361	9327	24860	
1357	9205	25010	
1352	9208	25009	
1354	9157	24986	
1364	9307	25002	
1352	9171	25102	
1347	9057	25354	
1356	9195	25074	
1353	9148	25040	
1352	9150	25046	
1362	9277	24997	
1346	9087	25196	
1351	9095	25223	
1355	9182	25122	
1362	9232	24984	
1353	9227	25089	
1356	9155	25048	
1353	9144	25165	
1340	8994	25198	
1349	9079	25167	
1356	9215	25120	
1353	9132	25007	
1347	9119	24996	
1356	9215	25088	
1356	9150	25015	
1364	9228	25010	
1353	9112	25131	
1348	9067	25163	
1370	9333	24886	
1366	9319	24864	
1356	9205	25052	
1356	9180	25074	
1347	9102	25109	
1354	9154	24998	
1356	9168	25064	
1355	9182	25041	
1368	9325	24939	
1349	9120	25134	
1346	9092	25058	
