1343	9340	25087	
1313	9142	25128	
1323	9199	25024	
1349	9311	24817	
1337	9323	24937	
1288	9138	25159	
1404	9269	24767	
1316	9070	25267	
1389	9110	25042	
1327	9260	24937	
1329	9141	25237	
1465	9160	25026	
1302	9305	25052	
1317	9163	25105	
1319	9105	25290	
1385	9198	25037	
1299	9183	25040	
1387	9194	24972	
1359	9189	25113	
1313	9156	25021	
1330	9258	25075	
1362	9113	24996	
1372	9238	24963	
1339	9207	25110	
1327	9191	25035	
1443	9250	25050	
1343	9164	25056	
1318	9175	25076	
1332	9241	24951	
1372	9201	25029	
1352	9121	25116	
1393	9182	25037	
1348	9111	25148	
1342	9187	25194	
1354	9146	25028	
1326	9139	25196	
1325	9251	25020	
1396	9257	25032	
1290	9176	25084	
1361	9123	25142	
1422	9319	25037	
1339	9296	24921	
1295	9221	25038	
1344	9255	25091	
1364	9111	25016	
1338	9147	25050	
1393	9239	25051	
1336	9110	25206	
1399	9078	25077	
1378	9126	25128	
1345	9168	25041	
1358	9233	24986	
1353	9308	25005	
1304	9323	25058	
1302	9286	24907	
1395	9270	25044	
1343	9176	25084	
1370	9310	24968	
1361	9248	25111	
1330	9087	25185	
1371	9111	25044	
1357	9023	25197	
1365	9070	25114	
1387	9267	24973	
1385	9216	25011	
1321	9182	25017	
1319	9186	25063	
1344	9088	25047	
1339	9085	25111	
1372	9289	25009	
1387	9276	24960	
1349	9244	25003	
1378	9158	25023	
1416	9292	24970	
1380	9199	25069	
1352	9098	25149	
1347	9225	25032	
1385	9173	25085	
1435	9002	25208	
1364	9173	25038	
1326	9315	24913	
1401	9211	25123	
1343	9212	24992	
1380	9274	24960	
1351	9051	25195	
1392	9198	25079	
1390	9123	25011	
1299	9059	25064	
1334	9334	24953	
1312	9151	25152	
1289	9249	25071	
1340	9266	24945	
1322	9269	24969	
1342	9124	24986	
1340	9167	25041	
1374	9250	25099	
1288	9139	25055	
1342	9241	25012	
1376	9175	25061	
1415	9039	25192	
1373	9057	25076	
1416	9240	25161	
1297	9353	24955	
1359	9225	25047	
1364	9099	25114	
1283	9215	24957	
1362	9107	25087	
1328	9264	24989	
1367	9317	25004	
1348	9247	24998	
1371	9244	25146	
1337	9121	25187	
1343	9012	25115	
1363	9254	24973	
1358	9229	24988	
1340	9222	24959	
1370	9148	25103	
1383	9279	25016	
1277	9230	25013	
1414	9290	24968	
1389	9254	25003	
1351	9339	24905	
1411	9260	25051	
1347	9209	24982	
1326	9301	24897	
1356	9139	25068	
1388	9243	24979	
1371	9204	25063	
1327	9252	25091	
1335	9142	25060	
1405	9339	24936	
1383	9120	25144	
1331	9210	24890	
1355	9259	24968	
1434	9111	25123	
1317	9171	25060	
1376	9252	24924	
1323	9138	25020	
1417	9178	25080	
1350	9146	25132	
1338	9245	24931	
1302	9093	25240	
1343	9280	24986	
1412	9159	25201	
1400	9373	24828	
1362	9243	24978	
1335	9272	25007	
1423	9112	24992	
1398	9317	24884	
1331	9221	25024	
1366	9160	24958	
1390	9100	25157	
1372	9260	25025	
1305	9306	24947	
1372	9289	24939	
1346	9338	24958	
1429	9293	24902	
1392	9202	24991	
1327	9222	24970	
1296	9335	24853	
1391	9172	25138	
1383	9119	25070	
1370	9173	25174	
1287	9186	25035	
1388	9253	24999	
1385	9225	25035	
1396	9239	25109	
1323	9213	25020	
1361	9188	25033	
1409	9073	25123	
1388	9083	25022	
1362	8981	25154	
1329	9330	25007	
1318	9375	24805	
1323	9179	25139	
1286	9111	25197	
1333	9182	25107	
1386	9221	25115	
1394	9312	24916	
1376	9163	25009	
1284	9341	24850	
1394	9261	24962	
1364	9181	24948	
1436	9201	25105	
1355	9096	25129	
1316	9250	25063	
1349	9279	24907	
1355	9216	25110	
1372	9183	25035	
1374	9246	25007	
1282	9121	25133	
1355	9226	25158	
1420	9257	24986	
1409	9223	25036	
1407	9275	24960	
1394	9110	24994	
1400	9248	24967	
1387	9257	24929	
1382	9318	24860	
1317	9156	24993	
1386	9223	25042	
1380	9043	25143	
1392	9090	25210	
1327	9180	25086	
1406	9202	25114	
1322	9129	25264	
1327	9254	25020	
1368	9462	24746	
1399	9188	25064	
1323	9117	25105	
1341	9085	25192	
1427	9210	25027	
1378	9198	24949	
1343	9381	25008	
1344	9106	25119	
1336	9360	24956	
1303	9338	24907	
1353	9180	25033	
1330	9243	24967	
1359	9108	25120	
1319	9149	25080	
1358	9285	24947	
1400	9191	25096	
1357	9322	24905	
1439	9187	25110	
1307	9220	25127	
1347	9350	24935	
1337	9183	25098	
1433	9047	25192	
1360	9146	25101	
1284	9197	25076	
1338	9118	25108	
1373	9208	25008	
1347	9082	25055	
1315	9125	25206	
1334	9298	24970	
1357	8978	25146	
1425	9096	25053	
1337	9262	24943	
1300	9308	24898	
1363	9118	25044	
1330	9184	25119	
1372	9138	25011	
1350	9281	25012	
1362	9277	24884	
1308	9129	25044	
1274	9212	24947	
1326	9120	25182	
1334	9224	25021	
1359	9202	25085	
1419	9296	24918	
1349	9219	25097	
1326	9242	24932	
1272	9340	24915	
1312	9139	25091	
1379	9210	25031	
1413	9010	25115	
1371	9195	25093	
1369	9288	24950	
1403	9161	25132	
1430	9152	25104	
1352	9182	25117	
1371	9216	25020	
1322	9171	25054	
1317	9136	25040	
1283	9237	25220	
1361	9285	24780	
1404	9112	25164	
1351	9276	25040	
1344	9299	25057	
1384	9318	24855	
1375	9159	25029	
1372	9321	24957	
1417	9167	24995	
1385	9184	25108	
1354	9129	25022	
1355	9240	25011	
1417	9242	24954	
1347	9058	25137	
1345	9077	25025	
1241	9295	25054	
1364	9126	25195	
1368	9130	24940	
1344	9126	25092	
1322	9063	25167	
1340	9302	24885	
1314	9266	25011	
1351	9323	24988	
1344	9138	25040	
1381	9179	25021	
1373	9188	25082	
1313	9049	25191	
1370	9011	25274	
1310	9067	25173	
1397	9261	24882	
1353	9277	25004	
1370	9236	24973	
1436	9241	24962	
1376	9165	25078	
1298	9156	25100	
1328	9062	25218	
1390	9214	24939	
1391	9131	25079	
1388	9379	24801	
1279	9267	25037	
1333	8985	25109	
1374	9084	25113	
1345	9196	25141	
1366	9211	25151	
1415	9218	24941	
1355	9088	25100	
1347	9141	25175	
1367	9236	25040	
1365	9148	24969	
1225	9039	25176	
1295	9148	24995	
1384	9187	25163	
1412	9243	24919	
1325	9099	25167	
1374	9212	24849	
1303	9258	25011	
1355	9254	25087	
1332	9230	24903	
1341	9137	24977	
1377	9317	24976	
1354	9173	25017	
1352	9286	24889	
1392	9125	25195	
1410	9215	25061	
1328	9246	25029	
1357	9282	24898	
1311	9214	25060	
1388	9234	25020	
1389	9108	25035	
1380	9182	24950	
1385	9314	24919	
1368	9124	25062	
1333	9189	25090	
1348	9223	25024	
1367	9165	25131	
1347	9029	25137	
1339	9332	24869	
1429	9258	25033	
1304	9162	25077	
1307	9128	25025	
1359	9061	25243	
1322	9225	25032	
1305	8923	25293	
1409	9276	24925	
1320	9144	25108	
1360	9089	25218	
1370	9214	25021	
1402	9200	25005	
1360	9197	24956	
1294	9146	25023	
1334	9128	25120	
1478	9371	24825	
1382	9023	25178	
1335	9131	25172	
1354	9233	25065	
1306	9217	25131	
1341	9396	24899	
1416	9186	25058	
1313	9291	25037	
1379	9257	24854	
1358	9078	25232	
1376	9336	24793	
1388	9055	25053	
1380	9266	24984	
1361	9154	25134	
1349	9064	25268	
1337	9178	25099	
1355	9241	25045	
1281	9410	24897	
1395	9164	25061	
1387	9171	25092	
1382	9259	24944	
1270	9298	24981	
1363	9193	25085	
1391	9172	25047	
1324	9208	25028	
1338	9299	25081	
1340	9150	25063	
1334	9073	25131	
1326	9117	25039	
1303	9345	25012	
1359	9125	25086	
1342	9370	24907	
1346	9279	25041	
1316	9173	25107	
1332	9221	25083	
1397	9059	25122	
1265	9165	25094	
1325	9252	24919	
1360	9209	25062	
1366	9082	25169	
1352	9258	24933	
1326	9234	24935	
1377	9134	25010	
1368	9073	25052	
1269	9232	25055	
1333	9329	24910	
1360	9144	25095	
1363	9123	25101	
1370	9036	25134	
1374	9172	25082	
1350	9102	25150	
1352	9171	25097	
1405	9288	24870	
1293	9160	25189	
1326	9087	25272	
1320	9267	25008	
1334	9207	25139	
1362	9165	25187	
1426	9194	24950	
1392	9000	25119	
1332	9164	25051	
1383	9276	24912	
1376	9118	25137	
1311	9236	25041	
1329	9056	25135	
1331	9212	24978	
1344	9317	24978	
1385	9252	24971	
1388	9137	25180	
1327	9260	24946	
1361	9185	24968	
1355	9208	25049	
1410	9145	25137	
1391	9186	25137	
1365	9235	24960	
1352	9237	24988	
1359	9295	24961	
1318	9199	24983	
1329	9119	25147	
1369	9208	25109	
1393	9081	25047	
1348	9302	24871	
1362	9118	25036	
1367	9217	24940	
1384	9214	24984	
1314	9457	24959	
1284	9137	25040	
1321	9049	25153	
1380	9115	25134	
1402	9175	25145	
1319	9024	25221	
1349	9228	25002	
1396	9255	24970	
1313	9171	25098	
1349	9266	25037	
1366	9147	25085	
1379	9038	25050	
1350	9158	25027	
1393	9264	25078	
1349	9246	24983	
1352	9222	25023	
1342	9276	24845	
1331	9230	25062	
1325	9282	24991	
1315	9179	25015	
1351	8971	25185	
1343	9262	25049	
1374	9191	25012	
1315	9217	25034	
1363	8990	25202	
1371	8949	25200	
1386	9089	25248	
1360	9060	25047	
1344	9234	24849	
1372	9281	24997	
1343	9166	25139	
1382	9263	24940	
1338	9123	25143	
1352	9198	25086	
1376	9078	25228	
1336	9233	25095	
1305	9221	24985	
1403	9130	25072	
1387	9197	24919	
1360	9127	25136	
1366	9273	24974	
1318	9054	25215	
1387	9170	25074	
1358	9099	25047	
1267	9178	25068	
1350	9057	25050	
1360	9165	25046	
1390	9275	25000	
1362	9364	24987	
1357	9258	24901	
1353	9151	25112	
1356	9140	25058	
1435	9055	25193	
1349	9146	25096	
1415	9242	24924	
1358	9143	25053	
1335	9279	24959	
1376	9129	25041	
1430	9182	25010	
1317	9238	25031	
1364	9371	24885	
1392	9232	24971	
1416	9182	24970	
1344	9163	24992	
1352	9319	24968	
1355	9063	25113	
1300	9253	24999	
1307	9182	25092	
1282	9257	24956	
1452	9155	25106	
1387	9225	25022	
1364	9312	24967	
1305	9055	25142	
1400	9145	24980	
1414	9099	25197	
1310	9282	25032	
1336	9233	25111	
1363	9120	25139	
1362	9107	25041	
1417	9154	25152	
1328	9193	25016	
1350	9180	25052	
1331	9269	25020	
1345	9164	25091	
1334	9200	24952	
1341	9222	25046	
1383	9163	25050	
1320	9095	25187	
1348	9193	25093	
1375	9286	25003	
1405	9113	25004	
1331	9186	25055	
1346	9179	24985	
1289	9250	24944	
1335	9095	25192	
1318	9107	25113	
1360	9229	25054	
1290	9353	24870	
1318	9110	24991	
1395	9254	24970	
1333	9150	25043	
1343	9270	24924	
1318	9121	25250	
1343	9389	24922	
1375	9192	25118	
1304	9304	24946	
1359	9129	25135	
1380	9058	25107	
1343	9116	25047	
1398	9232	24983	
1368	9268	24939	
1409	9244	24900	
1398	9207	25172	
1349	9193	25046	
1330	9204	25134	
1337	9341	24928	
1344	9267	25003	
1277	9326	24895	
1393	9175	25105	
1356	9196	24978	
1333	9228	25058	
1321	9254	24959	
1300	9173	25136	
1348	9187	25080	
1403	9135	25003	
1422	9241	25055	
1317	9232	25023	
1352	9190	25087	
1287	9071	25102	
1375	9141	25138	
1392	9213	25038	
1334	8972	25267	
1390	9081	25143	
1344	9088	25148	
1357	9194	25004	
1356	9165	25182	
1425	9221	25006	
1255	9279	24926	
1356	9116	25147	
1359	9135	24942	
1362	9179	25148	
1364	9288	25016	
1336	9193	24986	
1427	9243	25007	
1407	9184	25025	
1316	9294	25038	
1282	9217	25006	
1307	9162	24976	
1377	9252	24927	
1335	9143	25022	
1297	9226	25089	
1379	9202	24954	
1382	9272	25055	
1346	9298	24882	
1368	9326	24935	
1341	9170	24971	
1397	8979	25306	
1433	9295	24947	
1437	9225	24902	
1311	9177	25011	
1330	9198	24966	
1350	9128	25029	
1329	8930	25263	
1362	9135	25153	
1376	9069	25176	
1339	9183	25163	
1321	9295	24991	
1360	9108	25216	
1339	9212	25120	
1352	9254	24969	
1358	9253	25057	
1338	9136	25065	
1350	9138	25065	
1376	9141	25090	
1356	9243	24923	
1372	9196	25064	
1353	9003	25257	
1390	9167	25077	
1366	9125	24969	
1367	9181	25074	
1386	9104	25066	
1332	9233	25101	
1377	9269	24992	
1383	9236	24979	
1342	9251	24988	
1333	9287	25029	
1359	9282	24997	
1338	9094	25129	
1303	9318	24906	
1312	9196	25091	
1413	9049	25091	
1356	9203	25019	
1321	9224	25091	
1318	9257	24978	
1327	9097	25173	
1388	9272	25037	
1386	9176	25018	
1378	9224	24977	
1349	9089	25132	
1310	9178	25010	
1380	9058	25106	
1348	9269	24928	
1350	9095	25140	
1382	9177	25014	
1268	9186	25262	
1346	9189	24978	
1418	9101	25077	
1317	9172	25041	
1333	9166	25001	
1372	9358	24815	
1360	9275	24879	
1370	9304	24923	
1338	9112	25165	
1323	9124	25121	
1336	9403	24927	
1300	9287	25015	
1300	9124	25122	
1360	9178	25141	
1332	9094	25138	
1303	9234	25036	
1371	9063	25102	
1406	9195	24971	
1371	9078	25172	
1372	9336	24791	
1366	9239	24965	
1325	9185	24965	
1363	9303	24954	
1361	9180	25179	
1341	9257	24959	
1355	9113	25140	
1386	9163	25004	
1410	9203	25037	
1388	9215	24984	
1390	9215	25154	
1335	9141	25157	
1402	9120	25076	
1344	9282	25008	
1378	9214	25065	
1297	9213	25153	
1372	9192	25025	
1362	9244	24995	
1328	9257	24939	
1398	9256	24992	
1370	9287	24921	
1376	9080	25065	
1346	9356	24774	
1398	9035	25124	
1384	9158	25087	
1382	9180	25073	
1384	9144	25059	
1373	9195	25147	
1322	9261	24969	
1393	9149	25095	
1276	9060	25159	
1362	9176	25046	
1390	9228	24971	
1356	9160	25167	
1358	9235	24956	
1272	9091	25044	
1351	9098	25168	
1382	9177	24986	
1307	9006	24991	
1355	9154	24947	
1392	9288	25014	
1377	9164	25099	
1259	9265	24921	
1335	9129	25059	
1317	9193	25169	
1293	9298	24898	
1365	9349	24896	
1356	9172	25058	
1397	9112	25093	
1349	9101	25137	
1326	9093	25242	
1360	9243	24948	
1350	9218	25076	
1325	9275	24985	
1395	9161	24973	
1315	9275	25033	
1334	9261	24920	
1365	9126	25021	
1421	9357	24897	
1369	9307	25030	
1350	9122	25172	
1314	8985	25240	
1407	9200	25036	
1337	9359	24920	
1353	9138	25117	
1333	9142	25140	
1383	9254	24946	
1382	9271	25005	
1351	9339	25014	
1372	9238	24957	
1303	9228	25081	
1378	9103	25118	
1307	9211	24961	
1379	9155	25062	
1292	9215	25054	
1350	9016	25183	
1375	9249	25009	
1394	9208	25050	
1308	9109	25143	
1402	9178	24985	
1354	9117	25087	
1313	9106	25287	
1388	9209	25018	
1318	9331	24933	
1368	9157	25013	
1363	9247	24887	
1338	9183	24996	
1340	9068	25157	
1287	9233	25094	
1332	9231	25074	
1357	9318	25002	
1414	9196	25023	
1471	9308	25018	
1398	9108	25046	
1320	9179	25025	
1334	9143	25175	
1360	9230	25097	
1395	9174	25048	
1289	9290	25062	
1335	9150	25062	
1349	9261	25017	
1407	9187	24967	
1344	9241	24963	
1338	9107	25202	
1397	9249	25003	
1334	9194	25062	
1314	9272	24930	
1335	9234	25045	
1361	9239	25183	
1449	9294	24903	
1354	9148	25197	
1293	9188	25165	
1360	9204	24988	
1369	9344	25030	
1333	9308	24847	
1426	9063	25088	
1334	9108	25062	
1344	9183	25039	
1282	9360	25019	
1381	9125	24933	
1379	9277	24958	
1362	9194	25067	
1344	9052	25224	
1403	9116	25123	
1396	8978	25200	
1395	9171	25132	
1364	9245	24996	
1364	9332	24891	
1388	9253	25018	
1379	9118	25121	
1326	9211	25122	
1331	9219	25017	
1358	9211	25083	
1315	9236	25034	
1436	9244	25013	
1348	9178	25067	
1276	9233	24962	
1325	9218	25073	
1385	9111	25000	
1350	9098	25161	
1332	9245	25032	
1364	9085	25055	
1338	9202	25099	
1342	9181	25074	
1389	9193	25099	
1374	9200	25140	
1301	9010	25189	
1366	9279	24936	
1377	9178	24914	
1391	9149	25185	
1398	9327	24902	
1371	9182	25048	
1324	9230	25042	
1384	9066	25031	
1400	9075	25145	
1388	9033	25149	
1360	9123	25092	
1346	9310	24985	
1364	9225	24979	
1307	9113	25259	
1364	9339	24905	
1404	9364	24999	
1349	9131	24997	
1376	9256	24959	
1399	9070	25182	
1305	9146	25167	
1274	9276	24948	
1356	9330	24918	
1274	9146	25069	
1373	9298	24967	
1332	9277	25110	
1325	9317	24885	
1280	9175	25059	
1380	9151	25017	
1359	9215	24918	
1340	9292	24984	
1401	9289	24979	
1303	9262	24923	
1328	9151	25036	
1309	9020	25241	
1367	9148	25017	
1383	9264	25024	
1351	9099	25136	
1336	9191	25059	
1405	9176	25046	
1233	9152	25165	
1306	9135	25101	
1321	9150	25100	
1331	9171	24954	
1343	9123	25052	
1306	9209	25107	
1344	9329	24893	
1376	9251	24903	
1309	9224	24944	
1361	9220	24920	
1349	9389	24855	
1355	9025	25197	
1329	9081	25147	
1366	9163	25133	
1380	9134	25043	
1349	9039	25215	
1369	9172	25117	
1417	9156	25006	
1363	9266	25045	
1338	9163	25105	
1399	9176	24975	
1342	9166	25181	
1383	9118	25074	
1375	9101	25105	
1358	9159	25044	
1367	9273	24965	
1395	9354	24817	
1388	9234	24908	
1370	9141	24995	
1344	9324	24968	
1371	9150	25061	
1391	9080	24898	
1313	9163	25175	
1383	9165	24955	
1366	9124	25141	
1392	9235	24972	
1300	9309	25059	
1323	9308	24923	
1341	9190	24938	
1310	9132	25136	
1327	9121	25064	
1353	9199	24953	
1261	9255	25157	
1434	9315	24880	
1385	9293	24964	
1393	9200	25018	
1420	9322	24828	
1313	9108	25027	
1362	9281	24964	
1336	9364	24897	
1386	9266	24929	
1324	9154	25110	
1325	9283	24979	
1375	9239	25105	
1412	9227	24911	
1304	9427	24887	
1378	9322	24957	
1338	9106	25113	
1359	9224	24978	
1342	9217	25048	
1361	9122	25143	
1419	9126	24970	
1345	9143	25095	
1395	9221	25050	
1360	9157	25182	
1367	9284	25026	
1411	9111	25121	
1344	9204	25009	
1377	9181	25077	
1360	9043	25103	
1338	9165	25085	
1316	9188	25052	
1307	8991	25253	
1428	9270	24849	
1331	9157	25151	
1320	9285	25014	
1425	9237	24839	
1344	9238	25001	
1342	9062	25100	
1310	9370	24864	
1391	9086	25128	
1373	9076	25167	
1336	9296	24955	
1393	8945	25213	
1361	9111	25127	
1341	9290	25097	
1372	9175	25026	
1363	9128	25064	
1355	9164	24985	
1353	9177	25054	
1328	9314	24967	
1385	9152	25020	
1401	9020	25026	
1360	9185	25000	
1330	9223	25033	
1359	9211	25014	
1440	9143	25199	
1365	9180	25097	
1344	9260	25018	
1374	9263	24979	
1346	9229	25060	
1312	9100	25143	
1343	9169	25106	
1345	9336	24854	
1386	9202	25030	
1344	9339	25026	
1388	9195	25167	
1288	9184	25114	
1338	9294	24957	
1355	9368	25000	
1356	9281	24980	
1326	9175	25131	
1339	9270	24955	
1373	9206	25017	
1347	9106	25202	
1342	9304	25003	
1307	9119	25034	
1384	9151	25067	
1350	9268	25015	
1389	9218	24974	
1358	9348	24916	
1410	9165	24968	
1353	9292	24939	
1336	9258	25001	
1370	9264	24875	
1403	9078	25096	
1346	9120	25121	
1319	9265	24960	
1339	9123	25150	
1406	9133	25050	
1334	9215	25080	
1397	9167	24981	
1388	9158	25047	
1381	9054	25097	
1358	9303	24976	
1356	9242	24896	
1362	9124	25054	
1380	9184	25104	
1420	8999	25170	
1385	9199	24993	
1373	9193	24981	
1329	9170	25128	
1346	9159	25094	
1388	9146	25106	
1356	9148	25085	
1361	9209	25085	
1382	9298	24909	
1367	9059	25090	
1364	9150	25127	
1381	9067	25039	
1436	9247	24924	
1315	9224	25049	
1354	9245	25020	
1341	9153	25047	
1332	9266	24993	
1405	9400	24827	
1367	9073	25025	
1365	9245	24901	
1334	9052	25175	
1305	9394	24879	
1287	9074	25054	
1347	9159	25088	
1299	9122	25121	
1325	9069	25211	
1319	9239	24914	
1410	9223	25137	
1321	9289	24824	
1380	9199	24945	
1334	9333	24784	
1385	9244	25043	
1324	9152	25121	
1426	9068	25166	
1320	9119	25040	
1290	9229	25092	
1349	9346	24933	
1435	9145	25164	
1351	9150	24982	
1381	9223	24926	
1312	9313	24987	
1293	9156	25205	
1345	9113	25027	
1334	9285	24978	
1382	9177	25030	
1357	9126	25061	
1290	9141	25195	
1416	9098	25048	
1355	9197	25023	
1353	9120	25102	
1426	9144	25086	
1409	9281	24855	
1345	9267	25086	
1384	9117	25038	
1418	9330	24896	
1306	9293	25007	
1340	9092	25110	
1410	9234	25000	
1321	9283	25043	
1369	9164	25022	
1347	9177	25161	
1374	9207	25038	
1342	9080	25117	
1338	9181	25125	
1448	9156	25107	
1313	9071	25212	
1308	9239	25090	
1306	9207	25129	
1382	9180	25110	
1392	9120	25033	
1448	9191	25006	
1286	9356	24914	
1341	9193	25066	
1334	9295	24932	
1279	9227	25014	
1346	9100	25059	
1321	9269	25108	
1417	9163	25029	
1310	9101	25135	
1365	9045	25113	
1340	9245	24897	
1345	9260	24935	
1297	9198	25052	
1336	9104	25072	
1392	8974	25233	
1351	9146	25046	
1380	9189	25045	
1379	9220	25066	
1311	9135	25159	
1347	9200	25082	
1371	9067	25150	
1336	9217	25104	
1278	9325	25019	
1334	9192	25087	
1316	9297	25028	
1362	9051	25122	
1375	9291	24949	
1340	9059	25236	
1415	9234	24964	
1356	9172	25032	
1382	9422	24826	
1440	9198	25082	
1383	9138	25105	
1415	9164	25145	
1389	9151	25195	
1304	9243	25068	
1407	9393	24825	
1417	9083	25068	
1351	8996	25254	
1376	9200	25015	
1276	9379	24982	
1393	9108	24975	
1341	9245	25016	
1359	9231	24984	
1338	9153	25079	
1374	9115	25121	
1361	9211	24958	
1421	9214	24984	
1383	9109	25206	
1353	9172	25172	
1350	9221	25065	
1314	9221	25003	
1294	9181	25196	
1345	9175	25026	
1313	9102	25124	
1385	9117	25059	
1334	9104	25063	
1297	9205	25130	
1375	9230	24982	
1406	9180	25053	
1353	9203	25065	
1331	9301	24880	
1323	9274	24944	
1341	9137	25124	
1386	9235	24887	
1403	9197	25029	
1304	9212	25055	
1375	9124	25249	
1414	9278	25064	
1387	9372	24959	
1371	9212	25064	
1323	9387	24821	
1384	9105	25080	
1367	9236	24980	
1379	9033	25020	
1282	9350	24887	
1380	9200	25052	
1308	9072	25082	
1402	9266	24900	
1370	9165	25080	
1389	9379	24926	
1300	9122	25151	
1319	9241	24948	
1378	9189	25068	
1386	9098	25140	
1326	9084	25053	
1295	9192	25097	
1323	9182	25023	
1406	9268	24893	
1400	9204	25121	
1289	9039	25278	
1397	9318	24846	
1434	9180	25008	
1362	9251	25019	
1336	9237	25005	
1345	9292	24819	
1396	9110	25107	
1351	9182	25058	
1362	9233	25025	
1401	9121	25105	
1415	9218	25043	
1370	9180	25039	
1370	9192	24993	
1390	9342	24914	
1390	9258	24918	
1387	9099	25159	
1384	9183	24992	
1389	9221	24998	
1356	9244	24973	
1327	9205	25080	
1419	9074	25154	
1333	9215	24991	
1342	9012	25241	
1370	9310	24960	
1343	9252	24902	
1406	9172	25060	
1306	9387	25020	
1366	9097	25034	
1393	9162	25002	
1310	9167	25017	
1342	9221	24996	
1360	9160	25082	
1375	9075	24993	
1337	9271	25089	
1310	9174	25091	
1383	9074	25147	
1352	9190	25026	
1327	9236	24976	
1322	9090	25161	
1400	9114	24987	
1414	9169	25072	
1344	9201	24989	
1335	9210	25108	
1381	9215	25027	
1358	9163	25142	
1328	9274	25068	
1370	9285	24952	
1354	9304	24910	
1302	9161	25126	
1346	9181	24973	
1320	9213	25110	
1361	9127	25018	
1422	9226	24868	
1412	9139	25109	
1401	9074	25212	
1400	9339	25005	
1357	9137	25165	
1347	9061	25110	
1327	9068	25081	
1311	8929	25217	
1315	9232	25020	
1404	9199	24999	
1369	9090	25118	
1393	9080	25110	
1342	9287	24936	
1352	9185	25078	
1409	9205	25051	
1332	9289	25055	
1347	9245	25022	
1377	9079	25230	
1309	9115	25086	
1326	9192	25088	
1439	9274	25067	
1391	9277	24976	
1332	9285	24995	
1312	9183	25050	
1343	9216	24922	
1379	9063	25269	
1384	9127	25100	
1372	9311	24898	
1340	9129	25171	
1347	9448	24824	
1466	9246	24922	
1308	9139	25024	
1337	9188	25106	
1325	9147	25151	
1355	9348	24805	
1379	9058	25123	
1265	9384	24880	
1365	9215	24926	
1345	9022	25151	
1336	9276	24959	
1426	9289	24884	
1386	9216	25005	
1318	9007	25099	
1294	9281	25003	
1290	9328	25007	
1346	9130	25025	
1416	9211	25015	
1321	9187	25097	
1380	9079	25076	
1368	9101	25140	
1339	9217	25065	
1424	9424	24758	
1383	9183	25051	
1387	9287	24997	
1456	9113	25166	
1361	9193	25014	
1340	9219	25020	
1360	9098	25218	
1352	9207	25078	
1405	9284	24957	
1356	9112	25123	
1359	9245	24882	
1431	9118	25093	
1370	9181	25014	
1251	9258	25075	
1334	9248	24874	
1326	9302	25013	
1400	9120	25081	
1360	9126	25071	
1371	9113	25069	
1388	9214	24876	
1345	9038	25090	
1337	9015	25212	
1346	9159	25186	
1341	9290	24951	
1346	9060	25132	
1373	9218	24984	
1418	9221	24928	
1330	9222	25007	
1316	9185	25135	
1430	9133	24989	
1357	9028	25167	
1337	9065	25137	
1377	9212	24999	
1317	9263	25089	
1296	9168	24979	
1358	9097	25179	
1289	9142	25173	
1389	9184	25075	
1374	9202	25057	
1346	9280	24888	
1352	9198	25099	
1339	9339	24853	
1322	9116	25118	
1385	9099	25121	
1369	9286	25022	
1287	9206	25012	
1375	9303	24968	
1403	9022	25245	
1321	9285	24925	
1273	9088	25162	
1328	9172	24981	
1290	9187	25133	
1293	9253	24973	
1361	9057	25123	
1331	9159	25053	
1284	9177	25124	
1263	9151	25083	
1354	9061	25017	
1295	9303	24995	
1429	9094	25193	
1337	9167	25064	
1397	9135	24997	
1345	9160	25116	
1329	9207	25050	
1378	9132	25170	
1373	9059	25056	
1346	9266	24926	
1331	9301	24931	
1369	9227	24934	
1345	9307	24911	
1347	9327	24892	
1358	9187	25084	
1381	9289	24984	
1420	9240	25090	
1404	9358	24928	
1390	9288	25017	
1384	9257	24962	
1292	9162	25045	
1329	9128	25187	
1329	9163	24993	
1365	9291	24968	
1348	9296	24953	
1322	9195	25078	
1355	9216	25123	
1350	9127	25052	
1416	9199	25120	
1341	9149	25040	
1350	9273	24958	
1361	9213	25019	
1380	9104	25142	
1391	9407	24925	
1366	9189	25102	
1347	9098	25230	
1373	9250	24994	
1332	9270	24840	
1418	9227	24984	
1393	9084	25126	
1337	9149	25073	
1385	9217	24941	
1385	9235	24964	
1261	9197	25042	
1292	9128	25070	
1354	9173	24986	
1358	9361	24860	
1396	9206	25080	
1341	9110	25129	
1277	9194	25049	
1373	9111	25137	
1380	9071	25081	
1368	9223	25144	
1414	9150	25180	
1378	9293	25089	
1411	9356	24904	
1329	9304	24946	
1376	9237	25054	
1281	9252	24944	
1331	9246	25181	
1322	9215	25005	
1357	9234	25027	
1390	9345	24892	
1337	9138	25048	
1389	9353	24872	
1350	9427	24682	
1228	9228	25061	
1375	9170	25052	
1355	9084	25118	
1419	9136	25007	
1343	9234	24975	
1407	9293	25060	
1267	9190	25067	
1381	9061	25220	
1376	9027	25305	
1308	9251	24956	
1363	9311	25046	
1429	9306	24950	
1394	9375	24761	
1340	9064	25084	
1368	9136	25061	
1352	9278	25019	
1437	9266	24988	
1354	9205	24976	
1342	9162	25054	
1359	9147	25074	
1415	9115	24936	
1408	9197	24958	
1354	9220	25018	
1378	9148	24963	
1402	9136	25165	
1353	9279	24935	
1365	9099	25173	
1411	9311	24941	
1354	9221	24995	
1422	9122	25029	
1369	9048	25216	
1390	9135	24935	
1358	9172	25052	
1338	9248	25024	
1393	9167	25082	
1404	9131	25081	
1383	9202	25041	
1294	9051	25154	
1377	9182	25082	
1336	8956	25265	
1309	9214	25107	
1379	9205	25027	
1363	9039	25186	
1378	9256	25047	
1331	9285	24943	
1433	9175	25086	
1343	9012	25246	
1316	9146	25168	
1372	9135	25151	
1370	9121	25099	
1358	9130	25044	
1335	9134	24981	
1321	9269	24875	
1375	9242	24984	
1414	9138	24957	
1363	9207	25112	
1314	9285	24968	
1402	9239	25002	
1295	8990	25194	
1327	9169	25125	
1353	9107	25168	
1309	9259	24947	
1360	9210	25058	
1338	9236	25058	
1366	9175	25038	
1262	9236	25041	
1334	9170	25044	
1380	9286	24916	
1401	8946	25221	
1370	9211	24993	
1364	9128	25080	
1344	9148	25213	
1349	9355	24941	
1402	9150	25036	
1400	9117	25111	
1374	9195	25006	
1384	9149	24995	
1337	9189	25030	
1367	9169	25063	
1301	9182	25090	
1420	9273	24847	
1368	9233	24970	
1323	9217	25056	
1315	9271	25022	
1358	9267	25034	
1319	9085	25100	
1348	9204	25020	
1341	9251	24951	
1346	9183	25077	
1289	9234	25034	
1372	8989	25193	
1306	9388	25024	
1301	9167	25152	
1313	9227	24944	
1419	9226	24990	
1325	9343	24981	
1344	9165	24999	
1372	9051	25169	
1322	9057	25200	
1333	9185	25046	
1334	9161	25059	
1373	9078	25106	
1288	9211	25085	
1363	9137	25031	
1397	9302	24998	
1415	9218	25008	
1392	9263	24906	
1353	9184	24997	
1318	9221	25122	
1366	9141	25028	
1355	9250	25057	
1385	9227	25058	
1312	9191	25024	
1375	9275	25048	
1332	9105	25163	
1320	9203	24925	
1304	9388	24960	
1342	9112	25051	
1338	9112	25127	
1333	9214	24952	
1301	9279	24973	
1356	9333	24941	
1352	9136	25085	
1289	9005	25169	
1364	9212	24893	
1394	9155	24987	
1328	9209	25074	
1407	9046	25078	
1329	9252	25055	
1298	9165	25084	
1337	9282	24940	
1380	9203	25079	
1400	9222	25052	
1297	9155	25116	
1278	9147	25110	
1349	8954	25232	
1396	9162	25155	
1404	9132	25033	
1378	9140	24965	
1364	9360	24903	
1354	9108	25128	
1394	9217	25007	
1324	9221	25036	
1372	9252	24986	
1408	9125	25154	
1343	9195	24898	
1270	9409	24887	
1382	9065	25074	
1348	9020	25099	
1357	9167	24952	
1399	9224	24876	
1370	9167	25112	
1348	9153	25077	
1383	9290	24867	
1377	9203	25126	
1435	8977	25114	
1347	9234	25064	
1386	9213	24920	
1354	9147	25133	
1355	9294	25067	
1346	9268	24886	
1343	9259	24882	
1320	9233	25063	
1411	9198	24976	
1318	9372	24964	
1422	8998	25117	
1332	9114	25142	
1333	9135	25034	
1329	9207	24999	
1379	9204	24984	
1403	9230	24987	
1341	8934	25222	
1389	9126	25093	
1386	9131	25150	
1289	9370	24881	
1400	9201	25105	
1310	9239	25021	
1380	9136	25041	
1304	9182	24995	
1368	9215	25025	
1339	9024	25204	
1395	9374	24861	
1346	9116	24992	
1372	9143	25027	
1405	9257	24934	
1374	9207	24949	
1433	9185	25055	
1346	9090	25248	
1367	9293	24899	
1321	9248	24957	
1378	9164	25040	
1320	9222	24959	
1361	9312	25011	
1317	9217	24984	
1348	9198	25017	
1381	9162	24963	
1328	9328	24971	
1320	9157	25170	
1292	9196	25053	
1342	9220	25064	
1371	9301	24908	
1366	9076	25208	
1369	9206	25019	
1391	9236	25069	
1362	9155	25096	
1351	9181	25015	
1295	9265	25113	
1395	9172	25001	
1378	9265	25020	
1340	9081	25083	
1255	9226	25048	
1341	9208	25078	
1340	9176	25047	
1281	9220	25092	
1367	9341	24949	
1369	9264	24925	
1372	9036	25095	
1359	9142	24996	
1333	9097	25216	
1312	9233	25062	
1392	9282	24933	
1430	9426	24832	
1330	9313	24915	
1435	9244	25076	
1350	9014	25140	
1441	9206	25125	
1358	9280	24973	
1329	9014	25252	
1438	9128	25055	
1434	9088	25104	
1394	9273	24888	
1359	9185	25061	
1370	9437	24859	
1283	8972	25321	
1407	9182	25082	
1336	9232	25158	
1341	9230	24997	
1356	8998	25092	
1329	9211	25032	
1339	9218	24997	
1351	9302	25048	
1416	9121	25161	
1380	9136	25075	
1321	9104	25172	
1346	9304	24897	
1380	9285	24873	
1390	9143	25022	
1289	9266	24912	
1362	9130	25032	
1330	9210	25040	
1366	9226	24966	
1355	9281	24885	
1349	9019	25258	
1323	9074	25193	
1333	9272	25072	
1331	9113	25084	
1330	9251	25016	
1366	9170	25035	
1409	9138	24986	
1312	9209	25067	
1320	9245	24987	
1399	9220	24981	
1295	9151	25161	
1363	9309	24993	
1402	9186	24923	
1395	9163	24937	
1345	9182	25070	
1355	9276	24925	
1390	9063	25157	
1356	9252	25074	
1376	9171	25088	
1380	9217	25105	
1331	9224	25009	
1296	9260	25046	
1350	9211	25096	
1338	9144	25048	
1300	9112	25219	
1321	9236	25056	
1295	9132	25087	
1328	9085	25138	
1304	9216	25019	
1333	9321	24993	
1390	9248	24971	
1417	9061	25207	
1347	9135	25101	
1350	9257	25050	
1333	9224	25041	
1342	9118	25110	
1300	9286	25073	
1352	9174	25021	
1370	9211	25068	
1370	9182	24968	
1375	9065	25114	
1389	9148	25245	
1385	9162	25119	
1300	9181	25169	
1345	8930	25246	
1364	9178	24994	
1427	9376	24939	
1373	9176	25006	
1331	9092	25120	
1417	9232	24984	
1384	9245	25003	
1431	9144	24964	
1405	9037	25202	
1348	9322	24999	
1329	9151	25048	
1282	9175	25051	
1357	9192	24949	
1370	9179	24977	
1362	9141	25098	
1351	9149	25212	
1370	9282	24981	
1306	9178	25025	
1353	9203	25055	
1377	9165	25049	
1373	9049	25248	
1423	9342	24846	
1313	9161	25034	
1360	9244	25077	
1294	9123	25248	
1376	9229	24999	
1357	9196	25093	
1413	9198	24994	
1358	9145	25096	
1418	9060	25079	
1411	9089	25090	
1260	9127	25110	
1349	9262	24833	
1381	9345	24860	
1348	9397	24980	
1337	9247	25000	
1327	9123	25085	
1413	9144	25056	
1283	9047	25068	
1317	9140	25214	
1354	9350	24904	
1342	9167	25131	
1354	9379	24862	
1342	9247	24979	
1364	9149	25016	
1392	9355	24772	
1365	9096	25100	
1337	9061	25135	
1343	9188	25066	
1366	9266	24962	
1365	9239	24927	
1385	9190	24990	
1358	9066	25215	
1403	9117	25135	
1381	9279	24944	
1387	9290	24900	
1340	9148	25144	
1361	9059	25143	
1339	9129	25196	
1430	9161	25024	
1368	9093	25206	
1407	9208	24976	
1358	8946	25349	
1397	9316	24876	
1362	9159	25095	
1290	9283	24980	
1361	9214	25018	
1419	9097	25092	
1361	9041	25213	
1353	9142	25098	
1368	9359	24859	
1366	9215	25105	
1358	9206	25078	
1402	9286	24975	
1323	9192	25026	
1321	9148	25091	
1384	9011	25184	
1341	9230	25049	
1281	9038	25200	
1381	9157	25021	
1353	9042	25062	
1376	9238	24943	
1390	9197	25072	
1349	9181	25097	
1406	9101	25052	
1377	9118	25106	
1387	9162	24924	
1428	9179	24972	
1292	9121	25226	
1362	9298	25013	
1326	9245	24950	
1407	9181	24863	
1312	9229	25030	
1404	9118	25038	
1364	9301	24958	
1382	9265	24903	
1348	9309	24878	
1426	9244	24991	
1329	9285	25008	
1285	9267	24971	
1356	9260	24866	
1402	9104	25099	
1417	9271	24981	
1318	9136	25200	
1313	9300	24884	
1442	9291	24814	
1347	9266	25022	
1331	8928	25385	
1333	9110	25153	
1390	9296	24995	
1366	9157	25128	
1364	9029	25153	
1330	9341	24883	
1438	9174	24931	
1367	9298	24909	
1345	9153	24910	
1329	9204	25005	
1381	9077	25128	
1347	9217	25123	
1360	9132	25068	
1359	9236	24999	
1391	9162	25074	
1389	9315	24983	
1349	9121	25156	
1348	9164	25042	
1359	9186	25068	
1298	9273	25095	
1315	9152	25123	
1276	9225	25111	
1299	9347	24842	
1390	9201	24971	
1405	9174	25088	
1320	9322	24983	
1350	9204	25077	
1377	9314	24952	
1374	9192	25062	
1420	9100	25010	
1338	9333	24817	
1388	9211	24923	
1345	9231	25042	
1432	9161	25086	
1408	9141	25105	
1335	9179	24995	
1293	9218	25104	
1336	9097	25070	
1375	9175	24953	
1344	9166	25152	
1370	9231	25085	
1400	9280	24871	
1354	9041	25077	
1338	9171	25151	
1280	9224	25209	
1412	9190	24981	
1326	9274	25019	
1300	9258	24856	
1356	9223	24945	
1434	9111	25063	
1324	9105	25043	
1313	9089	24999	
1383	9190	24975	
1290	9132	25170	
1278	9257	24956	
1384	9277	24831	
1321	9007	25143	
1361	9242	25000	
1303	9199	25095	
1285	9519	24843	
1349	9209	24982	
1382	9187	25114	
1332	9160	25039	
1306	9206	25039	
1419	9250	24928	
1323	9219	25065	
1354	9232	24939	
1346	9181	25047	
1347	9184	25019	
1356	9209	25006	
1361	9082	25252	
1349	9236	25115	
1344	9207	24944	
1416	9164	25024	
1297	9138	25143	
1407	9166	25107	
1352	9242	24998	
1347	9252	25027	
1283	9278	24868	
1392	9282	24924	
1428	9239	24969	
1359	9222	25018	
1370	9236	24916	
1331	9128	25043	
1363	9360	24880	
1335	9183	25119	
1358	9222	25018	
1380	9236	24984	
1346	9037	25200	
1395	9191	25071	
1382	9191	25033	
1383	9268	24939	
1396	9168	24998	
1374	9111	25086	
1336	9181	25054	
1398	9248	24918	
1303	9279	25064	
1355	9307	24920	
1341	9228	24925	
1411	9307	24944	
1398	9343	24893	
1413	9092	24972	
1330	9050	25246	
1367	9248	24956	
1400	9151	25032	
1371	9289	24987	
1314	9171	25104	
1365	9151	24988	
1382	9267	25005	
1343	9234	25042	
1321	9081	25128	
1371	9148	25110	
1365	9251	25049	
1382	9285	24962	
1315	9167	25027	
1335	9106	25171	
1425	9132	25112	
1396	9284	24872	
1380	9274	25028	
1281	9175	25130	
1332	9186	25055	
1381	9227	25006	
1400	9286	24911	
1254	9193	25149	
1340	9182	25100	
1375	9257	25109	
1361	9121	25169	
1356	9156	25034	
1357	9069	25195	
1398	9230	24867	
1296	9236	24940	
1386	9159	25108	
1252	9039	25148	
1334	9195	25057	
1409	9136	25180	
1378	9174	25061	
1363	9236	24950	
1340	9194	24979	
1293	9137	25160	
1415	9141	25086	
1352	9269	24984	
1353	9249	25042	
1307	9162	25124	
1304	9121	25125	
1383	9120	25014	
1407	9085	25164	
1387	9126	25040	
1360	9243	24933	
1364	9134	25102	
1374	9225	24997	
1355	9130	25220	
1377	9121	25041	
1359	9237	25114	
1316	9073	25183	
1367	9121	25101	
1338	9166	25108	
1369	9259	25074	
1408	9280	24920	
1369	9076	25142	
1425	9152	24999	
1321	9304	24855	
1383	9192	25077	
1447	9118	25093	
1345	9187	24976	
1336	9247	25081	
1398	9042	25179	
1354	9197	25001	
1338	9283	25021	
1378	9203	25007	
1376	9307	24827	
1340	9184	25004	
1308	9090	25168	
1340	9199	25058	
1334	9124	25047	
1324	9086	25213	
1333	9069	25075	
1296	9164	25064	
1317	9184	25081	
1403	9235	24970	
1319	9340	24952	
1356	9313	24937	
1342	9178	25116	
1368	9171	25102	
1362	9212	24982	
1404	9321	24848	
1367	9266	24950	
1392	9175	25019	
1348	9260	24972	
1357	9001	25303	
1368	9092	25100	
1352	9371	24787	
1411	9319	24972	
1331	9207	24958	
1411	9088	24971	
1410	9383	24910	
1354	9044	25145	
1314	9116	25140	
1361	9139	25090	
1363	9089	25155	
1304	9161	25098	
1370	9148	25064	
1371	9135	25077	
1413	9148	25059	
1309	9259	24897	
1338	9215	25050	
1336	9194	25118	
1275	9134	25255	
1345	9243	24969	
1320	8976	25212	
1298	9381	24853	
1353	9230	25066	
1335	9233	25008	
1352	9081	25199	
1292	9054	25148	
1289	9178	25029	
1335	9062	25136	
1388	9221	24967	
1409	9254	25044	
1310	9260	25070	
1361	9160	25026	
1398	9226	25039	
1379	9163	24989	
1354	9156	25094	
1358	9112	25054	
1421	9124	25061	
1309	9364	24852	
1346	9250	25043	
1449	9258	24948	
1416	9191	24900	
1385	9133	24961	
1309	9194	24976	
1400	9242	24983	
1375	9148	24999	
1380	9277	24907	
1358	9113	25052	
1373	9158	25015	
1309	9141	25045	
1393	9143	25239	
1392	9171	25041	
1359	9199	25031	
1390	9105	25067	
1337	9252	25142	
1407	9153	25145	
1335	9052	25135	
1299	9175	25068	
1303	9211	25041	
1327	9337	25007	
1371	9116	25081	
1372	9150	25049	
1360	9421	24886	
1328	9137	25065	
1326	9246	25075	
1355	9105	25144	
1363	9296	24985	
1338	9228	25051	
1313	9201	25047	
1363	9099	25190	
1290	9160	25061	
1391	9298	25102	
1412	9232	24928	
1374	9220	25039	
1344	9124	25050	
1400	9151	25071	
1261	9342	24936	
1343	9289	24994	
1263	9068	25231	
1342	9260	25020	
1369	9198	25053	
1419	9190	25070	
1352	9094	25186	
1384	9304	24968	
1337	9072	25169	
1349	9137	25030	
1322	9030	25316	
1398	9247	24813	
1309	9272	25008	
1410	9091	25102	
1384	9213	24914	
1430	9248	24977	
1399	9262	25084	
1363	9210	25055	
1386	9231	25007	
1374	9231	24960	
1368	9248	24990	
1263	9226	25098	
1350	9322	25039	
1335	9117	25038	
1367	9316	25053	
1319	9163	25081	
1343	9149	25097	
1316	9234	25012	
1347	9323	24986	
1324	9265	24998	
1359	9227	24931	
1370	9253	24933	
1374	9205	24928	
1314	9243	24986	
1334	9227	25048	
1332	9229	25028	
1291	9273	24944	
1353	9133	25049	
1367	9354	24914	
1366	9166	25058	
1345	9381	24961	
1323	9139	25201	
1400	9261	24901	
1323	9145	25172	
1430	9225	24994	
1351	9084	25139	
1395	9202	24950	
1370	9257	25004	
1341	9228	25091	
1352	9182	25067	
1371	9226	25028	
1381	9155	25073	
1360	9106	25184	
1341	9306	24940	
1308	9174	25037	
1344	9174	25084	
1282	9310	25027	
1394	9234	24965	
1385	9085	25122	
1384	9145	25014	
1416	9108	25151	
1392	9249	24979	
1337	9272	25018	
1366	9261	24933	
1364	9177	25058	
1403	9355	24951	
1337	9136	25036	
1364	9132	24992	
1282	9133	25097	
1357	9248	24979	
1376	9230	24914	
1376	9066	25175	
1355	9292	24910	
1383	9121	25044	
1399	9047	25127	
1378	9157	25125	
1367	9108	25074	
1307	9172	24981	
1305	9255	25049	
1317	9103	25138	
1319	9219	24983	
1370	9154	25081	
1347	9084	25075	
1346	9254	25028	
1368	9129	25056	
1404	9258	25009	
1358	9118	24992	
1366	9010	25239	
1322	9113	25160	
1385	9293	25024	
1358	9187	25080	
1272	9148	25165	
1359	9206	25052	
1393	9159	25043	
1382	9367	24868	
1330	9210	24967	
1382	9128	25039	
1357	9218	25053	
1326	9331	24907	
1411	9078	25119	
1360	9514	24818	
1340	9206	25163	
1302	9086	25169	
1330	9236	25092	
1390	9136	25015	
1378	9184	25056	
1324	9314	24918	
1343	9164	25049	
1395	9299	25018	
1311	9243	24926	
1318	9243	25047	
1389	9102	25074	
1384	9213	24921	
1401	9259	24892	
1374	9053	25105	
1361	9228	24946	
1394	9132	25072	
1347	9220	24927	
1410	9206	25043	
1329	9145	25104	
1397	9081	25104	
1365	9292	24931	
1354	9318	24914	
1338	9142	25118	
1396	9173	25071	
1337	9268	25100	
1341	9340	24946	
1322	9354	24829	
1346	9343	24965	
1396	9067	25083	
1420	9042	25063	
1371	9099	24917	
1368	9262	25005	
1416	9067	25156	
1292	9214	25004	
1339	9365	24917	
1363	9333	24940	
1314	9316	24971	
1322	9362	24988	
1415	9220	25028	
1345	9239	25177	
1392	9149	24995	
1365	9201	25110	
1311	9189	25121	
1363	9144	25016	
1393	9002	25192	
1371	9234	25092	
1353	9323	24945	
1311	9066	25102	
1348	9205	25067	
1360	9091	25210	
1390	8991	25228	
1374	9042	25069	
1350	9320	24873	
1430	9246	24825	
1330	9082	25206	
1311	9185	25068	
1265	9182	25182	
1374	9272	24987	
1320	9248	24966	
1365	9107	25133	
1366	9260	25064	
1396	9228	25029	
1332	9169	25029	
1408	9204	24975	
1357	9217	25021	
1349	9162	25076	
1340	9244	25031	
1309	9239	24897	
1299	9196	25037	
1324	9190	24923	
1358	9325	25058	
1349	9032	25201	
1365	9149	25110	
1298	9314	24854	
1405	9328	24913	
1361	9223	25109	
1326	9009	25314	
1420	9143	25094	
1356	9142	25038	
1396	9276	24921	
1351	9109	25076	
1306	9223	25020	
1351	9113	25243	
1304	9152	25160	
1368	9139	24964	
1352	9065	25123	
1312	9122	25014	
1282	9128	25030	
1368	9209	24976	
1326	9081	25104	
1361	9190	25096	
1332	9145	25116	
1404	9179	24979	
1387	9241	25033	
1398	9255	24987	
1350	9155	25017	
1310	9222	25120	
1404	9233	25006	
1298	9311	24953	
1338	9146	25027	
1376	9101	25197	
1387	9206	25116	
1355	9151	25164	
1335	9299	24981	
1302	9226	25008	
1367	9128	25073	
1400	9136	25063	
1349	9138	25097	
1330	9297	24980	
1382	9190	25154	
1335	9119	25037	
1381	9114	25100	
1371	9275	24900	
1376	9386	24837	
1326	9171	25064	
1375	8992	25259	
1322	9241	25011	
1333	9292	24967	
1358	9268	24981	
1305	9286	24967	
1383	9146	25086	
1336	9360	24932	
1317	9223	24949	
1339	9278	24911	
1238	9320	24990	
1390	9185	24983	
1369	9174	25156	
1342	9275	24963	
1335	9280	24856	
1404	9138	24947	
1310	9260	25043	
1374	9206	24964	
1349	9164	25089	
1364	9199	25152	
1408	9391	24878	
1329	9193	25027	
1396	9204	25012	
1296	9219	25163	
1402	9192	25048	
1429	9156	25133	
1320	9164	25100	
1329	9188	25059	
1292	9203	25082	
1313	9288	24985	
1364	9418	24882	
1363	9165	25007	
1336	9095	24956	
1378	9136	24985	
1381	9270	24920	
1357	9149	25226	
1282	9180	25207	
1347	9124	25080	
1357	9161	25089	
1338	9141	25181	
1356	9149	25123	
1260	9250	25078	
1354	9171	25015	
1347	9175	25162	
1329	9111	25217	
1307	9177	25133	
1341	9288	24925	
1392	9264	24938	
1243	9190	25081	
1406	9102	25131	
1320	9040	25313	
1369	9186	25018	
1332	9058	25277	
1410	9314	24928	
1404	9111	25060	
1314	9098	25092	
1302	9218	25153	
1380	9315	24950	
1350	9231	25107	
1358	9256	24976	
1349	9289	24994	
1326	9173	25115	
1356	9196	25042	
1352	9127	25079	
1339	9215	24989	
1341	9210	25148	
1364	9121	24986	
1331	9139	25170	
1236	9363	24906	
1351	9165	25077	
1327	9300	25050	
1383	9198	24963	
1370	9140	25154	
1343	9098	25060	
1372	9234	24980	
1372	9313	24830	
1384	9285	24973	
1338	9197	25040	
1321	9281	24908	
1320	9222	25047	
1351	9189	25059	
1297	9110	25179	
1352	9364	24927	
1394	9263	24920	
1340	9203	25088	
1417	9074	25001	
1395	9357	24865	
1290	9193	25070	
1334	9277	25091	
1384	9186	24954	
1380	9254	24991	
1337	9170	25177	
1399	9262	24877	
1377	9053	25122	
1309	9211	25014	
1356	9123	24946	
1403	9214	24910	
1302	9353	24916	
1350	9264	25094	
1430	9136	25138	
1291	9228	25003	
1351	9352	24956	
1330	9238	25021	
1308	9259	25001	
1409	9158	25051	
1446	9244	24991	
1321	9288	24957	
1340	9128	25172	
1335	9198	25142	
1337	9333	24886	
1346	9187	24960	
1408	9209	24915	
1301	9280	24897	
1384	9236	24994	
1389	9309	24987	
1389	9122	25124	
1346	9158	25124	
1360	9277	24938	
1366	9235	24988	
1359	9363	24762	
1378	9255	24952	
1366	9196	25068	
1395	9287	24944	
1371	9262	24926	
1314	9245	25168	
1365	9210	24999	
1395	9175	25048	
1412	9211	24955	
1386	9138	25115	
1403	9121	25018	
1335	9207	25106	
1426	9088	25201	
1338	9227	25017	
1353	9234	24829	
1292	9145	25116	
1343	9142	25168	
1356	9039	25048	
1308	9134	25060	
1356	9131	25109	
1426	9226	24962	
1382	9127	25034	
1328	9243	25064	
1235	9295	25017	
1378	9270	25060	
1286	9247	24957	
1387	9150	25120	
1327	9215	24855	
1330	9159	25048	
1408	9151	25063	
1291	9195	25137	
1283	9147	25007	
1338	9186	25068	
1338	9082	25087	
1285	9144	25104	
1367	9192	25034	
1331	9018	25205	
1356	9285	24925	
1363	9063	25108	
1306	9332	25011	
1385	9076	25084	
1341	9278	25028	
1316	9169	24975	
1417	9056	25149	
1337	9169	25238	
1297	9151	25061	
1379	9353	24851	
1302	9351	24797	
1348	9309	24946	
1326	9196	24989	
1331	9285	25073	
1340	9149	25145	
1382	9273	24974	
1345	9276	25004	
1370	9235	24910	
1383	9218	24966	
1363	9289	24892	
1284	9079	25205	
1298	9206	24909	
1333	9218	24985	
1355	9175	25019	
1273	9322	25079	
1370	9067	25082	
1327	9051	25208	
1363	9138	25114	
1322	9112	25102	
1405	9248	25019	
1386	9157	25069	
1415	9162	24976	
1372	9238	24983	
1341	9195	25047	
1394	9257	24906	
1380	9159	25083	
1324	9253	25100	
1391	9192	25028	
1338	9206	25035	
1302	9157	25054	
1370	9187	24993	
1356	9291	24979	
1314	9131	25049	
1352	9229	24928	
1407	9214	25014	
1378	9179	25134	
1373	9187	24983	
1363	9123	24995	
1384	9205	25014	
1320	9248	25018	
1315	9391	24934	
1357	9125	25044	
1347	9096	25121	
1413	9212	24944	
1271	9224	25074	
1272	9238	25144	
1321	9262	24996	
1369	9252	25016	
1330	9144	25132	
1343	9209	24965	
1380	9091	25147	
1432	9161	25122	
1372	9203	25042	
1270	9207	25041	
1371	9272	24980	
1398	9174	25043	
1337	9154	25228	
1278	9165	25082	
1303	9378	24909	
1376	9101	25156	
1407	9117	25100	
1393	9189	25066	
1338	9122	25026	
1436	9135	25109	
1305	9202	25119	
1355	9125	25068	
1401	9331	24834	
1380	9029	25152	
1345	9343	24870	
1356	9137	25067	
1384	9109	25012	
1366	9249	24910	
1332	9148	25121	
1389	9129	25145	
1363	9102	25210	
1354	9249	25118	
1357	9268	25044	
1362	9096	25228	
1317	9235	24983	
1345	9097	25081	
1374	9237	25017	
1387	9285	24985	
1405	9134	25035	
1327	9101	25231	
1343	9104	25112	
1397	9146	25057	
1357	9306	24891	
1360	9222	24915	
1358	8961	25099	
1322	9237	24863	
1309	9114	25042	
1361	9292	25072	
1351	9185	25102	
1309	9170	25092	
1403	9233	24933	
1401	9094	25061	
1322	9093	25197	
1440	9136	24995	
1356	9140	25051	
1367	9127	25155	
1307	9298	25018	
1317	9141	25006	
1337	9263	25053	
1344	9093	25160	
1334	9118	25150	
1329	9274	24988	
1278	9142	25097	
1406	9254	24923	
1382	9271	24980	
1365	9074	25196	
1384	9157	25172	
1366	9365	24962	
1370	9195	24988	
1409	9132	25039	
1291	9281	24963	
1312	9129	25038	
1358	9297	24971	
1365	9124	24968	
1372	9179	25058	
1375	9155	25052	
1380	9263	25068	
1352	9229	24954	
1389	9167	24957	
1406	9156	25017	
1374	9098	25093	
1373	9268	25076	
1383	9087	25180	
1322	9110	25182	
1367	9281	24835	
1297	9396	24908	
1323	9250	25012	
1377	9298	24890	
1329	9272	25097	
1410	9075	25126	
1336	9300	25053	
1368	9101	25268	
1374	9213	24961	
1382	9116	25193	
1327	9308	24923	
1327	9154	24916	
1339	9295	24963	
1368	9111	25094	
1362	9150	25083	
1420	9146	24985	
1341	9186	25087	
1377	9282	25017	
1390	9314	24915	
1369	9243	25030	
1343	9190	25117	
1388	9149	24925	
1408	9119	25085	
1364	9222	25091	
1393	9243	24971	
1317	9255	24976	
1323	9187	24987	
1373	9083	25045	
1358	9176	25063	
1389	9242	24965	
1404	9110	24972	
1337	9203	25206	
1368	9236	24976	
1371	9157	25041	
1401	9122	25046	
1368	9325	25002	
1419	9114	25049	
1391	9183	25031	
1313	9187	24968	
1292	9141	25127	
1366	9121	25054	
1344	9239	24942	
1405	9144	25190	
1379	9294	25009	
1328	9182	24972	
1382	9151	25138	
1400	9147	25062	
1357	9204	24954	
1390	9182	25116	
1335	9276	24996	
1368	9051	25165	
1335	9164	25066	
1291	9250	24942	
1391	9258	24982	
1367	9297	24977	
1385	9165	25129	
1411	9258	25003	
1297	9210	24990	
1318	9288	24967	
1407	9236	24930	
1383	9219	24989	
1401	9388	24819	
1367	9116	25133	
1333	9311	24990	
1411	9154	24930	
1346	9124	25057	
1327	9299	24937	
1352	9062	25139	
1385	9245	24988	
1389	9353	25011	
1338	9134	25004	
1363	9173	24976	
1352	9239	25108	
1382	9251	25022	
1379	9251	25012	
1363	9067	25057	
1325	9207	25128	
1441	9258	24938	
1347	9085	25125	
1428	9150	25043	
1310	9111	25073	
1311	9154	25056	
1332	9239	25141	
1341	9292	24956	
1354	9320	24914	
1379	9163	25074	
1369	9327	25000	
1304	9118	25234	
1322	9321	24931	
1328	9276	25015	
1362	9253	24945	
1354	9260	25064	
1363	9126	25094	
1345	9195	25149	
1366	9175	25035	
1344	9233	25050	
1397	9048	25160	
1332	9281	24907	
1352	9143	25131	
1417	9114	25134	
1299	9093	25223	
1372	9173	25055	
1331	9221	25024	
1414	9201	25014	
1353	9112	25227	
1315	9340	24836	
1421	9125	24995	
1296	9102	25183	
1428	9106	25163	
1387	9208	25085	
1318	9198	25084	
1352	9222	25113	
1338	9437	24770	
1288	9190	25088	
1405	9074	25105	
1355	9129	25134	
1373	9067	25206	
1274	9168	25012	
1315	9227	24906	
1376	9240	24968	
1407	9064	25078	
1340	9142	25051	
1346	9368	24870	
1331	9215	25035	
1374	9141	25059	
1320	9183	25047	
1360	9107	25096	
1307	9211	25060	
1287	9316	24970	
1367	9263	24871	
1312	9200	24986	
1387	9280	24972	
1321	9236	24998	
1370	9259	25041	
1316	9411	24890	
1399	9364	24959	
1323	9325	24891	
1329	9105	25134	
1385	9038	24973	
1361	9094	25197	
1411	9058	25164	
1357	9145	25123	
1354	9213	25052	
1385	9277	24856	
1414	9290	24928	
1370	9258	24983	
1368	9176	24985	
1364	9300	25027	
1403	9180	24936	
1359	9170	25101	
1321	9227	25114	
1284	9303	24992	
1282	9142	25125	
1320	9118	25250	
1386	9284	24913	
1330	9163	25001	
1325	9214	25014	
1419	9206	25012	
1326	9109	25109	
1430	9161	25012	
1389	9037	25147	
1412	9198	25107	
1299	9207	25078	
1331	9218	24896	
1353	9145	25094	
1290	9202	25090	
1351	9197	24964	
1343	9311	24888	
1348	9258	25049	
1299	9172	25086	
1335	9345	24923	
1417	9215	24922	
1330	9251	25147	
1348	9078	25211	
1337	9130	25105	
1336	9167	25064	
1381	9139	25177	
1300	9327	25003	
1309	9166	25052	
1325	9144	25148	
1329	9039	25072	
1349	9200	25050	
1380	9052	25180	
1411	9189	25039	
1332	9183	24997	
1328	9165	25096	
1316	9047	25165	
1395	9347	24948	
1401	9212	24943	
1328	9184	25018	
1336	9164	25152	
1308	9323	25010	
1325	9200	25013	
1383	9195	24818	
1379	9374	24856	
1371	9176	24921	
1355	9181	25016	
1388	9207	25145	
1400	9204	25105	
1356	9266	25013	
1300	9265	25061	
1326	9318	24987	
1444	9116	25042	
1339	9190	25114	
1318	9226	25051	
1335	9254	24914	
1408	9023	25170	
1324	9180	25154	
1302	9051	25142	
1299	9228	25075	
1392	9253	24972	
1369	9250	25077	
1387	9220	25071	
1286	9214	25061	
1317	9261	25006	
1380	9256	24995	
1296	9238	25086	
1380	9139	25098	
1380	9164	25126	
1380	9176	25006	
1434	9137	25076	
1359	9154	25153	
1395	9255	25047	
1370	9110	25156	
1297	9221	24999	
1354	9055	25170	
1389	9265	24935	
1337	9196	25037	
1375	9230	25023	
1325	9328	25016	
1322	9096	25241	
1349	9206	25050	
1315	9183	25015	
1376	9316	25127	
1400	9145	25059	
1309	9124	25135	
1390	9303	24935	
1340	9271	25003	
1383	9317	24979	
1366	9040	25167	
1333	9243	25032	
1394	9196	25031	
1343	9174	25140	
1413	9166	24949	
1334	9149	25207	
1367	9439	24743	
1343	9276	24923	
1319	9169	25165	
1349	9048	25218	
1372	9202	25062	
1346	9183	25028	
1337	9200	25048	
1407	9132	25123	
1321	9276	24975	
1418	9170	24891	
1337	9304	24943	
1307	9260	25023	
1373	9286	25039	
1378	9269	24983	
1321	9239	24939	
1344	9268	24951	
1394	9292	24911	
1388	9107	25096	
1310	9130	25114	
1366	9113	25092	
1391	9231	25035	
1308	9254	25008	
1383	9313	24948	
1305	9355	25017	
1310	9204	25025	
1424	9279	24969	
1318	9169	25025	
1416	9199	25009	
1354	9233	24985	
1373	9294	24995	
1381	9193	25009	
1338	9286	24889	
1359	9006	25200	
1351	9024	25182	
1340	9345	25058	
1376	9122	25020	
1355	9303	25001	
1388	9261	25010	
1370	9173	25103	
1404	9065	25229	
1381	9181	25025	
1334	9150	24980	
1416	9244	25030	
1349	9095	25176	
1403	9130	25075	
1398	9160	25233	
1374	9125	25098	
1399	9234	25040	
1434	9226	24960	
1310	9168	25089	
1387	9178	25028	
1326	9235	24935	
1363	9186	25074	
1352	9233	24989	
1359	9137	25149	
1370	9234	24980	
1352	9140	25175	
1262	9113	25164	
1357	9289	25036	
1391	9239	24965	
1329	9254	24945	
1337	9209	25047	
1317	9233	25045	
1360	9239	25084	
1378	9198	25009	
1343	9269	24889	
1365	9208	24968	
1429	9105	24987	
1401	9202	24918	
1317	9105	25150	
1409	9353	24759	
1427	9160	25014	
1286	9290	25029	
1348	9308	24886	
1344	9169	25086	
1312	9288	25002	
1335	9387	24892	
1301	9147	25198	
1312	9053	25258	
1436	9116	25274	
1349	9178	25093	
1409	9342	24930	
1353	9227	25044	
1351	9300	25065	
1404	9109	25188	
1281	9251	25019	
1321	9275	24960	
1367	9254	25030	
1314	9280	24879	
1334	9285	24959	
1345	9212	25051	
1403	9163	25058	
1373	9304	24933	
1390	9227	24994	
1322	9147	25183	
1372	9159	25047	
1338	9275	25005	
1326	9168	25065	
1391	9046	25246	
1386	9217	25064	
1400	9208	25052	
1382	9020	25138	
1334	9279	24976	
1363	9281	24874	
1354	9205	24975	
1425	9114	25108	
1427	9162	25086	
1331	9121	25130	
1362	9239	25045	
1327	9223	24838	
1335	9214	25104	
1431	9143	25061	
1345	9342	25038	
1327	9189	25030	
1359	9043	25221	
1352	9127	25090	
1412	9170	25130	
1304	9321	24979	
1427	9194	25098	
1375	9216	25110	
1360	9239	25019	
1384	9145	24979	
1290	9194	25115	
1419	9205	25064	
1381	9057	25192	
1339	9118	25142	
1394	9272	24949	
1375	9258	25011	
1388	9148	25020	
1347	9248	24940	
1397	9131	25098	
1324	9340	24885	
1306	8982	25313	
1292	9174	25009	
1351	9061	25281	
1359	9246	24913	
1321	9205	24962	
1352	9218	24988	
1360	9080	25213	
1330	9145	25117	
1386	9190	24861	
1351	9172	24972	
1345	9117	25200	
1378	9187	25106	
1315	9137	25167	
1387	9246	24961	
1361	9179	25045	
1353	9238	24985	
1303	9146	25144	
1363	9170	25083	
1334	9364	24868	
1353	9283	24904	
1326	9258	25032	
1313	9281	25035	
1271	8909	25409	
1336	9230	24965	
1338	9151	25134	
1324	9173	24981	
1341	9223	24995	
1389	9314	24874	
1347	9145	25118	
1378	9269	25076	
1383	9277	25049	
1381	9157	25035	
1348	9199	25161	
1392	9339	24928	
1340	9132	25066	
1344	9268	25040	
1338	9337	24866	
1423	9257	24826	
1317	9252	24991	
1311	9186	25103	
1340	9219	25009	
1392	9129	25260	
1329	9241	24934	
1429	9338	24861	
1374	9148	24940	
1288	9172	25107	
1343	9252	24918	
1347	9017	25262	
1366	9161	25073	
1347	9150	25123	
1391	9136	25126	
1405	9192	25007	
1404	9237	24966	
1395	9132	25073	
1332	9169	25012	
1380	9127	25112	
1258	9265	24974	
1388	9256	24933	
1363	9259	25026	
1325	9192	25082	
1311	9025	25323	
1339	9205	25051	
1363	9333	24922	
1415	9162	25092	
1246	9332	24800	
1383	9178	24994	
1303	9201	25137	
1354	8997	25198	
1331	9265	24996	
1350	9196	24993	
1370	9294	24902	
1389	9135	25082	
1379	9238	25030	
1346	9262	25098	
1349	9123	25088	
1366	9253	25049	
1374	9087	25197	
1332	9254	24975	
1354	9211	24985	
1321	9243	25126	
1341	9258	25039	
1369	9057	25155	
1400	9211	24973	
1350	9213	25034	
1421	9164	25033	
1294	9238	25036	
1256	9194	25136	
1366	9172	25035	
1353	9262	25018	
1363	9348	24839	
1402	9110	25046	
1398	9264	24950	
1277	9355	24979	
1361	9248	25073	
1402	9120	25053	
1279	9223	25105	
1395	9205	25009	
1306	9319	24894	
1357	9174	25029	
1334	8999	25187	
1360	9182	25094	
1368	9270	24924	
1393	9186	24910	
1400	9264	25017	
1358	9207	25094	
1329	9179	25040	
1346	9113	25109	
1350	9034	25130	
1371	9302	24885	
1361	9115	25180	
1378	9177	25021	
1398	9196	25108	
1319	9169	25049	
1397	9078	24980	
1327	9349	24984	
1362	9149	25161	
1354	9244	24961	
1356	9213	24971	
1365	9145	25173	
1297	9283	25000	
1339	9245	25080	
1390	9188	25029	
1341	9098	25073	
1353	9320	25019	
1358	9220	25089	
1378	9224	25050	
1374	9125	25146	
1362	9305	25008	
1373	9114	25076	
1407	9059	25112	
1312	9152	25123	
1326	9262	24974	
1319	9285	25016	
1279	9150	25068	
1391	9287	24998	
1375	9302	24892	
1392	9172	25164	
1308	9145	25057	
1387	9143	25082	
1414	9171	25042	
1306	9306	24990	
1429	9177	24995	
1360	9120	25165	
1394	9224	25043	
1434	9092	25141	
1348	9119	25137	
1344	9150	25089	
1295	9067	25216	
1390	9175	24994	
1282	9185	24956	
1355	9130	25215	
1383	9305	24950	
1316	9054	25202	
1331	9164	25054	
1288	9202	24973	
1315	9161	25104	
1394	9262	25000	
1324	9248	24934	
1438	9181	24998	
1344	9276	24924	
1406	9212	24987	
1313	9175	24942	
1383	9079	25242	
1491	9089	25076	
1395	9264	25007	
1339	9116	25207	
1283	9196	25244	
1320	9238	24942	
1333	9305	24945	
1331	9210	24988	
1450	9235	24984	
1393	9164	24992	
1322	9213	25085	
1309	9266	24887	
1346	9201	24964	
1406	9188	25000	
1378	9284	24947	
1304	9156	25164	
1405	9084	25146	
1379	9191	25079	
1377	9198	25078	
1387	9175	25065	
1397	9320	24856	
1362	9066	25139	
1359	9064	25154	
1357	9156	25054	
1347	9196	25096	
1391	9180	25176	
1395	9235	24977	
1384	9135	25142	
1392	9283	24835	
1322	9168	25072	
1324	9248	25051	
1441	9239	24966	
1396	9062	25118	
1339	9202	25023	
1346	9063	25235	
1418	9245	24940	
1348	9146	25045	
1370	9229	24928	
1432	9189	25114	
1348	9315	25033	
1376	9071	25111	
1341	9268	24974	
1378	9003	25163	
1364	9173	25064	
1362	9057	25078	
1334	9123	25191	
1373	9177	25072	
1338	9332	24899	
1353	9263	24982	
1328	9184	25135	
1353	9247	24901	
1276	9280	24939	
1283	9245	25000	
1354	9150	24968	
1336	9228	25049	
1350	9217	24946	
1377	9271	24967	
1346	9242	25011	
1314	9354	24990	
1345	9257	25108	
1394	9289	24996	
1310	9241	24925	
1418	9064	25289	
1380	9222	24936	
1382	9179	25148	
1370	9184	25180	
1394	9135	25048	
1373	9247	25031	
1325	9163	25022	
1404	9132	25063	
1394	9163	25170	
1321	9183	25033	
1332	9170	25027	
1324	9154	25033	
1327	9299	24947	
1421	9177	25021	
1332	9091	25162	
1362	9311	24862	
1279	9093	25139	
1322	9045	25258	
1321	8959	25230	
1325	9230	25015	
1309	9189	25076	
1410	9197	25020	
1336	9177	25005	
1310	9104	25160	
1321	9142	25109	
1364	9225	25033	
1369	9223	25017	
1349	9328	24968	
1350	9132	25094	
1314	9164	25006	
1325	9191	25135	
1345	9177	25008	
1353	9212	25123	
1376	9138	25138	
1407	9193	24957	
1406	9287	24937	
1427	9316	24915	
1362	9145	24919	
1371	9105	25068	
1366	9177	25122	
1296	9280	25011	
1378	9173	25096	
1334	9372	24917	
1307	9178	25090	
1392	9248	24991	
1405	9124	25017	
1305	9141	25041	
1441	9145	25023	
1391	9272	24991	
1372	9326	24998	
1406	9269	24879	
1298	9276	25002	
1328	9079	25081	
1389	9181	25055	
1406	9074	25131	
1375	9097	25156	
1308	9273	25030	
1331	9261	25072	
1329	9002	25218	
1413	9042	25075	
1334	9139	25114	
1433	9306	24975	
1384	9157	25055	
1361	9038	25169	
1361	9245	24947	
1415	9205	24947	
1380	9227	25059	
1358	9224	25088	
1365	9182	25047	
1395	9161	25105	
1412	9238	24940	
1419	9168	25110	
1365	9272	24837	
1349	9048	25161	
1304	9088	25120	
1359	9218	25001	
1338	9209	25027	
1326	9112	25161	
1332	9129	25084	
1359	9271	24968	
1419	9216	24941	
1327	9141	25112	
1392	9297	24864	
1326	9202	25021	
1429	9125	25087	
1371	9235	25037	
1303	9309	24900	
1374	9306	25024	
1452	9306	24846	
1340	9353	24930	
1394	9243	25091	
1385	9141	25064	
1318	8962	25237	
1303	9257	24964	
1348	9319	25048	
1375	9227	24975	
1369	9133	25029	
1384	8987	25223	
1356	9238	24993	
1331	9109	25154	
1342	9151	25120	
1371	9081	25148	
1411	9131	25089	
1297	9130	24983	
1367	9471	24839	
1386	9118	25114	
1362	9252	24894	
1412	9053	25209	
1342	9308	24897	
1366	9126	25103	
1307	9140	25150	
1345	9423	24877	
1352	9216	25142	
1370	9169	25030	
1359	9241	25006	
1367	9203	25034	
1296	9130	24942	
1287	9180	25080	
1338	9140	25192	
1393	9076	25070	
1361	9121	25044	
1290	9293	25100	
1378	9229	24958	
1342	9275	24970	
1407	9101	25111	
1396	9277	24943	
1356	9201	24963	
1426	9320	25029	
1310	9287	25003	
1346	9189	25127	
1368	9337	24889	
1376	9255	25014	
1375	9210	25106	
1258	9275	24935	
1362	9195	24912	
1357	9288	25091	
1327	9195	25135	
1352	9208	24918	
1363	9207	24955	
1327	9209	25002	
1322	9235	24979	
1398	9195	25161	
1327	9151	25031	
1403	9240	25024	
1304	9219	25004	
1445	9302	24867	
1445	9289	24942	
1312	9086	25179	
1397	9197	25039	
1354	9149	25058	
1450	9138	25112	
1417	9237	24975	
1373	9157	24998	
1325	9247	25057	
1348	9234	24917	
1363	9171	25139	
1337	9119	25218	
1359	9133	25196	
1383	9217	25008	
1308	9286	25013	
1365	9088	25139	
1363	9316	24923	
1416	9062	25110	
1313	9020	25107	
1373	9183	25096	
1358	9195	25088	
1341	9283	25069	
1346	9228	24977	
1342	9146	25004	
1409	9140	25051	
1385	9129	25178	
1383	9154	25149	
1358	9328	24932	
1391	9132	25165	
1353	9338	25016	
1327	9201	25018	
1332	9162	24990	
1358	9268	25026	
1323	9166	25099	
1354	9220	25085	
1370	9120	25117	
1369	9048	25161	
1398	9186	24977	
1340	9152	25158	
1352	9368	24918	
1346	8991	25140	
1390	9116	25074	
1331	9312	24962	
1408	9255	24929	
1351	9162	24982	
1336	9092	25109	
1382	9244	25032	
1306	9259	24991	
1408	9101	25079	
1309	9155	25065	
1325	9228	25055	
1372	9048	25163	
1344	9123	25029	
1398	9313	24895	
1405	9187	24980	
1350	9260	25038	
1393	9406	24906	
1348	9257	25071	
1339	9253	24952	
1374	9030	25189	
1326	9072	25200	
1328	9286	24950	
1374	9281	24997	
1345	9123	25102	
1319	9157	25089	
1319	9293	24882	
1307	9180	25034	
1399	9235	24979	
1327	9165	25203	
1334	9221	25058	
1357	9281	24887	
1341	9288	24983	
1414	9094	25100	
1375	9157	24910	
1391	9010	25114	
1373	9150	24993	
1423	9060	25119	
1410	9219	25003	
1434	9230	24938	
1295	8982	25338	
1355	9042	25172	
1375	9268	25031	
1326	9223	25090	
1430	9336	24929	
1284	9290	24994	
1315	9221	24978	
1300	9309	24891	
1343	9185	25160	
1397	9233	25024	
1385	9145	25123	
1379	9099	25131	
1399	9167	25146	
1329	9203	24987	
1359	9258	24986	
1384	9151	25076	
1352	9232	25071	
1384	9149	25034	
1455	9132	24993	
1378	9249	25001	
1354	9117	25053	
1330	9189	25126	
1341	9171	24997	
1280	9253	24830	
1340	9142	25115	
1336	9165	24991	
1336	9223	25131	
1382	9185	24864	
1336	9219	25025	
1341	9320	24975	
1343	9174	25195	
1388	9226	24974	
1350	9265	24819	
1326	9069	25140	
1362	9221	25024	
1338	9130	25221	
1384	8973	25135	
1426	9205	24905	
1337	9131	25158	
1347	9167	25063	
1409	9097	25108	
1322	9071	25127	
1354	9133	25114	
1331	9168	25138	
1347	9083	25098	
1338	9122	25074	
1350	9157	25106	
1338	9006	25197	
1385	9019	25180	
1339	9209	24913	
1342	9389	24841	
1365	9178	25088	
1367	9282	24851	
1304	9152	25074	
1338	9216	25113	
1305	9200	24979	
1377	9205	24993	
1391	9056	25056	
1340	9018	25231	
1277	9289	25006	
1391	9193	25022	
1346	9240	24936	
1357	9209	25003	
1427	9175	25085	
1434	9231	24894	
1343	9170	25132	
1341	9164	25116	
1314	9009	25180	
1372	9172	25083	
1374	9226	25019	
1361	9146	25051	
1349	9166	25006	
1347	9046	25233	
1370	9227	24912	
1355	9020	25216	
1353	9276	25005	
1354	9117	25118	
1377	9203	24918	
1335	9313	24916	
1403	9305	24946	
1352	9148	25211	
1267	9114	25143	
1415	9136	25100	
1412	9284	24866	
1413	9239	24885	
1371	9252	25049	
1317	9269	24956	
1330	9300	24885	
1333	9082	25214	
1370	9169	25129	
1377	9189	25005	
1345	9143	25245	
1389	9083	25226	
1404	9169	25136	
1380	9160	24990	
1345	9182	25044	
1360	9117	25059	
1384	9224	25006	
1348	9179	25053	
1364	9094	25069	
1430	9165	24925	
1331	9136	25166	
1340	9127	25050	
1381	9333	25024	
1354	9212	25028	
1369	9169	25084	
1341	9158	25106	
1338	9243	25047	
1329	9136	25114	
1390	9287	24963	
1410	9308	24886	
1318	9340	24905	
1311	9265	24958	
1385	9096	25091	
1351	9295	24998	
1301	9195	25202	
1346	9209	24903	
1359	9126	25121	
1302	9318	25016	
1355	9181	25036	
1361	9195	25048	
1340	9101	25041	
1340	9215	25101	
1354	9230	25152	
1392	9034	25239	
1380	9239	24904	
1373	9208	25066	
1326	9244	24968	
1285	9263	25003	
1376	9124	25173	
1345	9446	24817	
1403	9239	25047	
1396	9183	25128	
1380	9141	25021	
1414	9198	25008	
1380	9083	25152	
1381	9112	25144	
1303	9413	25003	
1345	9235	24984	
1336	9187	24958	
1323	9318	24948	
1295	9172	25000	
1335	9150	25049	
1390	9186	24969	
1317	9245	25085	
1354	9254	24980	
1328	9281	24937	
1382	9283	24790	
1304	9042	25280	
1421	9257	25039	
1327	9104	25130	
1410	9253	24996	
1368	9041	25148	
1414	9095	25130	
1346	9096	25113	
1324	9182	25103	
1358	9213	24990	
1363	9432	24845	
1377	9165	25013	
1412	9119	25013	
1391	9263	24802	
1425	9231	24949	
1333	9144	25186	
1368	9104	25229	
1289	9177	25002	
1419	9234	25041	
1383	9218	25069	
1363	9153	25064	
1304	9041	25113	
1299	9275	25048	
1261	9219	25086	
1402	9205	24992	
1373	9007	25252	
1391	9091	25182	
1352	9236	24977	
1400	9228	25094	
1339	9233	24940	
1356	9198	25035	
1352	9138	25064	
1318	9230	25062	
1391	9137	25059	
1369	9179	25115	
1310	9285	25017	
1357	9171	25131	
1368	9228	25001	
1372	9236	25005	
1353	9071	25008	
1374	9168	25098	
1383	9168	25042	
1334	9209	25075	
1361	9150	25071	
1372	9197	24982	
1303	9258	24939	
1316	9275	24801	
1380	9264	24949	
1344	9238	24956	
1323	9140	25136	
1290	9192	25007	
1310	9183	25102	
1358	9247	24938	
1373	9115	25093	
1451	9134	25069	
1295	9405	24824	
1329	9175	25074	
1349	9330	24889	
1438	9136	24923	
1367	9280	24841	
1403	9212	25007	
1331	9201	25095	
1351	9150	25068	
1329	9061	25198	
1332	9235	25046	
1406	9155	25015	
1374	9072	25099	
1406	9173	25032	
1330	9261	25047	
1378	9247	24988	
1331	9154	25061	
1410	9176	24932	
1312	9186	25030	
1389	9206	24976	
1400	9077	25199	
1360	9253	25036	
1358	9104	25003	
1325	9206	25041	
1384	9126	25065	
1371	9129	25242	
1385	9183	24977	
1396	9203	25053	
1264	9180	25034	
1372	9240	24964	
1368	9147	24996	
1345	9313	24921	
1339	9262	24927	
1386	9239	25013	
1315	9271	24927	
1353	9109	25213	
1336	9074	25050	
1328	9162	25063	
1380	9260	24872	
1295	9152	25005	
1371	9168	25089	
1418	9281	24958	
1376	9080	25144	
1387	9349	24869	
1342	9096	25194	
1339	9134	25095	
1322	9285	25080	
1326	9175	25062	
1316	9127	25192	
1397	9172	25048	
1348	9365	24889	
1366	9015	25130	
1370	9178	25113	
1336	9267	24912	
1365	9043	25083	
1355	9169	25102	
1322	9136	25117	
1409	9342	24978	
1424	9317	24935	
1296	9277	24924	
1344	9309	24972	
1353	9272	24908	
1295	9306	25045	
1387	9197	24938	
1361	9224	24987	
1319	8980	25191	
1327	9099	25171	
1372	9075	25211	
1346	9146	25072	
1389	9271	24965	
1264	9147	25064	
1345	9154	25027	
1384	9157	25074	
1307	9190	25051	
1329	9029	25308	
1343	9206	25020	
1368	9263	24988	
1383	9225	24982	
1310	9313	24873	
1321	9132	24946	
1346	9170	25113	
1392	9089	25091	
1345	9120	25087	
1333	9267	25011	
1356	9109	25149	
1456	9078	25090	
1349	9216	25109	
1386	9218	25046	
1297	9168	25008	
1349	9006	25224	
1336	9158	25088	
1346	9313	24956	
1341	9302	24927	
1317	9144	25138	
1401	9313	24966	
1400	9255	24953	
1293	9284	25039	
1326	9302	24900	
1404	9147	25057	
1422	9243	24991	
1381	9023	25210	
1375	9216	24976	
1332	9283	25111	
1314	9291	25040	
1363	9205	25019	
1337	9205	24938	
1363	9221	24979	
1379	9223	24966	
1384	9187	25069	
1405	9264	24942	
1303	9066	25190	
1333	9169	25088	
1371	9210	25027	
1351	9190	25073	
1328	9219	25069	
1334	9301	24938	
1352	9044	25196	
1296	9204	25148	
1361	9284	24922	
1329	9237	25001	
1315	9216	25126	
1382	9173	24996	
1368	9334	24935	
1380	9306	24937	
1306	9276	25021	
1372	9124	25034	
1351	9287	24972	
1409	9093	25127	
1333	9222	24988	
1317	9221	24997	
1358	9123	25083	
1372	9060	25094	
1308	9090	25077	
1382	9103	25186	
1405	9068	25097	
1368	9334	24959	
1304	9186	25072	
1315	9105	25207	
1339	9156	25119	
1336	9292	24926	
1320	9235	24982	
1403	9328	24892	
1372	9278	24963	
1282	9185	25194	
1283	9216	25038	
1362	9310	24866	
1306	9184	25102	
1374	9339	24857	
1359	9311	24992	
1358	9404	24862	
1336	9236	24948	
1353	9151	25160	
1394	9180	25087	
1288	9093	25057	
1380	9016	25217	
1335	9191	24983	
1356	9200	25057	
1338	9110	25046	
1337	9180	25015	
1289	9144	25093	
1389	9233	24975	
1293	9178	25134	
1324	9313	24935	
1379	9142	25126	
1438	9107	25108	
1320	9021	25235	
1330	9230	25020	
1349	9175	25106	
1397	9244	24978	
1310	9220	24950	
1374	9162	24980	
1339	9058	25134	
1368	8929	25221	
1373	9214	25153	
1365	9304	24952	
1352	9198	25113	
1328	9231	25168	
1323	8931	25306	
1385	9272	25038	
1407	9222	25031	
1395	9226	25003	
1392	9263	24996	
1332	9390	24821	
1371	9289	24833	
1388	9169	25124	
1370	9218	24982	
1366	9391	24880	
1386	9324	24892	
1314	9182	24990	
1372	9218	25074	
1345	9209	25060	
1360	9210	25046	
1374	9189	25024	
1410	9331	24940	
1398	9251	24951	
1455	9176	24971	
1294	9357	24855	
1305	9197	25103	
1406	9200	24960	
1326	9299	24967	
1373	9332	24953	
1286	9313	24981	
1388	9222	24922	
1332	9155	25099	
1338	9359	24944	
1353	9260	25074	
1310	9215	25011	
1323	9297	25027	
1409	9192	24948	
1365	9297	24884	
1379	9191	24990	
1360	9334	24976	
1305	9158	25033	
1345	9237	25042	
1369	9212	24946	
1356	9153	25245	
1340	9436	24850	
1349	9246	24997	
1373	9085	25098	
1432	9310	24911	
1354	9255	25024	
1306	9164	25098	
1313	9231	25078	
1350	9380	24881	
1357	9280	25038	
1362	9183	25036	
1412	9093	25155	
1386	9147	25123	
1420	9200	24934	
1330	9203	25056	
1305	9207	24999	
1359	9217	25067	
1294	9314	25008	
1398	9193	25108	
1348	9217	25080	
1372	9114	25000	
1298	9213	25083	
1389	9060	25110	
1374	9203	25026	
1369	9281	24950	
1336	9364	24960	
1370	9177	25087	
1411	9174	24940	
1358	9172	25099	
1349	9130	25043	
1353	9324	25032	
1296	9103	25126	
1340	9174	25056	
1281	9113	25188	
1376	9195	25017	
1348	9153	25144	
1300	9251	25129	
1405	9360	24898	
1391	9241	24987	
1408	9175	25048	
1282	9276	25081	
1334	9165	25133	
1397	9052	25090	
1350	9137	25099	
1270	9296	25023	
1382	9172	25007	
1327	9146	25017	
1358	9268	24947	
1362	9166	25127	
1374	9046	25209	
1312	9193	25018	
1373	9052	25169	
1339	9354	24868	
1369	9218	25042	
1370	9211	24917	
1316	9212	25134	
1376	9053	25134	
1342	9159	25034	
1369	9286	25025	
1328	9220	24847	
1295	9130	25078	
1387	8982	25184	
1381	9335	24969	
1389	9038	25143	
1346	9212	25007	
1310	9332	24961	
1290	9115	25227	
1298	9304	24999	
1261	9130	25143	
1384	9135	25005	
1374	9299	25038	
1364	9094	25079	
1335	9199	25062	
1300	9219	24957	
1298	9268	24966	
1411	9186	24995	
1414	9131	25010	
1356	9272	24910	
1364	9039	25078	
1350	9242	24991	
1370	9127	24992	
1305	9160	25214	
1379	9098	25094	
1365	9156	25041	
1398	9357	24981	
1366	9346	24844	
1350	9192	24949	
1359	9098	25056	
1353	9163	25004	
1374	9104	25111	
1383	9139	25043	
1362	9148	25104	
1296	9174	24969	
1337	9100	25151	
1320	9206	25038	
1345	9138	25190	
1318	9277	25020	
1372	9290	24972	
1345	9155	25026	
1367	9147	25106	
1395	9050	25126	
1350	9148	25023	
1348	9231	25073	
1415	9249	24922	
1374	9066	25210	
1345	9184	25103	
1335	9263	24997	
1410	9096	25168	
1354	9265	25038	
1297	9112	25109	
1368	9341	24853	
1369	9306	24996	
1397	9352	24719	
1361	9222	25083	
1394	9153	25076	
1309	9185	25062	
1329	9160	25113	
1361	9031	25229	
1371	9199	24931	
1385	9213	24984	
1350	9091	25194	
1382	9032	25193	
1379	9183	25063	
1312	9118	25229	
1345	9189	25018	
1325	9173	25217	
1380	9154	25025	
1405	9106	25250	
1410	9236	24993	
1411	9193	25147	
1344	9187	25043	
1394	9107	25212	
1380	9228	24929	
1390	9175	25073	
1358	9240	25079	
1367	9174	25095	
1386	9346	24894	
1367	9216	24905	
1373	9128	25134	
1348	9217	25042	
1424	9300	24991	
1384	9125	24916	
1320	9180	24877	
1389	9069	25139	
1393	9227	25012	
1341	9285	24955	
1395	9121	25082	
1327	9077	25117	
1354	9105	25179	
1351	9119	25030	
1334	9203	25022	
1379	9112	25100	
1402	9130	25129	
1347	9271	25032	
1367	9088	25124	
1377	9156	25009	
1407	9148	25015	
1469	9136	24972	
1396	9142	24999	
1390	9249	25081	
1324	9069	25207	
1361	9161	25221	
1312	9196	24979	
1373	9072	25236	
1327	9067	25119	
1349	9274	25103	
1400	9005	25085	
1294	9172	25131	
1337	9228	25025	
1319	9022	25206	
1353	9240	25063	
1426	9136	24989	
1463	8978	25171	
1350	9108	25149	
1413	9243	25057	
1373	9221	24842	
1362	9179	25051	
1471	9295	24918	
1346	9316	24976	
1337	9308	24903	
1297	9315	24977	
1369	9131	25102	
1336	9248	25112	
1355	9157	25072	
1343	9314	24847	
1356	9168	25051	
1330	9298	25044	
1327	9127	25054	
1352	9077	25172	
1299	9316	24961	
1301	9297	24908	
1383	9263	25066	
1363	9364	24932	
1388	9133	25180	
1315	9205	25059	
1357	9307	24967	
1321	9281	25044	
1384	9172	25188	
1334	9173	25001	
1379	9110	25018	
1290	9072	25141	
1373	9161	25062	
1367	9240	24812	
1310	9068	25246	
1299	9274	25020	
1383	8969	25185	
1371	9434	24813	
1380	9298	24933	
1355	9222	24986	
1389	9206	25027	
1389	9230	25025	
1335	9197	25033	
1381	9188	24974	
1273	9133	25089	
1374	9304	24992	
1379	9214	24979	
1385	9185	25095	
1294	9203	25111	
1390	9228	25107	
1305	9248	25181	
1405	9426	24897	
1351	9070	25183	
1364	9255	24905	
1410	9087	25013	
1380	9126	25125	
1412	9082	25232	
1315	9131	25051	
1416	9274	25015	
1369	9238	25000	
1404	9275	24951	
1372	9112	25138	
1310	9097	25107	
1301	9127	25140	
1411	9133	25167	
1303	9275	24998	
1391	9131	25108	
1348	9142	25029	
1317	9222	24994	
1367	9286	24923	
1333	9251	25148	
1348	9246	24835	
1328	9216	25005	
1374	9334	24850	
1370	9317	24824	
1327	9128	24903	
1327	9249	25090	
1453	9301	24958	
1397	9281	24909	
1330	9241	25022	
1290	9155	25070	
1360	9272	24909	
1373	9204	24994	
1373	9121	25131	
1341	9218	24983	
1377	9248	25043	
1379	9226	25054	
1324	9327	24939	
1336	9354	24890	
1339	9162	25040	
1335	9053	25114	
1365	9165	25029	
1326	9153	24996	
1305	9189	25108	
1402	9187	25038	
1348	9263	24933	
1345	9086	25098	
1338	9125	25059	
1349	9350	24900	
1272	9190	25034	
1327	9082	25150	
1339	9126	25076	
1367	9143	25061	
1386	9311	24934	
1353	9227	24994	
1347	9027	25189	
1387	9125	24995	
1340	9250	24984	
1405	9319	24932	
1352	9064	25174	
1416	9062	25110	
1286	9297	25042	
1388	9213	25074	
1366	9116	25046	
1324	9176	25098	
1320	9376	24877	
1399	9016	25202	
1346	9263	25077	
1335	9223	25148	
1350	9213	25056	
1342	9157	25151	
1358	9302	25040	
1315	9127	25121	
1302	9167	25022	
1392	8940	25253	
1326	9340	24953	
1348	9034	25064	
1305	9345	25041	
1284	9289	24962	
1362	9163	25128	
1354	9198	25064	
1378	9207	25038	
1281	9057	25108	
1319	9177	25126	
1358	9173	25014	
1391	9249	24983	
1345	9050	25156	
1379	9201	24949	
1397	9213	24996	
1352	9434	24741	
1354	9309	24926	
1356	9256	24961	
1377	9205	25093	
1333	9363	24999	
1331	9218	25012	
1286	9208	25068	
1442	9357	24904	
1348	9106	25102	
1456	9116	25035	
1305	9228	25022	
1341	9169	25048	
1355	9265	24978	
1374	9062	25153	
1327	9148	25078	
1348	9167	25028	
1460	9278	24990	
1358	9296	24893	
1333	9163	25133	
1343	9254	25044	
1331	9255	25061	
1342	9316	24952	
1308	9062	25262	
1445	9345	24815	
1283	9038	25155	
1325	9396	24947	
1385	9171	24997	
1346	9371	24872	
1376	9295	24930	
1345	9277	24956	
1339	9210	25004	
1277	9223	24980	
1308	9202	25029	
1316	9098	25190	
1374	9210	25031	
1330	9263	25035	
1338	9125	25058	
1336	9283	24917	
1365	9226	24938	
1363	9160	25036	
1424	9254	25043	
1441	9286	24964	
1285	9084	25162	
1356	9214	25108	
1327	9171	24992	
1348	9259	24984	
1333	9112	25123	
1334	9269	24985	
1319	9293	24942	
1317	9272	25095	
1351	9188	25109	
1350	9223	24919	
1385	9179	24873	
1404	9082	25176	
1407	9247	24951	
1309	9109	25040	
1354	9131	25164	
1347	9189	25063	
1377	9073	25128	
1353	9178	25041	
1314	9282	25062	
1374	9187	25081	
1310	9072	25232	
1284	9172	25109	
1348	9260	24947	
1311	9090	25206	
1371	9271	25060	
1422	9083	25152	
1423	9103	25068	
1379	9122	25027	
1313	9118	25067	
1306	9230	25033	
1317	9322	24909	
1336	9084	25156	
1337	9087	25099	
1310	9122	25106	
1342	9298	24973	
1405	9251	25012	
1363	9271	25016	
1371	9172	25041	
1422	9141	25141	
1287	9389	24961	
1400	9173	24935	
1312	9232	25030	
1289	9144	25106	
1282	9276	25041	
1385	9112	25087	
1326	9141	24991	
1316	9174	24955	
1377	9157	25076	
1409	9282	24874	
1291	9278	25002	
1401	9252	25021	
1383	9184	25116	
1314	9273	25029	
1351	9194	25076	
1378	9165	24944	
1318	9181	24993	
1358	9243	25002	
1357	9176	24939	
1401	9092	25152	
1373	9215	25015	
1335	9131	25154	
1303	9035	25198	
1381	9265	24995	
1386	9227	24878	
1348	9338	24877	
1357	9111	25168	
1345	9288	24951	
1404	9168	25081	
1332	9209	25074	
1435	9168	25098	
1314	9168	25093	
1308	9345	24976	
1345	9252	24930	
1421	9165	24944	
1379	9314	24912	
1342	9034	25151	
1335	9270	24972	
1431	9264	24953	
1360	9172	25053	
1274	9286	24967	
1328	9265	24976	
1336	9253	25034	
1292	9232	25008	
1376	9061	25288	
1361	9127	25045	
1456	9138	25034	
1375	9224	25102	
1360	9394	24914	
1313	9328	24893	
1402	9235	24914	
1336	9034	25263	
1338	9269	24999	
1387	9129	25236	
1390	9174	25100	
1390	9166	25041	
1368	9126	25119	
1358	9307	24951	
1403	9191	25120	
1356	9243	25011	
1389	9190	24975	
1423	9198	24985	
1379	9184	25016	
1344	9154	25091	
1303	9021	25222	
1318	9147	25111	
1368	9181	25140	
1347	9301	24869	
1415	9141	25033	
1306	9252	24946	
1382	9144	25147	
1339	9186	25013	
1347	9231	25079	
1333	9395	24791	
1414	9293	25002	
1293	9256	25033	
1273	9243	24970	
1311	9054	25123	
1372	9313	24957	
1346	9020	25152	
1376	9140	25143	
1409	9102	24949	
1376	9097	25141	
1338	9216	24971	
1346	9179	25054	
1335	9091	25193	
1296	9095	25216	
1377	9390	24818	
1415	9083	25094	
1398	9004	25085	
1410	9098	25080	
1330	9207	25022	
1436	9148	24944	
1304	9185	25132	
1396	9228	24916	
1343	9242	25024	
1352	9300	25066	
1442	9154	25068	
1353	9177	24997	
1358	9191	25029	
1396	9155	25006	
1319	8996	25326	
1342	9271	25097	
1295	9249	24974	
1268	9295	24963	
1345	9083	25189	
1327	9041	25147	
1293	9223	25115	
1378	9252	24962	
1335	9332	24958	
1402	9073	25199	
1349	9296	25045	
1366	9338	24909	
1315	9139	25039	
1279	9174	25106	
1349	9016	25100	
1348	9233	25011	
1353	9234	25024	
1358	9211	25066	
1381	9033	25121	
1402	9272	25029	
1349	9247	25042	
1337	9234	25049	
1430	9125	25096	
1337	9175	25027	
1366	9125	25102	
1318	9361	24985	
1388	9111	25050	
1395	9328	24940	
1284	9267	24934	
1338	9275	24967	
1385	9222	25008	
1372	9090	25060	
1413	9264	24957	
1289	9226	25083	
1418	9113	25153	
1294	9177	25027	
1395	9299	24941	
1297	9059	25161	
1298	9237	25005	
1373	9150	25216	
1350	9042	25200	
1435	9230	24947	
1399	9097	24945	
1363	9120	25197	
1384	9313	24807	
1399	9360	24831	
1421	9133	25111	
1450	9075	25043	
1309	9325	24899	
1381	9266	24960	
1333	9304	24963	
1295	9306	25085	
1469	9272	24931	
1308	9242	24935	
1400	9127	24981	
1390	9179	25048	
1378	9359	24852	
1338	9077	25212	
1376	9239	25005	
1363	9273	25006	
1432	9228	24995	
1261	9277	25047	
1389	9408	24848	
1317	9090	25127	
1365	9242	25037	
1307	9135	25176	
1353	9275	24919	
1353	9046	25131	
1394	9181	25060	
1335	9188	25035	
1351	9080	25118	
1369	9095	24953	
1351	8990	25171	
1419	9291	24905	
1340	9231	25053	
1318	9162	25170	
1363	9232	25072	
1357	9217	24961	
1399	9155	25150	
1399	9168	24976	
1371	9335	24796	
1401	9265	24851	
1360	9201	25063	
1374	9248	25036	
1364	9336	24889	
1346	9245	25027	
1326	9154	25065	
1360	9156	24895	
1293	9214	25017	
1308	9146	25151	
1347	9252	25073	
1396	9267	24943	
1372	9171	25160	
1384	9142	25038	
1356	9336	25108	
1323	9254	25172	
1341	9312	24953	
1394	9163	25185	
1349	9331	24991	
1301	9221	24976	
1391	9118	25045	
1372	9144	25131	
1411	9165	25036	
1340	9095	25114	
1393	9137	25046	
1408	9174	24922	
1325	9208	25128	
1364	9288	25008	
1288	9238	25035	
1368	9338	24741	
1338	9258	25039	
1395	9138	25062	
1355	9059	25068	
1326	9270	25002	
1384	9197	25039	
1391	9115	25139	
1401	9200	25126	
1397	9093	25197	
1340	9090	25134	
1409	9111	25151	
1346	9244	25004	
1341	9368	24847	
1384	9230	25024	
1351	9138	25148	
1332	9207	24997	
1375	9088	25099	
1405	9253	25012	
1312	9189	24983	
1256	9377	24986	
1367	9162	24970	
1360	9325	24895	
1350	9204	25140	
1353	9227	24987	
1324	9244	24987	
1340	9213	24980	
1349	9214	24855	
1452	9244	24911	
1361	9088	25252	
1337	9220	24998	
1346	9060	25152	
1387	9219	24915	
1379	9134	25006	
1300	9393	24972	
1396	9200	25034	
1332	9242	24988	
1389	9092	24956	
1351	9218	25045	
1314	9137	25127	
1355	9272	25062	
1359	9183	25055	
1405	9096	25178	
1368	9401	25058	
1413	9146	25019	
1342	9074	25170	
1385	9077	25117	
1415	9068	25204	
1384	9154	25098	
1345	9145	25012	
1365	8946	25172	
1391	9247	25126	
1404	9124	25011	
1352	9257	25024	
1343	9332	24873	
1426	9158	25098	
1309	9198	25084	
1377	9258	25070	
1330	9087	25189	
1346	9217	25115	
1377	9241	24945	
1328	9122	25069	
1285	9443	24933	
1474	9135	25028	
1338	9181	25012	
1396	9145	24995	
1396	9290	24915	
1346	9117	25203	
1343	8976	25174	
1370	9145	24976	
1389	9184	25050	
1395	9302	24943	
1377	9260	24954	
1350	9148	25035	
1393	9325	24992	
1364	9093	25071	
1348	9351	24879	
1346	9326	25005	
1286	9128	25116	
1378	9203	25077	
1364	9065	25149	
1397	9281	24892	
1339	9169	25093	
1436	9080	25154	
1448	9300	24899	
1329	9293	24936	
1302	9184	25094	
1312	9311	24796	
1407	9200	25031	
1334	9203	25145	
1379	9021	25324	
1418	9100	25008	
1385	9040	25108	
1356	9100	25000	
1374	9281	24977	
1352	9348	25072	
1235	9244	24996	
1408	9309	24894	
1306	9134	25026	
1351	9206	25123	
1301	9303	24956	
1317	9131	25004	
1315	9069	25026	
1378	9158	25143	
1308	9163	25066	
1336	9214	25061	
1329	9186	25023	
1349	9245	25133	
1357	9252	24997	
1413	9172	25072	
1341	9080	25062	
1353	9294	24926	
1358	9333	24883	
1381	9172	25010	
1339	9215	25030	
1400	9241	25091	
1353	9277	25017	
1354	9188	24986	
1326	9344	24889	
1316	9360	24772	
1359	9160	25039	
1335	9159	24992	
1286	9311	24870	
1468	9097	25087	
1397	9110	25134	
1300	9225	25121	
1320	9225	25045	
1325	9179	24965	
1307	9199	24962	
1349	9151	25168	
1360	9250	24919	
1373	9077	25040	
1417	9123	25130	
1310	9222	25146	
1435	9350	24852	
1350	9175	25072	
1367	9257	24973	
1332	9278	24948	
1406	9318	24958	
1339	9087	25179	
1268	9114	25217	
1333	9242	25102	
1375	9224	24955	
1329	9210	25116	
1381	9171	25037	
1302	9150	25189	
1369	9041	25239	
1421	9082	25032	
1391	9305	24967	
1339	9167	24978	
1345	9244	25042	
1366	9235	24978	
1375	9105	25029	
1365	9269	25046	
1331	9121	25152	
1321	9396	24960	
1332	9297	24925	
1313	9429	24887	
1364	9296	24989	
1316	9182	25063	
1354	9183	25099	
1371	9163	25087	
1403	9164	24909	
1267	9312	24927	
1369	9175	25062	
1347	9151	25136	
1334	9323	24996	
1336	9179	25050	
1375	9069	25180	
1411	9117	25218	
1354	9186	24969	
1412	9146	25054	
1339	9206	25061	
1294	9205	25024	
1301	9202	25119	
1320	9157	25115	
1395	9118	24948	
1343	9219	24958	
1308	9301	25104	
1391	9143	25172	
1359	9275	25110	
1316	9194	25175	
1435	9036	25161	
1414	9205	25101	
1274	9270	25075	
1324	9196	25108	
1340	9056	25120	
1385	9000	25231	
1341	9417	24926	
1349	9219	25135	
1404	9057	25222	
1298	9117	25199	
1385	9190	25099	
1382	9174	25078	
1361	9200	25070	
1382	9123	24974	
1352	9252	25048	
1362	9127	25048	
1419	9183	25141	
1374	9304	24902	
1357	9297	25100	
1304	9133	25104	
1345	9245	24910	
1348	9130	25072	
1382	9354	24896	
1364	9276	24969	
1358	9169	24962	
1340	9367	24918	
1389	9309	24939	
1396	9211	24941	
1372	9158	25161	
1336	9151	25030	
1392	9025	25138	
1360	9133	25125	
1375	9314	24883	
1342	9341	24898	
1403	9290	24896	
1336	9193	25009	
1352	9270	25098	
1412	9210	25046	
1366	9182	25111	
1354	9222	25064	
1361	9256	24865	
1380	9256	24940	
1385	9228	24990	
1316	9173	25058	
1405	9060	25157	
1430	9329	24977	
1344	9214	25058	
1312	9077	25078	
1382	9155	25048	
1315	9207	25101	
1375	9173	25098	
1361	9199	25016	
1359	9228	24990	
1403	9273	24927	
1336	9158	25052	
1408	9080	25161	
1285	9268	25020	
1301	9213	25012	
1337	9144	25074	
1391	9120	25040	
1389	9133	25075	
1384	9193	25078	
1370	9124	25085	
1325	9229	25072	
1425	9146	25130	
1386	9271	24937	
1387	9057	25146	
1378	9256	24971	
1284	9218	25053	
1293	9273	25013	
1331	9336	24979	
1390	9207	25000	
1331	9132	25115	
1332	9143	25200	
1314	9246	25051	
1374	9125	25177	
1304	9221	25108	
1340	9150	25013	
1370	8955	25162	
1305	9014	25310	
1388	9246	25063	
1347	9296	24956	
1396	9308	24912	
1355	9218	25051	
1374	9263	24910	
1317	9228	25053	
1340	9224	25018	
1383	9161	25072	
1303	9259	25089	
1303	9284	24908	
1319	9182	25058	
1363	9170	25084	
1355	9202	25075	
1357	9230	24978	
1398	9129	25039	
1401	9190	25104	
1344	9137	25121	
1393	9110	25061	
1390	9101	25121	
1345	9258	24963	
1397	9075	25024	
1395	9135	24986	
1262	9257	25039	
1444	9079	25126	
1269	9103	25237	
1373	9111	25165	
1426	9175	25056	
1363	9194	25055	
1297	9259	25052	
1423	8972	25173	
1383	9207	25059	
1366	9463	24878	
1315	9215	25002	
1338	9179	25161	
1327	9365	24952	
1360	9205	25113	
1385	9180	25115	
1360	9033	25135	
1392	9115	25092	
1356	9045	25040	
1338	9161	25119	
1349	9285	24890	
1326	9208	25069	
1332	9188	25085	
1360	9111	25145	
1398	9262	24985	
1352	9060	25099	
1372	9161	25048	
1446	9207	24972	
1313	9114	25070	
1400	9241	25007	
1322	9291	24950	
1434	9183	25075	
1357	9243	24985	
1358	9245	25033	
1405	9201	24984	
1345	9118	25060	
1381	9115	25139	
1332	9192	24882	
1401	9225	24928	
1360	9170	25045	
1336	9170	25047	
1399	9224	25003	
1353	9206	25010	
1328	9127	25139	
1373	9138	25129	
1307	9172	25064	
1368	9065	25131	
1355	9074	25205	
1329	9120	25163	
1329	9110	25092	
1399	9168	25048	
1404	9139	25056	
1349	9053	25073	
1314	9401	24923	
1347	9330	24928	
1419	9078	25060	
1445	9238	24974	
1303	9177	25019	
1461	9145	25055	
1343	9108	24991	
1375	9304	24827	
1318	9214	25045	
1412	9189	24988	
1367	9350	24904	
1369	9184	25060	
1408	9211	25034	
1360	9273	24941	
1390	9267	24971	
1320	9108	25067	
1266	9315	25015	
1371	9241	25013	
1350	9212	25137	
1387	9128	25217	
1351	9199	25008	
1356	9214	25101	
1393	9257	24947	
1358	9100	25081	
1343	9036	25224	
1342	9101	25064	
1332	9263	25018	
1382	9348	24818	
1398	9002	25179	
1259	9225	25047	
1381	9144	25128	
1460	9159	25081	
1363	9134	25221	
1301	9157	25198	
1319	9169	25146	
1300	9224	25110	
1259	9056	25206	
1385	9184	25020	
1358	9202	25017	
1366	9213	25047	
1446	9164	25134	
1329	9276	25064	
1324	9154	25166	
1425	9151	25122	
1317	9169	25017	
1315	9158	25064	
1364	9250	24980	
1351	9162	25154	
1340	9172	25100	
1420	9237	24986	
1319	9164	25225	
1335	9235	25008	
1285	9280	24876	
1347	9168	25134	
1329	9258	25061	
1392	9197	25069	
1362	9201	24879	
1377	9137	25122	
1352	9202	25134	
1316	9217	25003	
1348	9262	24972	
1412	9296	24839	
1414	9244	24859	
1361	9274	24989	
1369	9241	24972	
1296	9111	25165	
1324	9103	25239	
1366	9220	25057	
1330	9124	25084	
1360	9265	24985	
1401	9214	25063	
1345	9091	25115	
1364	9227	25007	
1354	9086	25194	
1362	9147	25048	
1353	9192	25011	
1339	9273	25007	
1333	9318	25033	
1298	9263	25147	
1338	9142	25171	
1367	9159	24984	
1279	9370	24923	
1286	9229	24900	
1358	9317	24890	
1331	9215	25055	
1357	9217	24900	
1395	9265	25050	
1331	9240	25055	
1376	9064	25123	
1369	9201	25018	
1350	9143	25107	
1351	9245	24959	
1400	9284	24915	
1375	9323	24937	
1355	9222	25097	
1416	9232	24982	
1398	9155	25087	
1389	9227	25032	
1405	9301	25092	
1378	9175	24919	
1284	9091	25222	
1394	9267	24980	
1335	9150	25079	
1308	9097	25214	
1337	9246	24938	
1274	9278	25021	
1387	9106	24921	
1343	9257	24989	
1331	9167	25075	
1373	9122	25170	
1368	9083	25200	
1328	9179	25055	
1287	9256	25025	
1328	9272	24868	
1335	9235	25041	
1346	9175	25052	
1354	9321	24897	
1353	9235	25043	
1376	9202	24929	
1381	9237	24995	
1335	9192	25096	
1344	9198	25050	
1379	9068	25161	
1398	9103	25183	
1446	9013	25192	
1286	9177	25011	
1336	9108	24996	
1373	9157	25146	
1408	9210	25008	
1386	9258	24982	
1384	9090	25099	
1382	9185	25025	
1327	9227	24891	
1337	9316	24975	
1380	9181	25032	
1335	9065	25235	
1369	9220	24959	
1357	9210	25032	
1361	9164	25072	
1308	9229	24972	
1275	9247	24975	
1363	9212	25155	
1329	9199	25092	
1345	9013	25285	
1399	9258	24955	
1388	9188	24925	
1351	9270	24957	
1352	9166	25159	
1351	9183	24993	
1397	9181	24966	
1365	9065	25131	
1312	9044	25121	
1401	9091	25236	
1341	9229	24994	
1335	9041	25103	
1309	9266	24949	
1409	9064	25139	
1385	9415	24890	
1350	9151	25022	
1381	9203	25123	
1379	9224	25075	
1454	9074	25103	
1362	9310	24986	
1323	9088	25061	
1395	9340	24916	
1305	9191	24921	
1429	9233	25081	
1401	9184	24956	
1363	9378	24948	
1354	9188	25043	
1338	9275	24864	
1327	9121	25104	
1392	9108	24952	
1420	9223	24950	
1291	9220	25041	
1302	9160	25064	
1395	9224	25050	
1360	9322	25020	
1317	9078	25054	
1311	9149	25110	
1375	9147	25030	
1341	9153	24985	
1355	9306	25030	
1363	9132	25044	
1447	9337	24843	
1318	9206	25107	
1399	9143	25081	
1313	9166	25178	
1349	9185	25068	
1383	9056	25136	
1424	9172	25179	
1314	9034	25132	
1280	9360	24922	
1411	9061	25192	
1358	9293	24904	
1351	9169	25164	
1291	9108	25116	
1342	9173	25177	
1311	9189	25001	
1341	9229	24918	
1396	9165	25157	
1354	9320	24871	
1313	9232	25122	
1363	9339	24938	
1345	9118	25022	
1294	9208	24999	
1334	9308	24920	
1324	9301	25093	
1369	9136	25099	
1403	9303	24794	
1420	9166	25008	
1314	9162	25101	
1388	9222	24948	
1417	9263	24943	
1355	9129	25048	
1399	9194	25142	
1318	9273	24903	
1324	9268	24952	
1327	9228	25056	
1457	9056	25089	
1377	9213	25050	
1389	9093	25144	
1361	9103	25138	
1334	9097	25203	
1343	9143	25159	
1366	9181	25130	
1412	9120	25062	
1406	9303	24872	
1328	9328	25062	
1349	9247	25016	
1382	9335	24962	
1378	9298	24979	
1388	9219	24992	
1323	9158	25127	
1339	9230	24913	
1337	9212	24895	
1367	9265	24934	
1372	9070	25147	
1427	9153	24957	
1341	9241	25056	
1346	9200	25100	
1375	9161	25044	
1370	9217	24976	
1340	9191	25130	
1387	9196	25092	
1334	9213	24988	
1325	9261	25054	
1404	9081	25073	
1350	9124	25227	
1403	9071	25011	
1256	9297	24881	
1377	9337	24770	
1313	9288	24987	
1319	9169	25009	
1352	9328	24956	
1341	9244	24946	
1351	9303	24928	
1353	9332	25019	
1271	9189	25091	
1371	9153	25104	
1365	9200	25075	
1365	9370	24900	
1374	9180	25015	
1390	9090	25066	
1427	9172	25098	
1369	9199	25069	
1393	9263	24980	
1399	9304	24910	
1348	9162	25013	
1349	9220	24913	
1256	9144	25060	
1384	9248	24988	
1288	9117	25158	
1350	9401	24859	
1297	9224	25063	
1393	9180	25114	
1428	9279	24931	
