0.000000000e+00	1.000000000e+00	3.500000000e+02	0.000000000e+00	0.000000000e+00	0.000000000e+00	0.000000000e+00	0.000000000e+00	0.000000000e+00	0.000000000e+00	3.500000000e+01	0.000000000e+00	0.000000000e+00	0.000000000e+00	0.000000000e+00	0.000000000e+00	0.000000000e+00	0.000000000e+00	0.000000000e+00	0.000000000e+00	0.000000000e+00	0.000000000e+00	0.000000000e+00	0.000000000e+00	
3.000000000e+00	1.000000000e+00	3.480000000e+02	0.000000000e+00	0.000000000e+00	1.000000000e+00	2.000000000e+00	0.000000000e+00	0.000000000e+00	0.000000000e+00	3.400000000e+01	1.000000000e+00	0.000000000e+00	0.000000000e+00	0.000000000e+00	0.000000000e+00	0.000000000e+00	0.000000000e+00	0.000000000e+00	0.000000000e+00	0.000000000e+00	0.000000000e+00	0.000000000e+00	0.000000000e+00	
6.000000000e+00	1.000000000e+00	3.470000000e+02	0.000000000e+00	0.000000000e+00	1.000000000e+00	3.000000000e+00	0.000000000e+00	0.000000000e+00	0.000000000e+00	3.000000000e+01	2.000000000e+00	0.000000000e+00	3.000000000e+00	0.000000000e+00	0.000000000e+00	0.000000000e+00	0.000000000e+00	0.000000000e+00	0.000000000e+00	0.000000000e+00	0.000000000e+00	0.000000000e+00	0.000000000e+00	
9.000000000e+00	0.000000000e+00	3.460000000e+02	0.000000000e+00	1.000000000e+00	1.000000000e+00	3.000000000e+00	0.000000000e+00	0.000000000e+00	0.000000000e+00	3.000000000e+01	2.000000000e+00	0.000000000e+00	3.000000000e+00	0.000000000e+00	0.000000000e+00	0.000000000e+00	0.000000000e+00	0.000000000e+00	0.000000000e+00	0.000000000e+00	0.000000000e+00	0.000000000e+00	0.000000000e+00	
1.200000000e+01	0.000000000e+00	3.430000000e+02	1.000000000e+00	0.000000000e+00	0.000000000e+00	6.000000000e+00	0.000000000e+00	0.000000000e+00	0.000000000e+00	2.300000000e+01	5.000000000e+00	0.000000000e+00	7.000000000e+00	0.000000000e+00	0.000000000e+00	0.000000000e+00	0.000000000e+00	0.000000000e+00	0.000000000e+00	1.000000000e+00	0.000000000e+00	0.000000000e+00	0.000000000e+00	
1.500000000e+01	1.000000000e+00	3.440000000e+02	0.000000000e+00	0.000000000e+00	0.000000000e+00	6.000000000e+00	0.000000000e+00	0.000000000e+00	0.000000000e+00	1.800000000e+01	5.000000000e+00	0.000000000e+00	1.100000000e+01	0.000000000e+00	0.000000000e+00	0.000000000e+00	1.000000000e+00	0.000000000e+00	0.000000000e+00	1.000000000e+00	2.100000000e+01	0.000000000e+00	0.000000000e+00	
1.800000000e+01	0.000000000e+00	3.420000000e+02	1.000000000e+00	0.000000000e+00	0.000000000e+00	6.000000000e+00	1.000000000e+00	0.000000000e+00	0.000000000e+00	1.300000000e+01	6.000000000e+00	0.000000000e+00	1.400000000e+01	0.000000000e+00	0.000000000e+00	0.000000000e+00	2.000000000e+00	0.000000000e+00	0.000000000e+00	1.000000000e+00	7.000000000e+01	0.000000000e+00	0.000000000e+00	
2.100000000e+01	0.000000000e+00	3.410000000e+02	1.000000000e+00	0.000000000e+00	1.000000000e+00	7.000000000e+00	1.000000000e+00	0.000000000e+00	0.000000000e+00	1.000000000e+01	5.000000000e+00	0.000000000e+00	1.700000000e+01	0.000000000e+00	0.000000000e+00	0.000000000e+00	3.000000000e+00	0.000000000e+00	1.000000000e+00	1.000000000e+00	1.500000000e+02	0.000000000e+00	0.000000000e+00	
2.400000000e+01	0.000000000e+00	3.400000000e+02	1.000000000e+00	0.000000000e+00	2.000000000e+00	9.000000000e+00	0.000000000e+00	0.000000000e+00	0.000000000e+00	1.000000000e+01	2.000000000e+00	0.000000000e+00	1.700000000e+01	0.000000000e+00	0.000000000e+00	1.000000000e+00	5.000000000e+00	0.000000000e+00	3.000000000e+00	3.000000000e+00	2.730000000e+02	0.000000000e+00	0.000000000e+00	
2.700000000e+01	0.000000000e+00	3.380000000e+02	1.000000000e+00	0.000000000e+00	1.000000000e+00	1.000000000e+01	1.000000000e+00	0.000000000e+00	0.000000000e+00	5.000000000e+00	3.000000000e+00	0.000000000e+00	1.900000000e+01	0.000000000e+00	0.000000000e+00	2.000000000e+00	6.000000000e+00	0.000000000e+00	5.000000000e+00	3.000000000e+00	4.910000000e+02	0.000000000e+00	0.000000000e+00	
3.000000000e+01	0.000000000e+00	3.380000000e+02	0.000000000e+00	1.000000000e+00	0.000000000e+00	1.000000000e+01	1.000000000e+00	0.000000000e+00	0.000000000e+00	2.000000000e+00	3.000000000e+00	0.000000000e+00	2.100000000e+01	0.000000000e+00	0.000000000e+00	2.000000000e+00	7.000000000e+00	0.000000000e+00	5.000000000e+00	4.000000000e+00	7.950000000e+02	0.000000000e+00	0.000000000e+00	
3.300000000e+01	0.000000000e+00	3.350000000e+02	1.000000000e+00	0.000000000e+00	3.000000000e+00	1.400000000e+01	0.000000000e+00	0.000000000e+00	0.000000000e+00	1.000000000e+00	2.000000000e+00	0.000000000e+00	1.900000000e+01	0.000000000e+00	0.000000000e+00	2.000000000e+00	1.100000000e+01	0.000000000e+00	7.000000000e+00	4.000000000e+00	1.168000000e+03	0.000000000e+00	1.000000000e+00	
3.600000000e+01	0.000000000e+00	3.330000000e+02	1.000000000e+00	0.000000000e+00	2.000000000e+00	1.600000000e+01	0.000000000e+00	0.000000000e+00	0.000000000e+00	1.000000000e+00	1.000000000e+00	0.000000000e+00	1.600000000e+01	0.000000000e+00	0.000000000e+00	3.000000000e+00	1.400000000e+01	0.000000000e+00	9.000000000e+00	6.000000000e+00	1.686000000e+03	0.000000000e+00	2.000000000e+00	
3.900000000e+01	0.000000000e+00	3.330000000e+02	1.000000000e+00	0.000000000e+00	2.000000000e+00	1.600000000e+01	0.000000000e+00	0.000000000e+00	0.000000000e+00	1.000000000e+00	0.000000000e+00	0.000000000e+00	1.700000000e+01	0.000000000e+00	0.000000000e+00	3.000000000e+00	1.400000000e+01	0.000000000e+00	1.000000000e+01	7.000000000e+00	2.297000000e+03	0.000000000e+00	3.000000000e+00	
4.200000000e+01	1.000000000e+00	3.330000000e+02	0.000000000e+00	0.000000000e+00	1.000000000e+00	1.700000000e+01	0.000000000e+00	0.000000000e+00	0.000000000e+00	0.000000000e+00	1.000000000e+00	0.000000000e+00	1.300000000e+01	0.000000000e+00	0.000000000e+00	4.000000000e+00	1.700000000e+01	0.000000000e+00	1.000000000e+01	8.000000000e+00	2.983000000e+03	0.000000000e+00	6.000000000e+00	
4.500000000e+01	0.000000000e+00	3.310000000e+02	0.000000000e+00	1.000000000e+00	1.000000000e+00	1.700000000e+01	1.000000000e+00	0.000000000e+00	0.000000000e+00	0.000000000e+00	0.000000000e+00	0.000000000e+00	1.100000000e+01	0.000000000e+00	0.000000000e+00	5.000000000e+00	1.900000000e+01	0.000000000e+00	1.200000000e+01	8.000000000e+00	3.755000000e+03	0.000000000e+00	9.000000000e+00	
4.800000000e+01	0.000000000e+00	3.310000000e+02	0.000000000e+00	1.000000000e+00	1.000000000e+00	1.700000000e+01	1.000000000e+00	0.000000000e+00	0.000000000e+00	0.000000000e+00	0.000000000e+00	0.000000000e+00	1.000000000e+01	0.000000000e+00	0.000000000e+00	6.000000000e+00	1.900000000e+01	0.000000000e+00	1.200000000e+01	9.000000000e+00	4.528000000e+03	0.000000000e+00	1.900000000e+01	
5.100000000e+01	0.000000000e+00	3.310000000e+02	0.000000000e+00	1.000000000e+00	0.000000000e+00	1.700000000e+01	1.000000000e+00	0.000000000e+00	0.000000000e+00	0.000000000e+00	0.000000000e+00	0.000000000e+00	8.000000000e+00	0.000000000e+00	0.000000000e+00	6.000000000e+00	2.100000000e+01	0.000000000e+00	1.200000000e+01	1.100000000e+01	5.364000000e+03	0.000000000e+00	2.300000000e+01	
5.400000000e+01	0.000000000e+00	3.310000000e+02	1.000000000e+00	0.000000000e+00	1.000000000e+00	1.600000000e+01	2.000000000e+00	0.000000000e+00	0.000000000e+00	0.000000000e+00	0.000000000e+00	0.000000000e+00	6.000000000e+00	0.000000000e+00	0.000000000e+00	7.000000000e+00	2.200000000e+01	0.000000000e+00	1.300000000e+01	1.100000000e+01	6.220000000e+03	0.000000000e+00	3.300000000e+01	
5.700000000e+01	0.000000000e+00	3.320000000e+02	1.000000000e+00	0.000000000e+00	3.000000000e+00	1.700000000e+01	0.000000000e+00	0.000000000e+00	0.000000000e+00	0.000000000e+00	0.000000000e+00	0.000000000e+00	5.000000000e+00	0.000000000e+00	0.000000000e+00	7.000000000e+00	2.300000000e+01	0.000000000e+00	1.300000000e+01	1.100000000e+01	7.085000000e+03	0.000000000e+00	4.600000000e+01	
6.000000000e+01	0.000000000e+00	3.320000000e+02	1.000000000e+00	0.000000000e+00	1.000000000e+00	1.700000000e+01	0.000000000e+00	0.000000000e+00	0.000000000e+00	0.000000000e+00	0.000000000e+00	0.000000000e+00	4.000000000e+00	0.000000000e+00	0.000000000e+00	8.000000000e+00	2.300000000e+01	0.000000000e+00	1.500000000e+01	1.200000000e+01	8.030000000e+03	0.000000000e+00	6.200000000e+01	
6.300000000e+01	0.000000000e+00	3.320000000e+02	1.000000000e+00	0.000000000e+00	1.000000000e+00	1.600000000e+01	1.000000000e+00	0.000000000e+00	0.000000000e+00	0.000000000e+00	0.000000000e+00	0.000000000e+00	3.000000000e+00	0.000000000e+00	0.000000000e+00	8.000000000e+00	2.400000000e+01	0.000000000e+00	1.700000000e+01	1.200000000e+01	9.021000000e+03	0.000000000e+00	7.700000000e+01	
6.600000000e+01	1.000000000e+00	3.320000000e+02	0.000000000e+00	0.000000000e+00	2.000000000e+00	1.700000000e+01	1.000000000e+00	0.000000000e+00	0.000000000e+00	0.000000000e+00	0.000000000e+00	0.000000000e+00	2.000000000e+00	0.000000000e+00	0.000000000e+00	8.000000000e+00	2.500000000e+01	0.000000000e+00	1.700000000e+01	1.200000000e+01	1.002500000e+04	0.000000000e+00	9.400000000e+01	
6.900000000e+01	0.000000000e+00	3.280000000e+02	1.000000000e+00	0.000000000e+00	2.000000000e+00	2.000000000e+01	1.000000000e+00	0.000000000e+00	0.000000000e+00	0.000000000e+00	0.000000000e+00	0.000000000e+00	2.000000000e+00	0.000000000e+00	0.000000000e+00	8.000000000e+00	2.500000000e+01	0.000000000e+00	1.900000000e+01	1.300000000e+01	1.103900000e+04	0.000000000e+00	1.240000000e+02	
7.200000000e+01	0.000000000e+00	3.290000000e+02	0.000000000e+00	1.000000000e+00	0.000000000e+00	1.900000000e+01	1.000000000e+00	0.000000000e+00	0.000000000e+00	0.000000000e+00	0.000000000e+00	0.000000000e+00	2.000000000e+00	0.000000000e+00	0.000000000e+00	8.000000000e+00	2.500000000e+01	0.000000000e+00	2.000000000e+01	1.400000000e+01	1.200900000e+04	0.000000000e+00	1.590000000e+02	
7.500000000e+01	0.000000000e+00	3.270000000e+02	1.000000000e+00	0.000000000e+00	1.000000000e+00	1.900000000e+01	3.000000000e+00	0.000000000e+00	0.000000000e+00	0.000000000e+00	0.000000000e+00	0.000000000e+00	0.000000000e+00	0.000000000e+00	0.000000000e+00	8.000000000e+00	2.700000000e+01	0.000000000e+00	2.000000000e+01	1.500000000e+01	1.310100000e+04	0.000000000e+00	1.820000000e+02	
7.800000000e+01	1.000000000e+00	3.300000000e+02	0.000000000e+00	0.000000000e+00	0.000000000e+00	1.900000000e+01	1.000000000e+00	0.000000000e+00	0.000000000e+00	0.000000000e+00	0.000000000e+00	0.000000000e+00	0.000000000e+00	0.000000000e+00	0.000000000e+00	8.000000000e+00	2.700000000e+01	0.000000000e+00	2.100000000e+01	1.600000000e+01	1.421400000e+04	0.000000000e+00	2.120000000e+02	
8.100000000e+01	0.000000000e+00	3.300000000e+02	0.000000000e+00	1.000000000e+00	1.000000000e+00	1.700000000e+01	2.000000000e+00	0.000000000e+00	0.000000000e+00	0.000000000e+00	0.000000000e+00	0.000000000e+00	0.000000000e+00	0.000000000e+00	0.000000000e+00	8.000000000e+00	2.700000000e+01	0.000000000e+00	2.100000000e+01	1.600000000e+01	1.533500000e+04	0.000000000e+00	2.450000000e+02	
8.400000000e+01	0.000000000e+00	3.300000000e+02	1.000000000e+00	0.000000000e+00	1.000000000e+00	1.700000000e+01	2.000000000e+00	0.000000000e+00	0.000000000e+00	0.000000000e+00	0.000000000e+00	0.000000000e+00	0.000000000e+00	0.000000000e+00	0.000000000e+00	8.000000000e+00	2.700000000e+01	0.000000000e+00	2.300000000e+01	1.600000000e+01	1.639600000e+04	0.000000000e+00	2.750000000e+02	
8.700000000e+01	0.000000000e+00	3.300000000e+02	0.000000000e+00	1.000000000e+00	1.000000000e+00	1.800000000e+01	1.000000000e+00	0.000000000e+00	0.000000000e+00	0.000000000e+00	0.000000000e+00	0.000000000e+00	0.000000000e+00	0.000000000e+00	0.000000000e+00	8.000000000e+00	2.700000000e+01	0.000000000e+00	2.300000000e+01	1.700000000e+01	1.750900000e+04	0.000000000e+00	3.110000000e+02	
9.000000000e+01	0.000000000e+00	3.300000000e+02	0.000000000e+00	1.000000000e+00	0.000000000e+00	1.900000000e+01	0.000000000e+00	0.000000000e+00	0.000000000e+00	0.000000000e+00	0.000000000e+00	0.000000000e+00	0.000000000e+00	0.000000000e+00	0.000000000e+00	8.000000000e+00	2.700000000e+01	0.000000000e+00	2.300000000e+01	1.900000000e+01	1.857300000e+04	0.000000000e+00	3.550000000e+02	
9.300000000e+01	1.000000000e+00	3.300000000e+02	0.000000000e+00	0.000000000e+00	1.000000000e+00	2.000000000e+01	0.000000000e+00	0.000000000e+00	0.000000000e+00	0.000000000e+00	0.000000000e+00	0.000000000e+00	0.000000000e+00	0.000000000e+00	0.000000000e+00	8.000000000e+00	2.700000000e+01	0.000000000e+00	2.300000000e+01	1.900000000e+01	1.965600000e+04	0.000000000e+00	3.970000000e+02	
9.600000000e+01	0.000000000e+00	3.260000000e+02	1.000000000e+00	0.000000000e+00	2.000000000e+00	2.300000000e+01	0.000000000e+00	0.000000000e+00	0.000000000e+00	0.000000000e+00	0.000000000e+00	0.000000000e+00	0.000000000e+00	0.000000000e+00	0.000000000e+00	8.000000000e+00	2.700000000e+01	0.000000000e+00	2.300000000e+01	2.100000000e+01	2.084700000e+04	0.000000000e+00	4.420000000e+02	
9.900000000e+01	0.000000000e+00	3.250000000e+02	0.000000000e+00	1.000000000e+00	2.000000000e+00	2.200000000e+01	2.000000000e+00	0.000000000e+00	0.000000000e+00	0.000000000e+00	0.000000000e+00	0.000000000e+00	0.000000000e+00	0.000000000e+00	0.000000000e+00	8.000000000e+00	2.700000000e+01	0.000000000e+00	2.300000000e+01	2.300000000e+01	2.192500000e+04	0.000000000e+00	5.060000000e+02	
1.020000000e+02	0.000000000e+00	3.250000000e+02	1.000000000e+00	0.000000000e+00	0.000000000e+00	2.100000000e+01	3.000000000e+00	0.000000000e+00	0.000000000e+00	0.000000000e+00	0.000000000e+00	0.000000000e+00	0.000000000e+00	0.000000000e+00	0.000000000e+00	8.000000000e+00	2.700000000e+01	0.000000000e+00	2.600000000e+01	2.300000000e+01	2.299800000e+04	0.000000000e+00	5.420000000e+02	
1.050000000e+02	0.000000000e+00	3.240000000e+02	1.000000000e+00	0.000000000e+00	1.000000000e+00	2.300000000e+01	2.000000000e+00	0.000000000e+00	0.000000000e+00	0.000000000e+00	0.000000000e+00	0.000000000e+00	0.000000000e+00	0.000000000e+00	0.000000000e+00	8.000000000e+00	2.700000000e+01	0.000000000e+00	2.700000000e+01	2.300000000e+01	2.403300000e+04	0.000000000e+00	5.970000000e+02	
1.080000000e+02	0.000000000e+00	3.220000000e+02	1.000000000e+00	0.000000000e+00	2.000000000e+00	2.400000000e+01	3.000000000e+00	0.000000000e+00	0.000000000e+00	0.000000000e+00	0.000000000e+00	0.000000000e+00	0.000000000e+00	0.000000000e+00	0.000000000e+00	8.000000000e+00	2.700000000e+01	0.000000000e+00	2.900000000e+01	2.300000000e+01	2.514600000e+04	0.000000000e+00	6.440000000e+02	
1.110000000e+02	1.000000000e+00	3.210000000e+02	0.000000000e+00	0.000000000e+00	2.000000000e+00	2.500000000e+01	4.000000000e+00	0.000000000e+00	0.000000000e+00	0.000000000e+00	0.000000000e+00	0.000000000e+00	0.000000000e+00	0.000000000e+00	0.000000000e+00	8.000000000e+00	2.700000000e+01	0.000000000e+00	3.100000000e+01	2.400000000e+01	2.627300000e+04	0.000000000e+00	6.940000000e+02	
1.140000000e+02	0.000000000e+00	3.210000000e+02	1.000000000e+00	0.000000000e+00	1.000000000e+00	2.600000000e+01	2.000000000e+00	0.000000000e+00	0.000000000e+00	0.000000000e+00	0.000000000e+00	0.000000000e+00	0.000000000e+00	0.000000000e+00	0.000000000e+00	8.000000000e+00	2.700000000e+01	0.000000000e+00	3.200000000e+01	2.500000000e+01	2.734300000e+04	0.000000000e+00	7.510000000e+02	
1.170000000e+02	0.000000000e+00	3.220000000e+02	0.000000000e+00	1.000000000e+00	1.000000000e+00	2.600000000e+01	1.000000000e+00	0.000000000e+00	0.000000000e+00	0.000000000e+00	0.000000000e+00	0.000000000e+00	0.000000000e+00	0.000000000e+00	0.000000000e+00	8.000000000e+00	2.700000000e+01	0.000000000e+00	3.200000000e+01	2.600000000e+01	2.836700000e+04	0.000000000e+00	8.200000000e+02	
1.200000000e+02	0.000000000e+00	3.210000000e+02	1.000000000e+00	0.000000000e+00	1.000000000e+00	2.500000000e+01	3.000000000e+00	0.000000000e+00	0.000000000e+00	0.000000000e+00	0.000000000e+00	0.000000000e+00	0.000000000e+00	0.000000000e+00	0.000000000e+00	8.000000000e+00	2.700000000e+01	0.000000000e+00	3.200000000e+01	2.700000000e+01	2.949700000e+04	0.000000000e+00	8.730000000e+02	
1.230000000e+02	0.000000000e+00	3.220000000e+02	1.000000000e+00	0.000000000e+00	0.000000000e+00	2.400000000e+01	3.000000000e+00	0.000000000e+00	0.000000000e+00	0.000000000e+00	0.000000000e+00	0.000000000e+00	0.000000000e+00	0.000000000e+00	0.000000000e+00	8.000000000e+00	2.700000000e+01	0.000000000e+00	3.300000000e+01	2.700000000e+01	3.053200000e+04	0.000000000e+00	9.450000000e+02	
1.260000000e+02	1.000000000e+00	3.250000000e+02	0.000000000e+00	0.000000000e+00	1.000000000e+00	2.200000000e+01	3.000000000e+00	0.000000000e+00	0.000000000e+00	0.000000000e+00	0.000000000e+00	0.000000000e+00	0.000000000e+00	0.000000000e+00	0.000000000e+00	8.000000000e+00	2.700000000e+01	0.000000000e+00	3.300000000e+01	2.700000000e+01	3.162700000e+04	0.000000000e+00	1.006000000e+03	
1.290000000e+02	1.000000000e+00	3.270000000e+02	0.000000000e+00	0.000000000e+00	1.000000000e+00	2.200000000e+01	1.000000000e+00	0.000000000e+00	0.000000000e+00	0.000000000e+00	0.000000000e+00	0.000000000e+00	0.000000000e+00	0.000000000e+00	0.000000000e+00	8.000000000e+00	2.700000000e+01	0.000000000e+00	3.400000000e+01	2.700000000e+01	3.269000000e+04	0.000000000e+00	1.083000000e+03	
1.320000000e+02	0.000000000e+00	3.270000000e+02	0.000000000e+00	1.000000000e+00	1.000000000e+00	2.200000000e+01	0.000000000e+00	0.000000000e+00	0.000000000e+00	0.000000000e+00	0.000000000e+00	0.000000000e+00	0.000000000e+00	0.000000000e+00	0.000000000e+00	8.000000000e+00	2.700000000e+01	0.000000000e+00	3.400000000e+01	2.800000000e+01	3.377100000e+04	0.000000000e+00	1.161000000e+03	
1.350000000e+02	0.000000000e+00	3.260000000e+02	1.000000000e+00	0.000000000e+00	0.000000000e+00	2.200000000e+01	1.000000000e+00	0.000000000e+00	0.000000000e+00	0.000000000e+00	0.000000000e+00	0.000000000e+00	0.000000000e+00	0.000000000e+00	0.000000000e+00	8.000000000e+00	2.700000000e+01	0.000000000e+00	3.600000000e+01	2.800000000e+01	3.483100000e+04	0.000000000e+00	1.235000000e+03	
1.380000000e+02	1.000000000e+00	3.260000000e+02	0.000000000e+00	0.000000000e+00	0.000000000e+00	2.300000000e+01	1.000000000e+00	0.000000000e+00	0.000000000e+00	0.000000000e+00	0.000000000e+00	0.000000000e+00	0.000000000e+00	0.000000000e+00	0.000000000e+00	8.000000000e+00	2.700000000e+01	0.000000000e+00	3.700000000e+01	2.800000000e+01	3.587200000e+04	0.000000000e+00	1.315000000e+03	
1.410000000e+02	1.000000000e+00	3.260000000e+02	0.000000000e+00	0.000000000e+00	0.000000000e+00	2.400000000e+01	0.000000000e+00	0.000000000e+00	0.000000000e+00	0.000000000e+00	0.000000000e+00	0.000000000e+00	0.000000000e+00	0.000000000e+00	0.000000000e+00	8.000000000e+00	2.700000000e+01	0.000000000e+00	3.800000000e+01	2.800000000e+01	3.690600000e+04	0.000000000e+00	1.416000000e+03	
1.440000000e+02	0.000000000e+00	3.240000000e+02	1.000000000e+00	0.000000000e+00	2.000000000e+00	2.500000000e+01	0.000000000e+00	0.000000000e+00	0.000000000e+00	0.000000000e+00	0.000000000e+00	0.000000000e+00	0.000000000e+00	0.000000000e+00	0.000000000e+00	8.000000000e+00	2.700000000e+01	0.000000000e+00	3.800000000e+01	2.900000000e+01	3.798000000e+04	0.000000000e+00	1.490000000e+03	
1.470000000e+02	0.000000000e+00	3.250000000e+02	1.000000000e+00	0.000000000e+00	0.000000000e+00	2.400000000e+01	0.000000000e+00	0.000000000e+00	0.000000000e+00	0.000000000e+00	0.000000000e+00	0.000000000e+00	0.000000000e+00	0.000000000e+00	0.000000000e+00	7.000000000e+00	2.700000000e+01	0.000000000e+00	3.800000000e+01	3.100000000e+01	3.906400000e+04	1.000000000e+00	1.567000000e+03	
1.500000000e+02	0.000000000e+00	3.260000000e+02	0.000000000e+00	1.000000000e+00	0.000000000e+00	2.200000000e+01	1.000000000e+00	0.000000000e+00	0.000000000e+00	0.000000000e+00	0.000000000e+00	0.000000000e+00	0.000000000e+00	0.000000000e+00	0.000000000e+00	8.000000000e+00	2.700000000e+01	0.000000000e+00	3.800000000e+01	3.100000000e+01	4.008200000e+04	0.000000000e+00	1.658000000e+03	
1.530000000e+02	0.000000000e+00	3.260000000e+02	1.000000000e+00	0.000000000e+00	0.000000000e+00	2.100000000e+01	2.000000000e+00	0.000000000e+00	0.000000000e+00	0.000000000e+00	0.000000000e+00	0.000000000e+00	0.000000000e+00	0.000000000e+00	0.000000000e+00	8.000000000e+00	2.700000000e+01	0.000000000e+00	3.800000000e+01	3.200000000e+01	4.116100000e+04	0.000000000e+00	1.765000000e+03	
1.560000000e+02	1.000000000e+00	3.280000000e+02	0.000000000e+00	0.000000000e+00	1.000000000e+00	2.000000000e+01	2.000000000e+00	0.000000000e+00	0.000000000e+00	0.000000000e+00	0.000000000e+00	0.000000000e+00	0.000000000e+00	0.000000000e+00	0.000000000e+00	8.000000000e+00	2.700000000e+01	0.000000000e+00	3.800000000e+01	3.200000000e+01	4.222600000e+04	0.000000000e+00	1.855000000e+03	
1.590000000e+02	0.000000000e+00	3.280000000e+02	0.000000000e+00	1.000000000e+00	0.000000000e+00	1.800000000e+01	3.000000000e+00	0.000000000e+00	0.000000000e+00	0.000000000e+00	0.000000000e+00	0.000000000e+00	0.000000000e+00	0.000000000e+00	0.000000000e+00	8.000000000e+00	2.700000000e+01	0.000000000e+00	3.900000000e+01	3.300000000e+01	4.332000000e+04	0.000000000e+00	1.939000000e+03	
1.620000000e+02	0.000000000e+00	3.270000000e+02	1.000000000e+00	0.000000000e+00	0.000000000e+00	1.900000000e+01	3.000000000e+00	0.000000000e+00	0.000000000e+00	0.000000000e+00	0.000000000e+00	0.000000000e+00	0.000000000e+00	0.000000000e+00	0.000000000e+00	8.000000000e+00	2.700000000e+01	0.000000000e+00	4.000000000e+01	3.400000000e+01	4.427000000e+04	0.000000000e+00	2.046000000e+03	
1.650000000e+02	0.000000000e+00	3.300000000e+02	0.000000000e+00	1.000000000e+00	0.000000000e+00	1.800000000e+01	1.000000000e+00	0.000000000e+00	0.000000000e+00	0.000000000e+00	0.000000000e+00	0.000000000e+00	0.000000000e+00	0.000000000e+00	0.000000000e+00	8.000000000e+00	2.700000000e+01	0.000000000e+00	4.000000000e+01	3.400000000e+01	4.534900000e+04	0.000000000e+00	2.144000000e+03	
1.680000000e+02	0.000000000e+00	3.300000000e+02	1.000000000e+00	0.000000000e+00	0.000000000e+00	1.700000000e+01	2.000000000e+00	0.000000000e+00	0.000000000e+00	0.000000000e+00	0.000000000e+00	0.000000000e+00	0.000000000e+00	0.000000000e+00	0.000000000e+00	8.000000000e+00	2.700000000e+01	0.000000000e+00	4.100000000e+01	3.500000000e+01	4.639300000e+04	0.000000000e+00	2.245000000e+03	
1.710000000e+02	0.000000000e+00	3.290000000e+02	1.000000000e+00	0.000000000e+00	1.000000000e+00	1.900000000e+01	1.000000000e+00	0.000000000e+00	0.000000000e+00	0.000000000e+00	0.000000000e+00	0.000000000e+00	0.000000000e+00	0.000000000e+00	0.000000000e+00	8.000000000e+00	2.700000000e+01	0.000000000e+00	4.200000000e+01	3.500000000e+01	4.742100000e+04	0.000000000e+00	2.344000000e+03	
1.740000000e+02	0.000000000e+00	3.300000000e+02	0.000000000e+00	1.000000000e+00	0.000000000e+00	1.900000000e+01	0.000000000e+00	0.000000000e+00	0.000000000e+00	0.000000000e+00	0.000000000e+00	0.000000000e+00	0.000000000e+00	0.000000000e+00	0.000000000e+00	8.000000000e+00	2.700000000e+01	0.000000000e+00	4.200000000e+01	3.600000000e+01	4.845700000e+04	0.000000000e+00	2.448000000e+03	
1.770000000e+02	0.000000000e+00	3.290000000e+02	0.000000000e+00	1.000000000e+00	1.000000000e+00	2.000000000e+01	0.000000000e+00	0.000000000e+00	0.000000000e+00	0.000000000e+00	0.000000000e+00	0.000000000e+00	0.000000000e+00	0.000000000e+00	0.000000000e+00	8.000000000e+00	2.700000000e+01	0.000000000e+00	4.200000000e+01	3.600000000e+01	4.948700000e+04	0.000000000e+00	2.544000000e+03	
1.800000000e+02	0.000000000e+00	3.300000000e+02	1.000000000e+00	0.000000000e+00	1.000000000e+00	1.800000000e+01	1.000000000e+00	0.000000000e+00	0.000000000e+00	0.000000000e+00	0.000000000e+00	0.000000000e+00	0.000000000e+00	0.000000000e+00	0.000000000e+00	8.000000000e+00	2.700000000e+01	0.000000000e+00	4.200000000e+01	3.800000000e+01	5.044100000e+04	0.000000000e+00	2.662000000e+03	
1.830000000e+02	0.000000000e+00	3.310000000e+02	1.000000000e+00	0.000000000e+00	0.000000000e+00	1.600000000e+01	2.000000000e+00	0.000000000e+00	0.000000000e+00	0.000000000e+00	0.000000000e+00	0.000000000e+00	0.000000000e+00	0.000000000e+00	0.000000000e+00	8.000000000e+00	2.700000000e+01	0.000000000e+00	4.300000000e+01	3.900000000e+01	5.145500000e+04	0.000000000e+00	2.774000000e+03	
1.860000000e+02	0.000000000e+00	3.310000000e+02	1.000000000e+00	0.000000000e+00	1.000000000e+00	1.700000000e+01	1.000000000e+00	0.000000000e+00	0.000000000e+00	0.000000000e+00	0.000000000e+00	0.000000000e+00	0.000000000e+00	0.000000000e+00	0.000000000e+00	8.000000000e+00	2.700000000e+01	0.000000000e+00	4.300000000e+01	3.900000000e+01	5.250700000e+04	0.000000000e+00	2.891000000e+03	
1.890000000e+02	1.000000000e+00	3.320000000e+02	0.000000000e+00	0.000000000e+00	1.000000000e+00	1.800000000e+01	0.000000000e+00	0.000000000e+00	0.000000000e+00	0.000000000e+00	0.000000000e+00	0.000000000e+00	0.000000000e+00	0.000000000e+00	0.000000000e+00	8.000000000e+00	2.700000000e+01	0.000000000e+00	4.300000000e+01	4.000000000e+01	5.357500000e+04	0.000000000e+00	3.013000000e+03	
1.920000000e+02	0.000000000e+00	3.300000000e+02	1.000000000e+00	0.000000000e+00	1.000000000e+00	1.900000000e+01	0.000000000e+00	0.000000000e+00	0.000000000e+00	0.000000000e+00	0.000000000e+00	0.000000000e+00	0.000000000e+00	0.000000000e+00	0.000000000e+00	7.000000000e+00	2.700000000e+01	0.000000000e+00	4.300000000e+01	4.100000000e+01	5.460500000e+04	1.000000000e+00	3.136000000e+03	
1.950000000e+02	0.000000000e+00	3.310000000e+02	0.000000000e+00	1.000000000e+00	0.000000000e+00	1.800000000e+01	0.000000000e+00	0.000000000e+00	0.000000000e+00	0.000000000e+00	0.000000000e+00	0.000000000e+00	0.000000000e+00	0.000000000e+00	0.000000000e+00	8.000000000e+00	2.700000000e+01	0.000000000e+00	4.300000000e+01	4.200000000e+01	5.562500000e+04	0.000000000e+00	3.262000000e+03	
1.980000000e+02	0.000000000e+00	3.290000000e+02	0.000000000e+00	1.000000000e+00	2.000000000e+00	2.000000000e+01	0.000000000e+00	0.000000000e+00	0.000000000e+00	0.000000000e+00	0.000000000e+00	0.000000000e+00	0.000000000e+00	0.000000000e+00	0.000000000e+00	8.000000000e+00	2.700000000e+01	0.000000000e+00	4.300000000e+01	4.200000000e+01	5.657800000e+04	0.000000000e+00	3.383000000e+03	
2.010000000e+02	0.000000000e+00	3.300000000e+02	1.000000000e+00	0.000000000e+00	0.000000000e+00	1.700000000e+01	2.000000000e+00	0.000000000e+00	0.000000000e+00	0.000000000e+00	0.000000000e+00	0.000000000e+00	0.000000000e+00	0.000000000e+00	0.000000000e+00	8.000000000e+00	2.700000000e+01	0.000000000e+00	4.400000000e+01	4.400000000e+01	5.760800000e+04	0.000000000e+00	3.497000000e+03	
2.040000000e+02	0.000000000e+00	3.300000000e+02	1.000000000e+00	0.000000000e+00	0.000000000e+00	1.800000000e+01	1.000000000e+00	0.000000000e+00	0.000000000e+00	0.000000000e+00	0.000000000e+00	0.000000000e+00	0.000000000e+00	0.000000000e+00	0.000000000e+00	8.000000000e+00	2.700000000e+01	0.000000000e+00	4.500000000e+01	4.500000000e+01	5.855100000e+04	0.000000000e+00	3.646000000e+03	
2.070000000e+02	0.000000000e+00	3.310000000e+02	1.000000000e+00	0.000000000e+00	1.000000000e+00	1.800000000e+01	0.000000000e+00	0.000000000e+00	0.000000000e+00	0.000000000e+00	0.000000000e+00	0.000000000e+00	0.000000000e+00	0.000000000e+00	0.000000000e+00	8.000000000e+00	2.700000000e+01	0.000000000e+00	4.500000000e+01	4.500000000e+01	5.960500000e+04	0.000000000e+00	3.783000000e+03	
2.100000000e+02	0.000000000e+00	3.300000000e+02	0.000000000e+00	1.000000000e+00	2.000000000e+00	1.900000000e+01	0.000000000e+00	0.000000000e+00	0.000000000e+00	0.000000000e+00	0.000000000e+00	0.000000000e+00	0.000000000e+00	0.000000000e+00	0.000000000e+00	8.000000000e+00	2.700000000e+01	0.000000000e+00	4.500000000e+01	4.500000000e+01	6.061200000e+04	0.000000000e+00	3.912000000e+03	
2.130000000e+02	0.000000000e+00	3.300000000e+02	0.000000000e+00	1.000000000e+00	0.000000000e+00	1.800000000e+01	1.000000000e+00	0.000000000e+00	0.000000000e+00	0.000000000e+00	0.000000000e+00	0.000000000e+00	0.000000000e+00	0.000000000e+00	0.000000000e+00	8.000000000e+00	2.700000000e+01	0.000000000e+00	4.600000000e+01	4.600000000e+01	6.160900000e+04	0.000000000e+00	4.041000000e+03	
2.160000000e+02	1.000000000e+00	3.290000000e+02	0.000000000e+00	0.000000000e+00	2.000000000e+00	2.100000000e+01	0.000000000e+00	0.000000000e+00	0.000000000e+00	0.000000000e+00	0.000000000e+00	0.000000000e+00	0.000000000e+00	0.000000000e+00	0.000000000e+00	8.000000000e+00	2.700000000e+01	0.000000000e+00	4.600000000e+01	4.700000000e+01	6.264200000e+04	0.000000000e+00	4.177000000e+03	
2.190000000e+02	0.000000000e+00	3.280000000e+02	1.000000000e+00	0.000000000e+00	0.000000000e+00	2.100000000e+01	0.000000000e+00	0.000000000e+00	0.000000000e+00	0.000000000e+00	0.000000000e+00	0.000000000e+00	0.000000000e+00	0.000000000e+00	0.000000000e+00	8.000000000e+00	2.700000000e+01	0.000000000e+00	4.700000000e+01	4.800000000e+01	6.356200000e+04	0.000000000e+00	4.328000000e+03	
2.220000000e+02	0.000000000e+00	3.270000000e+02	0.000000000e+00	1.000000000e+00	0.000000000e+00	2.200000000e+01	0.000000000e+00	0.000000000e+00	0.000000000e+00	0.000000000e+00	0.000000000e+00	0.000000000e+00	0.000000000e+00	0.000000000e+00	0.000000000e+00	8.000000000e+00	2.700000000e+01	0.000000000e+00	4.700000000e+01	4.900000000e+01	6.457100000e+04	0.000000000e+00	4.475000000e+03	
2.250000000e+02	0.000000000e+00	3.250000000e+02	0.000000000e+00	1.000000000e+00	1.000000000e+00	2.400000000e+01	0.000000000e+00	0.000000000e+00	0.000000000e+00	0.000000000e+00	0.000000000e+00	0.000000000e+00	0.000000000e+00	0.000000000e+00	0.000000000e+00	8.000000000e+00	2.700000000e+01	0.000000000e+00	4.700000000e+01	5.000000000e+01	6.559400000e+04	0.000000000e+00	4.636000000e+03	
2.280000000e+02	0.000000000e+00	3.230000000e+02	1.000000000e+00	0.000000000e+00	1.000000000e+00	2.500000000e+01	1.000000000e+00	0.000000000e+00	0.000000000e+00	0.000000000e+00	0.000000000e+00	0.000000000e+00	0.000000000e+00	0.000000000e+00	0.000000000e+00	8.000000000e+00	2.700000000e+01	0.000000000e+00	4.800000000e+01	5.100000000e+01	6.657600000e+04	0.000000000e+00	4.791000000e+03	
2.310000000e+02	0.000000000e+00	3.220000000e+02	1.000000000e+00	0.000000000e+00	2.000000000e+00	2.600000000e+01	1.000000000e+00	0.000000000e+00	0.000000000e+00	0.000000000e+00	0.000000000e+00	0.000000000e+00	0.000000000e+00	0.000000000e+00	0.000000000e+00	8.000000000e+00	2.700000000e+01	0.000000000e+00	4.800000000e+01	5.200000000e+01	6.752700000e+04	0.000000000e+00	4.941000000e+03	
2.340000000e+02	0.000000000e+00	3.190000000e+02	0.000000000e+00	1.000000000e+00	2.000000000e+00	2.900000000e+01	1.000000000e+00	0.000000000e+00	0.000000000e+00	0.000000000e+00	0.000000000e+00	0.000000000e+00	0.000000000e+00	0.000000000e+00	0.000000000e+00	8.000000000e+00	2.700000000e+01	0.000000000e+00	5.000000000e+01	5.300000000e+01	6.845500000e+04	0.000000000e+00	5.094000000e+03	
2.370000000e+02	0.000000000e+00	3.190000000e+02	0.000000000e+00	1.000000000e+00	0.000000000e+00	3.000000000e+01	0.000000000e+00	0.000000000e+00	0.000000000e+00	0.000000000e+00	0.000000000e+00	0.000000000e+00	0.000000000e+00	0.000000000e+00	0.000000000e+00	6.000000000e+00	2.700000000e+01	0.000000000e+00	5.200000000e+01	5.500000000e+01	6.944400000e+04	2.000000000e+00	5.249000000e+03	
2.400000000e+02	0.000000000e+00	3.170000000e+02	1.000000000e+00	0.000000000e+00	0.000000000e+00	3.200000000e+01	0.000000000e+00	0.000000000e+00	0.000000000e+00	0.000000000e+00	0.000000000e+00	0.000000000e+00	0.000000000e+00	0.000000000e+00	0.000000000e+00	7.000000000e+00	2.700000000e+01	0.000000000e+00	5.200000000e+01	5.700000000e+01	7.038500000e+04	1.000000000e+00	5.439000000e+03	
2.430000000e+02	0.000000000e+00	3.180000000e+02	0.000000000e+00	1.000000000e+00	0.000000000e+00	3.000000000e+01	1.000000000e+00	0.000000000e+00	0.000000000e+00	0.000000000e+00	0.000000000e+00	0.000000000e+00	0.000000000e+00	0.000000000e+00	0.000000000e+00	8.000000000e+00	2.700000000e+01	0.000000000e+00	5.200000000e+01	5.700000000e+01	7.134700000e+04	0.000000000e+00	5.610000000e+03	
2.460000000e+02	0.000000000e+00	3.160000000e+02	1.000000000e+00	0.000000000e+00	2.000000000e+00	3.300000000e+01	0.000000000e+00	0.000000000e+00	0.000000000e+00	0.000000000e+00	0.000000000e+00	0.000000000e+00	0.000000000e+00	0.000000000e+00	0.000000000e+00	8.000000000e+00	2.700000000e+01	0.000000000e+00	5.300000000e+01	5.800000000e+01	7.228300000e+04	0.000000000e+00	5.776000000e+03	
2.490000000e+02	1.000000000e+00	3.140000000e+02	0.000000000e+00	0.000000000e+00	1.000000000e+00	3.400000000e+01	2.000000000e+00	0.000000000e+00	0.000000000e+00	0.000000000e+00	0.000000000e+00	0.000000000e+00	0.000000000e+00	0.000000000e+00	0.000000000e+00	8.000000000e+00	2.700000000e+01	0.000000000e+00	5.500000000e+01	6.000000000e+01	7.326700000e+04	0.000000000e+00	5.944000000e+03	
2.520000000e+02	0.000000000e+00	3.160000000e+02	0.000000000e+00	1.000000000e+00	1.000000000e+00	3.200000000e+01	1.000000000e+00	0.000000000e+00	0.000000000e+00	0.000000000e+00	0.000000000e+00	0.000000000e+00	0.000000000e+00	0.000000000e+00	0.000000000e+00	8.000000000e+00	2.700000000e+01	0.000000000e+00	5.500000000e+01	6.000000000e+01	7.423100000e+04	0.000000000e+00	6.136000000e+03	
2.550000000e+02	0.000000000e+00	3.160000000e+02	1.000000000e+00	0.000000000e+00	1.000000000e+00	3.300000000e+01	0.000000000e+00	0.000000000e+00	0.000000000e+00	0.000000000e+00	0.000000000e+00	0.000000000e+00	0.000000000e+00	0.000000000e+00	0.000000000e+00	8.000000000e+00	2.700000000e+01	0.000000000e+00	5.600000000e+01	6.100000000e+01	7.518200000e+04	0.000000000e+00	6.282000000e+03	
2.580000000e+02	0.000000000e+00	3.150000000e+02	0.000000000e+00	1.000000000e+00	0.000000000e+00	3.200000000e+01	2.000000000e+00	0.000000000e+00	0.000000000e+00	0.000000000e+00	0.000000000e+00	0.000000000e+00	0.000000000e+00	0.000000000e+00	0.000000000e+00	7.000000000e+00	2.700000000e+01	0.000000000e+00	5.700000000e+01	6.200000000e+01	7.609700000e+04	1.000000000e+00	6.484000000e+03	
2.610000000e+02	1.000000000e+00	3.150000000e+02	0.000000000e+00	0.000000000e+00	3.000000000e+00	3.400000000e+01	1.000000000e+00	0.000000000e+00	0.000000000e+00	0.000000000e+00	0.000000000e+00	0.000000000e+00	0.000000000e+00	0.000000000e+00	0.000000000e+00	8.000000000e+00	2.700000000e+01	0.000000000e+00	5.700000000e+01	6.200000000e+01	7.708700000e+04	0.000000000e+00	6.669000000e+03	
2.640000000e+02	0.000000000e+00	3.140000000e+02	0.000000000e+00	1.000000000e+00	3.000000000e+00	3.400000000e+01	1.000000000e+00	0.000000000e+00	0.000000000e+00	0.000000000e+00	0.000000000e+00	0.000000000e+00	0.000000000e+00	0.000000000e+00	0.000000000e+00	8.000000000e+00	2.700000000e+01	0.000000000e+00	5.700000000e+01	6.400000000e+01	7.806800000e+04	0.000000000e+00	6.852000000e+03	
2.670000000e+02	0.000000000e+00	3.120000000e+02	0.000000000e+00	1.000000000e+00	1.000000000e+00	3.400000000e+01	3.000000000e+00	0.000000000e+00	0.000000000e+00	0.000000000e+00	0.000000000e+00	0.000000000e+00	0.000000000e+00	0.000000000e+00	0.000000000e+00	8.000000000e+00	2.700000000e+01	0.000000000e+00	5.900000000e+01	6.600000000e+01	7.903300000e+04	0.000000000e+00	7.018000000e+03	
2.700000000e+02	0.000000000e+00	3.150000000e+02	0.000000000e+00	1.000000000e+00	1.000000000e+00	3.200000000e+01	2.000000000e+00	0.000000000e+00	0.000000000e+00	0.000000000e+00	0.000000000e+00	0.000000000e+00	0.000000000e+00	0.000000000e+00	0.000000000e+00	7.000000000e+00	2.700000000e+01	0.000000000e+00	6.000000000e+01	6.600000000e+01	8.002800000e+04	1.000000000e+00	7.196000000e+03	
2.730000000e+02	1.000000000e+00	3.150000000e+02	0.000000000e+00	0.000000000e+00	0.000000000e+00	3.300000000e+01	2.000000000e+00	0.000000000e+00	0.000000000e+00	0.000000000e+00	0.000000000e+00	0.000000000e+00	0.000000000e+00	0.000000000e+00	0.000000000e+00	8.000000000e+00	2.700000000e+01	0.000000000e+00	6.300000000e+01	6.700000000e+01	8.097600000e+04	0.000000000e+00	7.394000000e+03	
2.760000000e+02	0.000000000e+00	3.140000000e+02	1.000000000e+00	0.000000000e+00	1.000000000e+00	3.400000000e+01	1.000000000e+00	0.000000000e+00	0.000000000e+00	0.000000000e+00	0.000000000e+00	0.000000000e+00	0.000000000e+00	0.000000000e+00	0.000000000e+00	8.000000000e+00	2.700000000e+01	0.000000000e+00	6.300000000e+01	6.900000000e+01	8.191400000e+04	0.000000000e+00	7.590000000e+03	
2.790000000e+02	0.000000000e+00	3.140000000e+02	0.000000000e+00	1.000000000e+00	0.000000000e+00	3.400000000e+01	1.000000000e+00	0.000000000e+00	0.000000000e+00	0.000000000e+00	0.000000000e+00	0.000000000e+00	0.000000000e+00	0.000000000e+00	0.000000000e+00	8.000000000e+00	2.700000000e+01	0.000000000e+00	6.400000000e+01	7.000000000e+01	8.285200000e+04	0.000000000e+00	7.786000000e+03	
2.820000000e+02	0.000000000e+00	3.120000000e+02	1.000000000e+00	0.000000000e+00	2.000000000e+00	3.500000000e+01	2.000000000e+00	0.000000000e+00	0.000000000e+00	0.000000000e+00	0.000000000e+00	0.000000000e+00	0.000000000e+00	0.000000000e+00	0.000000000e+00	6.000000000e+00	2.700000000e+01	0.000000000e+00	6.400000000e+01	7.000000000e+01	8.380700000e+04	2.000000000e+00	7.967000000e+03	
2.850000000e+02	0.000000000e+00	3.120000000e+02	0.000000000e+00	1.000000000e+00	1.000000000e+00	3.600000000e+01	1.000000000e+00	0.000000000e+00	0.000000000e+00	0.000000000e+00	0.000000000e+00	0.000000000e+00	0.000000000e+00	0.000000000e+00	0.000000000e+00	8.000000000e+00	2.700000000e+01	0.000000000e+00	6.600000000e+01	7.100000000e+01	8.479600000e+04	0.000000000e+00	8.164000000e+03	
2.880000000e+02	1.000000000e+00	3.160000000e+02	0.000000000e+00	0.000000000e+00	1.000000000e+00	3.300000000e+01	1.000000000e+00	0.000000000e+00	0.000000000e+00	0.000000000e+00	0.000000000e+00	0.000000000e+00	0.000000000e+00	0.000000000e+00	0.000000000e+00	8.000000000e+00	2.700000000e+01	0.000000000e+00	6.700000000e+01	7.200000000e+01	8.577000000e+04	0.000000000e+00	8.338000000e+03	
2.910000000e+02	0.000000000e+00	3.170000000e+02	1.000000000e+00	0.000000000e+00	0.000000000e+00	3.100000000e+01	1.000000000e+00	0.000000000e+00	0.000000000e+00	0.000000000e+00	0.000000000e+00	0.000000000e+00	0.000000000e+00	0.000000000e+00	0.000000000e+00	8.000000000e+00	2.700000000e+01	0.000000000e+00	6.700000000e+01	7.300000000e+01	8.678500000e+04	0.000000000e+00	8.530000000e+03	
2.940000000e+02	0.000000000e+00	3.180000000e+02	0.000000000e+00	1.000000000e+00	0.000000000e+00	3.100000000e+01	0.000000000e+00	0.000000000e+00	0.000000000e+00	0.000000000e+00	0.000000000e+00	0.000000000e+00	0.000000000e+00	0.000000000e+00	0.000000000e+00	8.000000000e+00	2.700000000e+01	0.000000000e+00	6.800000000e+01	7.300000000e+01	8.774000000e+04	0.000000000e+00	8.704000000e+03	
2.970000000e+02	0.000000000e+00	3.150000000e+02	0.000000000e+00	1.000000000e+00	3.000000000e+00	3.200000000e+01	2.000000000e+00	0.000000000e+00	0.000000000e+00	0.000000000e+00	0.000000000e+00	0.000000000e+00	0.000000000e+00	0.000000000e+00	0.000000000e+00	8.000000000e+00	2.700000000e+01	0.000000000e+00	6.900000000e+01	7.300000000e+01	8.867200000e+04	0.000000000e+00	8.905000000e+03	
3.000000000e+02	0.000000000e+00	0.000000000e+00	0.000000000e+00	0.000000000e+00	0.000000000e+00	0.000000000e+00	0.000000000e+00	0.000000000e+00	0.000000000e+00	0.000000000e+00	0.000000000e+00	0.000000000e+00	0.000000000e+00	0.000000000e+00	0.000000000e+00	0.000000000e+00	0.000000000e+00	0.000000000e+00	0.000000000e+00	0.000000000e+00	0.000000000e+00	0.000000000e+00	0.000000000e+00	
