1352	9146	25073	
1365	9318	24788	
1363	9329	24878	
1341	8988	25218	
1354	9243	24975	
1346	9099	25154	
1345	9036	25205	
1346	9030	25176	
1358	9230	25152	
1358	9214	24966	
1360	9269	25054	
1350	9142	25032	
1361	9272	24885	
1351	9199	25040	
1365	9264	24852	
1362	9305	24963	
1353	9135	25089	
1361	9270	24995	
1343	9054	25184	
1364	9276	25045	
1351	9151	25130	
1354	9150	25033	
1355	9140	25092	
1363	9247	24945	
1362	9319	24998	
1351	9120	25072	
1356	9156	25121	
1358	9155	25097	
1353	9143	25149	
1346	9099	25154	
1356	9205	25041	
1355	9186	24994	
1361	9207	25044	
1357	9213	24921	
1352	9135	25034	
1351	9105	25143	
1354	9220	24982	
1356	9222	24933	
1366	9321	24930	
1363	9325	24974	
1354	9189	25087	
1359	9211	24971	
1359	9139	25105	
1362	9247	25048	
1347	9061	25097	
1358	9183	25080	
1353	9164	25132	
1354	9162	25148	
1346	9045	25242	
1350	9102	25181	
1348	9092	25028	
1357	9251	24912	
1359	9268	24981	
1345	9045	25228	
1350	9108	25091	
1350	9120	25062	
1355	9161	24969	
1347	9009	25215	
1357	9256	25024	
1361	9207	25129	
1361	9185	25091	
1352	9125	25089	
1353	9137	25137	
1349	9082	25113	
1353	9158	25101	
1362	9248	25035	
1351	9136	25163	
1360	9229	24975	
1357	9200	25009	
1354	9142	25149	
1358	9206	25050	
1347	9114	25038	
1359	9234	25041	
1348	9086	25069	
1349	9091	25149	
1366	9290	24872	
1361	9258	24928	
1352	9151	25031	
1355	9149	25140	
1354	9181	25034	
1352	9110	25144	
1351	9138	25090	
1359	9276	24935	
1353	9147	25024	
1365	9289	24973	
1342	8974	25182	
1358	9195	25058	
1349	9072	25115	
1349	9063	25239	
1364	9260	24982	
1347	9079	25088	
1357	9232	25005	
1357	9237	24956	
1358	9224	24990	
1358	9220	25032	
1347	9080	25181	
1347	9052	25048	
1343	9045	25160	
1353	9137	25185	
1365	9345	25039	
1358	9232	25014	
1355	9180	25099	
1366	9293	24908	
1355	9205	24982	
1352	9180	25025	
1354	9180	25020	
1348	9021	25256	
1364	9283	24932	
1360	9277	24942	
1355	9190	25059	
1354	9116	25062	
1366	9269	25021	
1359	9171	24971	
1354	9160	25141	
1356	9230	25048	
1354	9135	25006	
1352	9099	25182	
1358	9181	24948	
1349	9078	25088	
1351	9115	25127	
1357	9242	24911	
1346	9052	25163	
1360	9255	24973	
1358	9228	25043	
1363	9296	24932	
1352	9134	25042	
1343	9086	25034	
1364	9271	25082	
1356	9182	25109	
1343	9025	25165	
1368	9313	24950	
1364	9274	24853	
1372	9384	24956	
1370	9338	24780	
1355	9174	25109	
1346	9056	25164	
1351	9124	24918	
1366	9286	24921	
1351	9116	25031	
1361	9208	25064	
1363	9204	24880	
1362	9233	25107	
1363	9254	24933	
1357	9170	25058	
1366	9274	24959	
1342	9047	25163	
1353	9110	25108	
1347	9108	25143	
1351	9148	25091	
1354	9109	25138	
1345	9064	25182	
1354	9140	25064	
1357	9215	25011	
1355	9177	25053	
1358	9162	25104	
1366	9294	24913	
1353	9131	25111	
1360	9256	25151	
1351	9101	25185	
1347	9069	25088	
1356	9178	25095	
1359	9186	25075	
1364	9306	24994	
1351	9152	24993	
1359	9191	25069	
1358	9222	25081	
1356	9163	25101	
1347	9076	25162	
1357	9235	25014	
1361	9222	25024	
1352	9141	25005	
1366	9310	25121	
1352	9160	25107	
1354	9217	24948	
1361	9305	25086	
1348	9144	25046	
1368	9276	24998	
1356	9179	25040	
1359	9202	25115	
1341	9218	25048	
1354	9148	25194	
1355	9127	25121	
1350	9148	24935	
1365	9285	24916	
1340	9019	25153	
1365	9320	24948	
1354	9149	25152	
1351	9176	25041	
1358	9235	24956	
1346	9075	25060	
1355	9151	25064	
1361	9199	24914	
1346	9047	25207	
1360	9276	24891	
1357	9209	24964	
1359	9266	24837	
1358	9256	24928	
1346	9031	25177	
1344	9066	25252	
1347	9117	25138	
1357	9188	25150	
1350	9146	25139	
1349	9157	25075	
1357	9171	25119	
1354	9196	25034	
1361	9179	24966	
1345	9026	25169	
1363	9264	25051	
1343	9096	25161	
1352	9155	25022	
1359	9268	24891	
1356	9166	25000	
1348	9061	25204	
1353	9116	25029	
1349	9159	25002	
1358	9198	25103	
1357	9235	24991	
1356	9216	25023	
1360	9193	25007	
1349	9129	25156	
1356	9129	25086	
1353	9186	24982	
1354	9184	25127	
1354	9170	25009	
1359	9241	25058	
1354	9147	25110	
1366	9294	24929	
1357	9212	25088	
1347	9097	25111	
1349	9128	25247	
1349	9122	25152	
1356	9181	25074	
1353	9159	25127	
1352	9136	25033	
1358	9206	25016	
1359	9251	25042	
1358	9265	25061	
1357	9190	25019	
1353	9148	25060	
1351	9166	25075	
1359	9185	25034	
1351	9234	25104	
1344	8965	25350	
1348	9119	25149	
1359	9223	25020	
1353	9135	25180	
1345	9036	25181	
1348	9085	25124	
1366	9342	24897	
1345	9011	25241	
1338	8972	25180	
1361	9283	24984	
1341	9045	25182	
1361	9231	24957	
1352	9161	25220	
1364	9274	24908	
1366	9306	24977	
1355	9138	25049	
1357	9197	25068	
1366	9315	24934	
1359	9182	25004	
1363	9254	25049	
1354	9134	25136	
1358	9224	24998	
1362	9313	25024	
1359	9250	24965	
1357	9231	24935	
1358	9145	25097	
1361	9245	25116	
1353	9183	25042	
1347	9119	25007	
1367	9380	24911	
1356	9156	25144	
1360	9229	25111	
1358	9178	25052	
1351	9127	24945	
1367	9362	24825	
1364	9325	25004	
1363	9209	25011	
1348	9084	25136	
1355	9142	25117	
1362	9221	25033	
1357	9266	25111	
1352	9145	25110	
1342	8982	25264	
1352	9158	25052	
1361	9220	24988	
1361	9252	25012	
1353	9165	25199	
1345	9043	25297	
1364	9223	25018	
1365	9285	24945	
1364	9287	24959	
1357	9160	25040	
1369	9309	24839	
1352	9133	25073	
1357	9189	25106	
1347	9076	25142	
1368	9311	25110	
1363	9259	25097	
1354	9208	25081	
1356	9150	25065	
1369	9318	24898	
1360	9188	24958	
1360	9331	24948	
1352	9134	25010	
1356	9187	25063	
1352	9159	24995	
1355	9209	25165	
1350	9119	25157	
1356	9142	25065	
1353	9119	25080	
1351	9076	25084	
1356	9188	25025	
1358	9150	25043	
1354	9238	24927	
1361	9204	25022	
1352	9106	25094	
1356	9141	25122	
1360	9192	25092	
1356	9180	25069	
1347	9091	25134	
1353	9142	25108	
1359	9197	24994	
1343	9024	25162	
1357	9206	25044	
1354	9178	25104	
1355	9141	25098	
1359	9170	25018	
1358	9241	24912	
1345	9064	25140	
1363	9325	24854	
1364	9331	24922	
1361	9289	24922	
1359	9196	25017	
1354	9122	25089	
1349	9086	25100	
1350	9159	25121	
1360	9170	25021	
1352	9208	25159	
1359	9212	24943	
1351	9095	25179	
1372	9286	25068	
1356	9241	25012	
1347	9043	25123	
1342	9021	25180	
1353	9144	25161	
1349	9115	25123	
1358	9234	24926	
1352	9135	25094	
1361	9253	24946	
1351	9129	25091	
1356	9179	25051	
1354	9172	25001	
1350	9121	25097	
1342	9015	25263	
1352	9123	25170	
1355	9172	25086	
1345	9041	25042	
1350	9140	25047	
1351	9091	25068	
1354	9153	25100	
1356	9164	24980	
1347	9079	25228	
1336	8919	25227	
1350	9107	25026	
1362	9258	24920	
1359	9237	24941	
1350	9061	25175	
1365	9266	25144	
1343	9078	25180	
1357	9173	25091	
1348	9125	25074	
1352	9142	25106	
1369	9356	24823	
1361	9214	25061	
1361	9243	25005	
1352	9097	25036	
1353	9163	25117	
1357	9173	25154	
1360	9228	25200	
1354	9141	24863	
1348	9051	25248	
1343	9087	25130	
1366	9308	24995	
1345	9060	25250	
1344	9022	25110	
1355	9207	25166	
1355	9173	25146	
1351	9135	25051	
1363	9279	24951	
1352	9140	25114	
1348	9115	25124	
1359	9212	25054	
1356	9198	25032	
1359	9178	25017	
1357	9212	25070	
1353	9189	24985	
1357	9192	24987	
1360	9175	25023	
1345	9064	25131	
1355	9203	25025	
1352	9149	25064	
1360	9303	24840	
1363	9242	24981	
1352	9141	25067	
1350	9131	25175	
1361	9255	25020	
1355	9175	25056	
1349	9127	25084	
1355	9109	25013	
1355	9151	24980	
1357	9195	24982	
1358	9196	24985	
1358	9184	25054	
1363	9283	25144	
1359	9174	25008	
1359	9227	25157	
1355	9180	25042	
1360	9253	25002	
1357	9221	25025	
1351	9128	25022	
1355	9131	25131	
1354	9186	25023	
1350	9101	25117	
1352	9157	25009	
1361	9228	25020	
1362	9257	24878	
1348	9056	25100	
1359	9198	25114	
1351	9120	25143	
1356	9180	25033	
1351	9114	25135	
1349	9109	25082	
1356	9153	24982	
1347	9131	25155	
1355	9138	25119	
1355	9248	24895	
1346	9042	25187	
1357	9242	24907	
1328	8818	25396	
1332	8896	25348	
1362	9225	25014	
1352	9211	25021	
1355	9218	24924	
1352	9098	25036	
1367	9287	24920	
1356	9156	25071	
1357	9211	25081	
1358	9184	25035	
1333	8928	25349	
1361	9265	24921	
1369	9337	25009	
1343	9069	25163	
1354	9120	25118	
1359	9257	24916	
1353	9135	25089	
1364	9308	24943	
1358	9281	25081	
1352	9149	24980	
1342	8975	25234	
1355	9143	24912	
1340	9006	25144	
1367	9252	24893	
1363	9250	24982	
1344	9010	25176	
1350	9143	25137	
1352	9169	25124	
1358	9181	25040	
1357	9191	25012	
1343	9084	25117	
1352	9154	25038	
1355	9186	24994	
1359	9175	25035	
1352	9143	25053	
1356	9220	24939	
1361	9237	24995	
1359	9200	25062	
1348	9091	25108	
1347	9053	25201	
1348	9063	25127	
1355	9198	25017	
1352	9126	25135	
1347	9155	25097	
1354	9148	25082	
1355	9230	24969	
1354	9195	25111	
1354	9170	24938	
1356	9172	25116	
1353	9157	25019	
1348	9161	25178	
1360	9202	24887	
1345	9069	25234	
1356	9188	25014	
1354	9122	25140	
1345	9066	25201	
1351	9129	25031	
1361	9247	25058	
1360	9182	25104	
1358	9154	25049	
1359	9200	24984	
1368	9383	24854	
1356	9170	25179	
1360	9274	24994	
1354	9110	25122	
1361	9231	25107	
1359	9169	25130	
1340	9020	25231	
1362	9236	24951	
1354	9139	25089	
1366	9276	24918	
1358	9254	24874	
1352	9191	24938	
1351	9104	25108	
1361	9239	25067	
1352	9123	25075	
1353	9159	25117	
1358	9216	25143	
1362	9197	25073	
1346	9077	25026	
1352	9136	25148	
1350	9111	25176	
1362	9280	24916	
1361	9228	25069	
1347	9097	25124	
1357	9210	25019	
1345	9024	25141	
1349	9091	25214	
1351	9151	25115	
1349	9165	25077	
1348	9104	25116	
1363	9316	24806	
1354	9159	24979	
1362	9199	24880	
1360	9232	25069	
1361	9269	24961	
1354	9160	25061	
1354	9212	25047	
1355	9173	25072	
1349	9140	25146	
1349	9148	25154	
1347	9045	25201	
1359	9183	25012	
1349	9100	25189	
1358	9145	25093	
1355	9222	25040	
1360	9271	24930	
1373	9337	24917	
1360	9256	25051	
1357	9204	25171	
1356	9206	25072	
1345	9052	25183	
1346	9009	25254	
1364	9269	25026	
1347	9025	25120	
1363	9213	25027	
1346	9093	25143	
1353	9181	25013	
1340	9001	25111	
1360	9219	24991	
1346	9056	25278	
1346	9054	25103	
1342	9034	25091	
1346	9102	25184	
1360	9258	24868	
1361	9171	25144	
1359	9244	24961	
1359	9231	25091	
1346	9011	25300	
1352	9160	25118	
1349	9163	25065	
1366	9309	24893	
1352	9160	25038	
1352	9160	24990	
1357	9159	25084	
1360	9166	25039	
1356	9177	25156	
1359	9218	25140	
1353	9139	25104	
1343	9077	25134	
1353	9142	25054	
1354	9135	25097	
1355	9130	25135	
1353	9206	25051	
1354	9152	25028	
1354	9146	25001	
1347	9094	25132	
1368	9319	24865	
1363	9323	24843	
1365	9344	24881	
1364	9271	24991	
1352	9172	25068	
1343	9042	25200	
1364	9250	25057	
1350	9107	25144	
1361	9243	25122	
1356	9142	25131	
1361	9230	25013	
1344	9033	25073	
1354	9120	25063	
1351	9167	25134	
1356	9172	25049	
1367	9319	24883	
1357	9209	24958	
1352	9120	25122	
1363	9295	25063	
1352	9194	24940	
1352	9159	25234	
1366	9290	24939	
1361	9257	24918	
1348	9061	25034	
1347	9098	25176	
1360	9274	24858	
1354	9163	25012	
1367	9278	24919	
1357	9169	25134	
1360	9277	24960	
1359	9265	25024	
1363	9203	24988	
1357	9223	24880	
1354	9114	25051	
1355	9150	25092	
1363	9344	24902	
1359	9213	25078	
1354	9099	25067	
1341	9031	25300	
1349	9202	25077	
1339	8933	25288	
1333	8883	25287	
1345	9040	25148	
1352	9181	25011	
1349	9109	25213	
1356	9197	25003	
1368	9356	24910	
1342	9033	25204	
1358	9191	25127	
1350	9143	25214	
1345	9094	25170	
1349	9113	25048	
1361	9291	24879	
1353	9164	25126	
1354	9057	25222	
1360	9206	24999	
1350	9121	25051	
1363	9217	24970	
1356	9160	25086	
1354	9144	25147	
1339	8938	25321	
1359	9239	24911	
1356	9161	25120	
1351	9184	25134	
1358	9196	25067	
1348	9091	25076	
1368	9315	24948	
1341	9025	25263	
1359	9200	25092	
1360	9219	25110	
1361	9242	25044	
1355	9211	25077	
1349	9140	25049	
1340	9002	25255	
1369	9345	24919	
1363	9216	24883	
1360	9201	24967	
1354	9151	25011	
1365	9288	24994	
1357	9218	25074	
1352	9171	25042	
1357	9252	25042	
1360	9231	24972	
1346	9113	25148	
1339	8918	25246	
1368	9350	24895	
1349	9148	25129	
1351	9144	25047	
1362	9353	24857	
1370	9307	24921	
1360	9277	24919	
1353	9100	25195	
1354	9121	25162	
1365	9332	24820	
1352	9132	25011	
1353	9137	25188	
1358	9205	24976	
1357	9154	25128	
1355	9188	25060	
1342	8969	25242	
1351	9099	25223	
1365	9312	24827	
1370	9352	25018	
1349	9129	25153	
1358	9164	25106	
1353	9188	24986	
1355	9169	25003	
1356	9179	25039	
1353	9125	25160	
1347	9123	25031	
1356	9158	25049	
1351	9103	25123	
1363	9313	24959	
1354	9181	25021	
1353	9159	25086	
1351	9100	25175	
1361	9173	25024	
1352	9118	25051	
1361	9207	25082	
1357	9130	25117	
1357	9156	25048	
1358	9177	25045	
1361	9220	25064	
1363	9336	24968	
1355	9228	25107	
1353	9108	25166	
1361	9285	24982	
1369	9349	24804	
1370	9382	24875	
1341	8966	25320	
1359	9293	24996	
1360	9211	24989	
1360	9171	25108	
1351	9110	25141	
1360	9237	25049	
1362	9274	25007	
1344	9011	25115	
1359	9196	24948	
1357	9162	24947	
1356	9245	25066	
1365	9248	24906	
1357	9214	25045	
1349	9091	25084	
1355	9184	25138	
1363	9302	24896	
1353	9143	25018	
1357	9236	24989	
1353	9159	25096	
1365	9276	24967	
1361	9202	25032	
1348	9044	25235	
1359	9203	24979	
1348	9109	25138	
1361	9202	25014	
1354	9186	25117	
1342	8983	25025	
1355	9199	24996	
1347	9084	25162	
1362	9247	24939	
1355	9193	25075	
1358	9258	24897	
1362	9277	24903	
1348	9086	25058	
1346	9055	25124	
1355	9194	25020	
1351	9143	25154	
1336	8940	25282	
1370	9314	25035	
1351	9116	25097	
1358	9137	25027	
1360	9188	24991	
1359	9225	25174	
1359	9175	25095	
1357	9217	25043	
1357	9183	25118	
1351	9086	25099	
1349	9126	25149	
1365	9255	25066	
1364	9273	24929	
1343	9026	25195	
1354	9147	25090	
1359	9213	24952	
1351	9090	25077	
1368	9340	24942	
1356	9233	24997	
1358	9200	24935	
1352	9133	25122	
1350	9130	25062	
1356	9279	24999	
1356	9226	25050	
1351	9097	25104	
1367	9290	24948	
1354	9206	25008	
1342	9063	25069	
1359	9215	25077	
1350	9141	25148	
1346	9021	25230	
1355	9226	24983	
1365	9254	24961	
1362	9282	25059	
1367	9318	24919	
1357	9242	24969	
1342	9074	25138	
1358	9163	25099	
1351	9100	25191	
1361	9212	25173	
1352	9159	25088	
1349	9113	25088	
1357	9253	25045	
1355	9155	25102	
1355	9208	24996	
1360	9273	25067	
1357	9216	24927	
1350	9107	25174	
1364	9271	24910	
1353	9184	24945	
1362	9252	24924	
1357	9261	24958	
1356	9233	25053	
1360	9255	24959	
1352	9146	25181	
1352	9144	25006	
1369	9352	25034	
1357	9203	24986	
1360	9198	25057	
1353	9131	25104	
1334	8966	25321	
1357	9164	25013	
1356	9200	25130	
1355	9209	25114	
1358	9191	24985	
1354	9166	25035	
1347	9104	25135	
1361	9257	25129	
1357	9220	24969	
1366	9283	24929	
1368	9319	24971	
1355	9241	25022	
1349	9103	25130	
1342	9066	25114	
1353	9112	25213	
1359	9217	25121	
1348	9152	25195	
1357	9158	25072	
1354	9105	25085	
1347	9126	25076	
1366	9247	25121	
1376	9397	24802	
1346	9131	24912	
1357	9205	25017	
1352	9119	25137	
1360	9290	24950	
1354	9157	25070	
1361	9221	25110	
1345	9052	25202	
1355	9140	25063	
1359	9216	24972	
1363	9225	25045	
1358	9211	24931	
1355	9213	25012	
1355	9216	24922	
1355	9175	25022	
1357	9195	25029	
1364	9253	25229	
1354	9153	25159	
1354	9179	25134	
1361	9276	25006	
1346	9090	25054	
1341	9054	25171	
1357	9161	24996	
1356	9204	25131	
1348	9033	25110	
1345	9061	25243	
1357	9221	25103	
1365	9336	24924	
1361	9263	24945	
1347	9103	25090	
1361	9214	25004	
1355	9193	25057	
1352	9113	25048	
1359	9151	25039	
1356	9231	24959	
1349	9111	25255	
1345	9032	25180	
1356	9195	25057	
1348	9126	25095	
1345	9115	25068	
1349	9079	25207	
1364	9297	24950	
1360	9224	25051	
1358	9261	25103	
1347	9083	25165	
1363	9261	24934	
1359	9150	25087	
1352	9125	25071	
1360	9269	25002	
1363	9275	25054	
1351	9067	25183	
1364	9292	24850	
1349	9151	25003	
1364	9299	24903	
1359	9159	25048	
1341	9057	25158	
1349	9090	25146	
1345	9081	25152	
1362	9259	24968	
1368	9316	25104	
1360	9231	25110	
1364	9275	24935	
1349	9153	25171	
1354	9163	25082	
1359	9236	24890	
1351	9050	25221	
1344	9066	25043	
1343	9068	25173	
1360	9241	25003	
1345	9079	24995	
1354	9137	25081	
1356	9175	24998	
1352	9112	25207	
1342	9042	25149	
1359	9264	24982	
1362	9228	24974	
1339	9039	25306	
1362	9233	25069	
1359	9204	24987	
1348	9097	25045	
1351	9113	25029	
1351	9112	25249	
1356	9199	25006	
1370	9352	24928	
1349	9097	25102	
1369	9321	24950	
1357	9216	25021	
1355	9166	25149	
1354	9193	25061	
1343	9058	25261	
1358	9250	24964	
1365	9320	24972	
1346	9033	25142	
1362	9278	24945	
1360	9161	24986	
1351	9115	25172	
1362	9274	24860	
1352	9146	25113	
1360	9223	25022	
1357	9222	24986	
1366	9299	25014	
1353	9176	25057	
1353	9103	25064	
1363	9273	24943	
1365	9283	24831	
1349	9109	25185	
1360	9268	24944	
1353	9138	25019	
1346	9051	25099	
1355	9198	24986	
1348	9057	25141	
1363	9247	24944	
1347	9067	25262	
1350	9044	25162	
1352	9112	25040	
1355	9206	25030	
1362	9214	25023	
1343	8986	25272	
1363	9286	24873	
1369	9364	24890	
1359	9195	24972	
1367	9280	25001	
1354	9138	25029	
1364	9252	25043	
1344	9077	25144	
1356	9228	25066	
1349	9120	25026	
1360	9243	24971	
1359	9205	25131	
1346	9108	25164	
1347	9110	25092	
1356	9215	24950	
1355	9176	24995	
1345	9035	25097	
1353	9165	24991	
1375	9504	24752	
1352	9113	25024	
1365	9325	24844	
1347	9061	25090	
1360	9233	24968	
1357	9135	25060	
1361	9164	25071	
1352	9109	25159	
1358	9232	25060	
1369	9337	24938	
1363	9237	25062	
1353	9115	25104	
1344	9079	25002	
1359	9219	24856	
1353	9205	25128	
1356	9209	24985	
1356	9179	24979	
1354	9198	24939	
1356	9177	25101	
1348	9077	25112	
1360	9229	24912	
1363	9242	25063	
1350	9180	25072	
1348	9071	25141	
1352	9156	25033	
1359	9250	24960	
1357	9184	25028	
1352	9150	25030	
1355	9161	25101	
1357	9179	25048	
1345	9059	25097	
1350	9149	25004	
1356	9210	24912	
1360	9314	24855	
1357	9215	25083	
1357	9169	25026	
1366	9274	24943	
1366	9299	24945	
1347	9156	25063	
1360	9268	25002	
1357	9201	25069	
1353	9105	25106	
1358	9238	25018	
1365	9241	25077	
1341	9005	25141	
1356	9154	25100	
1353	9130	25079	
1362	9232	25054	
1353	9129	25066	
1346	9075	25033	
1367	9311	24981	
1356	9169	24985	
1359	9218	25075	
1355	9201	25026	
1351	9178	25092	
1356	9209	24988	
1363	9238	25046	
1346	9072	25102	
1353	9165	25005	
1365	9232	24976	
1348	9140	25103	
1350	9075	25162	
1365	9266	25115	
1370	9352	24885	
1351	9081	25163	
1364	9298	24882	
1357	9191	25161	
1351	9162	25134	
1360	9178	24966	
1358	9124	25057	
1364	9248	25050	
1353	9106	25058	
1343	8970	25255	
1349	9159	25151	
1350	9205	25083	
1355	9111	25307	
1352	9142	25080	
1349	9145	24914	
1358	9217	24971	
1361	9252	24993	
1363	9208	24933	
1372	9372	24828	
1371	9355	24966	
1351	9135	24905	
1356	9184	25057	
1347	9098	25150	
1355	9160	25069	
1353	9152	25163	
1357	9230	24947	
1368	9313	24952	
1354	9150	25187	
1350	9198	25099	
1350	9110	25164	
1368	9275	24935	
1365	9334	24928	
1361	9269	24894	
1363	9274	24952	
1361	9301	25014	
1361	9266	24951	
1355	9198	25057	
1364	9258	24935	
1360	9225	24939	
1356	9167	25060	
1347	9090	25142	
1360	9198	24939	
1358	9103	25176	
1356	9197	25011	
1352	9061	25228	
1364	9296	24929	
1353	9160	25011	
1357	9219	24956	
1352	9196	25114	
1350	9113	25162	
1357	9139	25178	
1372	9376	24867	
1343	9025	25387	
1365	9278	24970	
1363	9254	24935	
1340	9001	25204	
1353	9088	25268	
1350	9157	25089	
1349	9110	25082	
1338	8935	25226	
1350	9070	25173	
1356	9210	25003	
1351	9172	25125	
1348	9065	25143	
1362	9288	24954	
1363	9252	24976	
1355	9190	25043	
1356	9180	25042	
1348	9093	24990	
1346	9129	24932	
1361	9200	25003	
1353	9154	25079	
1362	9267	24941	
1356	9208	25049	
1352	9185	25052	
1361	9226	24984	
1346	9082	25055	
1357	9213	24989	
1361	9231	24996	
1350	9233	24920	
1346	9006	25149	
1356	9194	25006	
1357	9207	25062	
1353	9132	25172	
1357	9218	24978	
1349	9124	25030	
1361	9252	24990	
1353	9185	25050	
1359	9219	25040	
1350	9043	25050	
1348	9106	25172	
1356	9188	25084	
1354	9145	25079	
1356	9212	25102	
1355	9174	25172	
1355	9107	25059	
1362	9316	24927	
1357	9180	25014	
1352	9130	25067	
1357	9215	25083	
1362	9249	25019	
1351	9115	25200	
1354	9168	25075	
1348	9102	25145	
1356	9185	25042	
1360	9265	25068	
1361	9224	25039	
1355	9206	25015	
1367	9310	24964	
1354	9182	24962	
1337	9020	25182	
1358	9123	25065	
1352	9193	25113	
1353	9214	25147	
1350	9124	25019	
1352	9197	25026	
1358	9225	25079	
1368	9282	25031	
1356	9126	25121	
1354	9221	24946	
1358	9221	25118	
1359	9214	25074	
1357	9214	25047	
1358	9258	25102	
1348	9061	25125	
1362	9262	25090	
1349	9122	25096	
1346	9091	25060	
1343	9091	25256	
1362	9273	24896	
1368	9310	25018	
1357	9197	25027	
1367	9279	25013	
1348	9097	25037	
1370	9325	24922	
1355	9204	25066	
1356	9236	24843	
1353	9128	25126	
1353	9088	24991	
1349	9065	25116	
1353	9045	25112	
1357	9137	25164	
1351	9144	25020	
1357	9223	25102	
1353	9122	25164	
1343	8991	25179	
1355	9160	25003	
1356	9239	25096	
1362	9276	25040	
1362	9262	24990	
1345	9108	25087	
1340	9017	25276	
1348	9060	25042	
1358	9250	25062	
1360	9199	24995	
1345	9093	25175	
1358	9278	24999	
1364	9257	25031	
1351	9102	25018	
1360	9231	25002	
1342	9069	24973	
1353	9218	25034	
1357	9267	24993	
1362	9212	25017	
1358	9208	25010	
1364	9244	24971	
1348	9046	25098	
1362	9274	24948	
1358	9225	25110	
1359	9195	25026	
1360	9207	25014	
1364	9236	24986	
1354	9139	24925	
1360	9228	24862	
1349	9103	25138	
1350	9122	25083	
1356	9253	24983	
1360	9256	24902	
1350	9068	25138	
1357	9172	25124	
1371	9417	24885	
1354	9162	25094	
1353	9137	24993	
1344	9043	25191	
1344	9043	25196	
1350	9134	25132	
1362	9281	25050	
1349	9072	25217	
1353	9140	25044	
1362	9231	25059	
1361	9174	24959	
1361	9263	24942	
1351	9124	25098	
1359	9200	25070	
1352	9164	25038	
1358	9148	25042	
1349	9124	24965	
1350	9091	25103	
1349	9127	25187	
1350	9091	25107	
1348	9129	25196	
1371	9372	24892	
1345	9026	25256	
1358	9295	24866	
1343	8997	25186	
1347	9089	25154	
1343	9019	25124	
1361	9224	25025	
1351	9131	25095	
1360	9251	24908	
1357	9212	25064	
1363	9256	24965	
1356	9137	25179	
1363	9277	24963	
1345	9058	25181	
1347	9112	25097	
1348	9076	25165	
1344	9062	25197	
1358	9179	25023	
1364	9230	25004	
1364	9292	25010	
1357	9259	25067	
1358	9168	25063	
1365	9259	24969	
1355	9191	25053	
1356	9193	24976	
1352	9134	25099	
1359	9164	25022	
1368	9297	25012	
1352	9211	25068	
1335	8961	25231	
1366	9280	25032	
1351	9149	25092	
1372	9369	24902	
1360	9134	25211	
1361	9282	24898	
1362	9212	25082	
1346	9056	25081	
1355	9149	24985	
1358	9181	24888	
1350	9085	24985	
1358	9237	25092	
1348	9110	25110	
1363	9273	24830	
1351	9067	25107	
1363	9298	24912	
1359	9232	25015	
1349	9042	25229	
1352	9179	25194	
1360	9247	25024	
1349	9081	25180	
1361	9250	24968	
1362	9209	24926	
1365	9336	24885	
1357	9249	25120	
1347	9125	25138	
1361	9247	25144	
1370	9380	24796	
1364	9232	24980	
1351	9196	25048	
1354	9136	25178	
1350	9095	25106	
1346	9079	25138	
1358	9210	24943	
1354	9155	25011	
1362	9257	25101	
1360	9234	25111	
1348	9033	25179	
1357	9162	24949	
1356	9204	24971	
1360	9264	25006	
1354	9099	25143	
1348	9118	24986	
1351	9099	25121	
1361	9262	24991	
1366	9267	25033	
1353	9206	24921	
1354	9206	25079	
1345	9059	25109	
1364	9293	24928	
1348	9067	25211	
1354	9177	25173	
1350	9167	25100	
1357	9207	25004	
1336	8937	25186	
1361	9231	24993	
1355	9196	25021	
1358	9172	25064	
1337	8969	25268	
1350	9126	24957	
1351	9189	25084	
1349	9140	25072	
1362	9288	24927	
1357	9137	25107	
1354	9085	25000	
1359	9233	24967	
1358	9260	25033	
1354	9175	24987	
1349	9111	25177	
1362	9253	25037	
1352	9114	24990	
1351	9098	25118	
1353	9133	25010	
1358	9187	25060	
1361	9220	25072	
1361	9242	24910	
1359	9217	24898	
1361	9250	24933	
1346	9139	25065	
1364	9315	24918	
1351	9101	25122	
1358	9162	25034	
1352	9176	25077	
1357	9244	24947	
1362	9251	25068	
1358	9169	25016	
1355	9232	24877	
1351	9101	25220	
1365	9309	24995	
1350	9114	25293	
1357	9200	25089	
1355	9176	25130	
1361	9281	24952	
1359	9206	25122	
1354	9146	25126	
1348	9136	24982	
1361	9278	25050	
1366	9361	24859	
1357	9230	25014	
1358	9197	25002	
1371	9294	24991	
1349	9112	25236	
1362	9241	25011	
1353	9164	25156	
1356	9173	25013	
1344	9051	25053	
1350	9193	25152	
1347	9062	25181	
1357	9151	25078	
1340	8999	25326	
1350	9130	25082	
1348	9117	25085	
1348	8990	25150	
1357	9174	25079	
1355	9196	25129	
1365	9211	25040	
1360	9252	25002	
1347	9081	25116	
1364	9327	24897	
1341	8982	25274	
1361	9290	24853	
1356	9141	25073	
1352	9118	25025	
1351	9054	25136	
1353	9144	25146	
1353	9132	25162	
1350	9159	25051	
1358	9194	25000	
1365	9308	24986	
1352	9125	25193	
1356	9159	25102	
1350	9125	25121	
1354	9197	24984	
1359	9212	25037	
1365	9266	24969	
1361	9251	24883	
1354	9157	25027	
1361	9230	24956	
1360	9200	25085	
1355	9181	25097	
1352	9153	25049	
1366	9281	24873	
1354	9159	25023	
1353	9148	25107	
1355	9151	25065	
1350	9092	25096	
1357	9258	25038	
1354	9137	25116	
1367	9343	24918	
1353	9185	25080	
1356	9307	25092	
1355	9203	25102	
1353	9176	24951	
1354	9125	25086	
1347	9012	25211	
1365	9284	25024	
1358	9159	25088	
1357	9261	24985	
1358	9270	24994	
1354	9201	25044	
1342	9054	25123	
1367	9300	24997	
1361	9212	24991	
1352	9124	24953	
1351	9116	25238	
1348	9044	25207	
1359	9172	24960	
1351	9159	25068	
1356	9156	25106	
1352	9113	25055	
1350	9113	25179	
1346	9058	25179	
1359	9203	24926	
1344	9043	25169	
1351	9157	25010	
1368	9336	24865	
1354	9107	25090	
1352	9080	25057	
1357	9182	24945	
1351	9170	25020	
1349	9085	25116	
1356	9201	25112	
1367	9328	24844	
1351	9130	25178	
1352	9136	25087	
1353	9151	25042	
1354	9145	25093	
1352	9116	25119	
1350	9184	25092	
1355	9135	25071	
1349	9168	24926	
1352	9173	25080	
1368	9281	24986	
1349	9100	25120	
1354	9132	25195	
1362	9282	24958	
1357	9190	24924	
1368	9347	24937	
1372	9400	24791	
1360	9214	25023	
1350	9102	25151	
1363	9265	24926	
1356	9256	24998	
1358	9181	24938	
1357	9195	24953	
1357	9223	24953	
1347	9117	25133	
1341	8996	25164	
1359	9210	25038	
1349	9182	25118	
1351	9170	25167	
1352	9138	25076	
1348	9138	25173	
1354	9071	25166	
1362	9266	25045	
1357	9192	25065	
1366	9305	25051	
1366	9282	24934	
1356	9156	25079	
1349	9119	25066	
1360	9235	25088	
1352	9071	25252	
1350	9119	25087	
1361	9186	24956	
1364	9250	24990	
1347	9000	25196	
1344	9084	25103	
1355	9156	25090	
1356	9185	25003	
1352	9156	25118	
1347	9069	25243	
1367	9278	24997	
1351	9120	25080	
1355	9180	25087	
1344	9031	25241	
1355	9197	24997	
1348	9120	25015	
1353	9179	25069	
1361	9217	25045	
1355	9213	24960	
1353	9164	24984	
1351	9144	25038	
1352	9140	25114	
1347	9066	25074	
1345	9018	25122	
1359	9189	25090	
1351	9113	25115	
1352	9077	25093	
1356	9121	25107	
1348	9053	25259	
1353	9123	25114	
1357	9196	25120	
1360	9218	25071	
1352	9155	25078	
1348	9101	25094	
1361	9283	24999	
1356	9191	25065	
1347	9105	25078	
1349	9117	25102	
1350	9075	25123	
1355	9197	25025	
1346	9082	25161	
1351	9097	25151	
1362	9263	24895	
1355	9133	25054	
1351	9172	25073	
1349	9051	25106	
1362	9280	25139	
1351	9180	25122	
1354	9164	25132	
1358	9165	25049	
1367	9278	25036	
1354	9116	25097	
1355	9121	24971	
1350	9094	25182	
1365	9326	24994	
1351	9133	25067	
1365	9279	24998	
1354	9168	25001	
1355	9154	25103	
1351	9151	25075	
1362	9219	24896	
1347	9104	25181	
1347	9060	25242	
1363	9242	24963	
1357	9245	25071	
1351	9135	25242	
1353	9147	25065	
1363	9237	24983	
1344	9083	25194	
1354	9149	25221	
1356	9197	25112	
1364	9254	25023	
1360	9195	25185	
1350	9126	25093	
1346	9034	25104	
1350	9051	25092	
1358	9188	25095	
1345	9080	25095	
1352	9112	25095	
1354	9162	25115	
1342	9058	25141	
1346	9087	25153	
1350	9157	25168	
1358	9191	25023	
1360	9242	25088	
1352	9118	24958	
1356	9168	25026	
1357	9241	24954	
1361	9269	25064	
1358	9257	24938	
1360	9221	24988	
1350	9086	25028	
1350	9148	25141	
1352	9145	25048	
1343	9032	25244	
1351	9103	25200	
1352	9183	25029	
1366	9316	24963	
1347	9102	25096	
1363	9236	24990	
1360	9229	25021	
1358	9221	24992	
1354	9106	25135	
1360	9210	25089	
1369	9397	24840	
1351	9138	25210	
1356	9150	25140	
1362	9288	24954	
1359	9247	25089	
1360	9262	25030	
1351	9127	25167	
1361	9255	24890	
1344	9071	25132	
1342	9044	25226	
1355	9200	25022	
1346	9083	25192	
1364	9237	25041	
1334	9068	25087	
1357	9200	25033	
1364	9246	24993	
1358	9155	25042	
1350	9099	25071	
1346	9109	25058	
1358	9207	25016	
1354	9132	25068	
1346	9081	25231	
1362	9231	25021	
1362	9278	25005	
1349	9016	25207	
1358	9137	25069	
1359	9200	25027	
1352	9108	25077	
1344	9021	25036	
1357	9186	25002	
1344	9038	25221	
1352	9129	25149	
1364	9333	24885	
1358	9262	24950	
1347	9094	25097	
1348	9111	25174	
1352	9141	25064	
1353	9147	25076	
1361	9273	25100	
1361	9237	25179	
1355	9156	25012	
1348	9085	25068	
1344	8972	25282	
1351	9150	25093	
1359	9193	24980	
1355	9159	24933	
1358	9240	25014	
1351	9091	25135	
1360	9248	24980	
1362	9186	25090	
1364	9269	24890	
1361	9236	25137	
1343	9031	25162	
1366	9330	24964	
1352	9153	25054	
1357	9183	25078	
1351	9134	25096	
1355	9267	24975	
1354	9151	25158	
1356	9208	25053	
1356	9200	24974	
1350	9121	25110	
1346	9113	25077	
1348	9097	25088	
1361	9276	24963	
1351	9124	25146	
1351	9041	25299	
1350	9227	24981	
1354	9197	25085	
1347	9134	25226	
1346	9088	25065	
1354	9194	25093	
1372	9343	25019	
1352	9185	25094	
1363	9312	24922	
1355	9182	25087	
1359	9185	24988	
1351	9113	25136	
1350	9121	25144	
1353	9129	25110	
1354	9156	25133	
1349	9040	25195	
1360	9219	25052	
1366	9294	24989	
1351	9156	25051	
1356	9199	25068	
1352	9162	24989	
1363	9267	24991	
1361	9228	25034	
1355	9229	24977	
1346	9066	25239	
1352	9130	25043	
1361	9221	24990	
1352	9182	25032	
1371	9366	24852	
1357	9275	25009	
1354	9181	25081	
1354	9204	24984	
1356	9194	25022	
1351	9114	25110	
1363	9259	25049	
1359	9164	25044	
1359	9215	25022	
1351	9104	25173	
1351	9180	24933	
1364	9233	24966	
1366	9312	24945	
1340	8985	25209	
1376	9413	24826	
1352	9172	25083	
1360	9187	25003	
1351	9145	25083	
1352	9164	25122	
1354	9142	25076	
1341	8971	25300	
1347	9072	25145	
1346	9086	25174	
1363	9242	25012	
1344	9080	25152	
1353	9132	25052	
1346	9080	25126	
1361	9230	25045	
1348	9138	25053	
1346	9069	25135	
1348	9127	25114	
1358	9169	25042	
1354	9115	25090	
1350	9127	25168	
1346	9106	25055	
1358	9180	24986	
1337	8982	25338	
1362	9230	24993	
1364	9312	24990	
1356	9148	25152	
1368	9392	25005	
1353	9206	25132	
1367	9331	24912	
1361	9224	24998	
1344	9051	25221	
1358	9232	25066	
1359	9149	25150	
1355	9135	25078	
1360	9231	24885	
1358	9184	25112	
1347	9068	25139	
1366	9310	24887	
1354	9066	25120	
1343	9053	25040	
1361	9250	24956	
1347	9133	25156	
1364	9228	25025	
1357	9209	24982	
1363	9255	24911	
1363	9324	24818	
1360	9223	25045	
1342	9010	25277	
1345	9090	25064	
1346	9088	25075	
1362	9256	24989	
1358	9225	25013	
1356	9215	24944	
1356	9161	24991	
1348	9059	25192	
1356	9172	25164	
1350	9079	25194	
1352	9106	24996	
1356	9224	24979	
1348	9144	25131	
1357	9190	25053	
1360	9164	24994	
1349	9159	25055	
1357	9172	25101	
1349	9123	25093	
1355	9155	25061	
1354	9196	25026	
1355	9125	25128	
1355	9181	25027	
1346	9041	25156	
1351	9140	25087	
1357	9202	25053	
1348	9120	25038	
1349	9083	25111	
1355	9165	25193	
1343	9076	25136	
1358	9203	25054	
1360	9272	24967	
1359	9236	25042	
1358	9255	25071	
1362	9258	24979	
1347	9066	25171	
1343	9008	25132	
1345	9102	25228	
1343	9047	25227	
1362	9242	25063	
1363	9246	24923	
1367	9299	24938	
1350	9130	25112	
1359	9221	25021	
1358	9234	25163	
1348	9159	25155	
1354	9143	25006	
1360	9263	24879	
1361	9243	25060	
1351	9105	25081	
1357	9148	25041	
1362	9237	24976	
1357	9186	25107	
1355	9209	25185	
1344	9123	25174	
1352	9163	25106	
1347	9090	25172	
1363	9275	24940	
1359	9227	24984	
1356	9186	25107	
1358	9143	25045	
1358	9205	24970	
1366	9306	25008	
1363	9219	25022	
1364	9291	25020	
1354	9151	25105	
1350	9107	25075	
1361	9261	24919	
1359	9215	25071	
1356	9240	24954	
1358	9199	24937	
1360	9279	24890	
1357	9172	24974	
1359	9261	24986	
1363	9178	25118	
1362	9235	24978	
1344	9013	25295	
1351	9130	25107	
1356	9196	25058	
1355	9226	24966	
1363	9250	24820	
1350	9130	25024	
1356	9122	25175	
1354	9145	25093	
1356	9138	25150	
1358	9203	24960	
1352	9152	24990	
1355	9153	25135	
1368	9320	24959	
1343	9019	25155	
1351	9160	25065	
1353	9124	25159	
1360	9218	25035	
1350	9136	25119	
1352	9162	25092	
1350	9177	25081	
1349	9102	25179	
1353	9098	25276	
1349	9078	25119	
1364	9248	25050	
1359	9279	25045	
1363	9277	24945	
1355	9158	25016	
1352	9161	25039	
1351	9118	25069	
1352	9139	25045	
1354	9200	25069	
1343	9060	25042	
1359	9225	25047	
1355	9158	25038	
1353	9113	25070	
1357	9159	25156	
1368	9272	25082	
1351	9071	25186	
1364	9262	24943	
1353	9172	24956	
1346	9095	25093	
1355	9201	24998	
1355	9158	25143	
1353	9149	25126	
1358	9225	25116	
1355	9106	25016	
1347	9119	25048	
1363	9337	25012	
1360	9269	24952	
1362	9270	25077	
1366	9268	25004	
1357	9208	25057	
1355	9158	25156	
1355	9127	25101	
1357	9144	25023	
1363	9222	24961	
1356	9163	25047	
1349	9108	25050	
1345	9059	25160	
1360	9245	24991	
1349	9105	25018	
1349	9103	25125	
1369	9267	25066	
1362	9207	25070	
1359	9238	25004	
1362	9232	25015	
1350	9115	25094	
1351	9140	24963	
1354	9130	25092	
1355	9198	25057	
1350	9072	25007	
1361	9240	25113	
1354	9168	25088	
1357	9140	25140	
1342	9024	25265	
1356	9188	25004	
1358	9230	25022	
1354	9209	24888	
1357	9224	25057	
1361	9288	24969	
1350	9120	25075	
1351	9104	25138	
1356	9177	24982	
1347	9119	25105	
1350	9104	25144	
1355	9150	25023	
1353	9172	25026	
1352	9139	25023	
1356	9179	25057	
1363	9253	25085	
1351	9116	25037	
1358	9210	25005	
1339	9027	25268	
1346	9120	25133	
1348	9122	25052	
1348	9048	25221	
1351	9149	25128	
1362	9280	24933	
1366	9337	25023	
1354	9198	25098	
1350	9151	25112	
1346	9096	25104	
1341	9001	25208	
1353	9125	24977	
1350	9104	25186	
1361	9246	24959	
1351	9097	25193	
1354	9123	25106	
1361	9266	25088	
1360	9274	25034	
1342	9001	25215	
1357	9196	25092	
1344	9031	25170	
1360	9269	25017	
1358	9210	24992	
1362	9231	25014	
1354	9141	25094	
1354	9138	25118	
1358	9207	25048	
1357	9163	25191	
1354	9232	24926	
1356	9202	25068	
1354	9217	25080	
1355	9138	25038	
1357	9154	25015	
1365	9261	25029	
1358	9177	24928	
1360	9178	25083	
1352	9129	25100	
1353	9169	25187	
1355	9177	25047	
1352	9056	25149	
1345	9059	25082	
1354	9173	25101	
1354	9123	25066	
1353	9164	25141	
1353	9140	25220	
1355	9127	25022	
1354	9165	25167	
1362	9231	25009	
1347	9107	25178	
1368	9337	24756	
1366	9259	24990	
1351	9114	25216	
1355	9156	25089	
1358	9224	25095	
1351	9216	25058	
1349	9114	25095	
1352	9173	25113	
1371	9344	24842	
1361	9206	24989	
1347	9103	25040	
1366	9266	25009	
1352	9122	25028	
1357	9230	25025	
1357	9113	25039	
1362	9260	24922	
1353	9169	25040	
1355	9237	25015	
1365	9269	25068	
1365	9261	25101	
1363	9264	24915	
1354	9153	25055	
1355	9186	25101	
1347	9136	24949	
1350	9084	25144	
1359	9205	25089	
1349	9070	25139	
1348	9170	25167	
1353	9165	25025	
1346	9046	25247	
1358	9215	25006	
1359	9205	25082	
1350	9027	25167	
1353	9124	25023	
1361	9316	24847	
1348	9147	25071	
1349	9088	25155	
1339	8973	25131	
1359	9205	24950	
1353	9161	25092	
1366	9262	24928	
1365	9277	24988	
1361	9216	24968	
1361	9228	25045	
1350	9127	25158	
1356	9195	25026	
1359	9222	24940	
1359	9137	25081	
1351	9133	25058	
1350	9194	25122	
1365	9327	24886	
1361	9210	25063	
1358	9274	24970	
1350	9079	25156	
1350	9118	25119	
1349	9092	25030	
1351	9153	25082	
1365	9271	24953	
1353	9202	24997	
1348	9046	25158	
1348	9158	25024	
1368	9338	24917	
1353	9237	24987	
1362	9245	25124	
1354	9155	25032	
1367	9291	24944	
1353	9184	25093	
1354	9175	24975	
1348	9044	25238	
1353	9173	25149	
1353	9187	24977	
1354	9149	25143	
1361	9305	24880	
1349	9160	25093	
1357	9169	24950	
1352	9127	25131	
1361	9181	24945	
1367	9282	24897	
1356	9156	25035	
1358	9288	24915	
1363	9299	24955	
1360	9237	25049	
1359	9135	25017	
1359	9222	24989	
1344	9119	25189	
1349	9098	25065	
1362	9253	25010	
1366	9370	24924	
1350	9085	24982	
1354	9156	25071	
1361	9244	25048	
1360	9209	25063	
1339	9031	25201	
1362	9273	24839	
1356	9155	25029	
1349	9115	25144	
1351	9100	25074	
1344	9079	25254	
1356	9180	25081	
1356	9164	25019	
1358	9254	25020	
1350	9124	24991	
1355	9180	25093	
1359	9193	25145	
1338	9012	25143	
1352	9141	25135	
1352	9122	25052	
1352	9117	25036	
1357	9175	24987	
1370	9314	24958	
1355	9159	24932	
1352	9126	25204	
1359	9149	24967	
1344	8980	25351	
1345	9048	25161	
1353	9146	25076	
1351	9134	25153	
1354	9159	25094	
1350	9089	25181	
1346	9091	25177	
1353	9155	25030	
1343	9081	25094	
1355	9228	25068	
1357	9195	25205	
1352	9124	25092	
1350	9111	25143	
1354	9120	25140	
1355	9155	25080	
1353	9125	24974	
1340	9119	25164	
1354	9141	25259	
1362	9294	24881	
1357	9177	25102	
1357	9205	25106	
1351	9155	25079	
1362	9259	24936	
1361	9286	25019	
1365	9306	24974	
1359	9216	25162	
1348	9113	25113	
1349	9064	25200	
1362	9291	25023	
1351	9143	25036	
1346	9023	25275	
1348	9100	25096	
1362	9214	25064	
1358	9207	25037	
1363	9239	25068	
1349	9096	25220	
1357	9213	25070	
1354	9183	24964	
1346	9060	25024	
1348	9068	25123	
1350	9148	25057	
1350	9113	25106	
1357	9215	25086	
1358	9258	25003	
1362	9256	25034	
1355	9193	25091	
1369	9368	24830	
1355	9211	25005	
1358	9215	24998	
1360	9235	25008	
1351	9080	25096	
1352	9107	25152	
1358	9217	24972	
1350	9125	25151	
1352	9134	25117	
1358	9202	25014	
1346	9098	25052	
1344	8971	25216	
1363	9270	24940	
1362	9273	25077	
1359	9229	25056	
1357	9123	25230	
1357	9229	25031	
1353	9197	24972	
1360	9242	25066	
1342	9041	25121	
1344	9051	25127	
1343	9002	25185	
1361	9264	24841	
1361	9210	24941	
1346	9075	25193	
1354	9125	25003	
1358	9221	25028	
1368	9346	24917	
1357	9176	25061	
1351	9131	25114	
1357	9222	25023	
1350	9171	25134	
1354	9138	25060	
1362	9254	25079	
1361	9265	25004	
1354	9173	25099	
1341	9088	25065	
1349	9102	25083	
1362	9282	24927	
1357	9178	25010	
1363	9288	25013	
1357	9207	25012	
1360	9206	24947	
1363	9345	24963	
1353	9103	25057	
1361	9186	25121	
1355	9198	25062	
1346	9148	25072	
1359	9245	24964	
1346	8998	25181	
1342	9027	25092	
1359	9157	25216	
1352	9081	25167	
1360	9265	24828	
1355	9113	25138	
1355	9199	25198	
1344	9110	25013	
1349	9112	25070	
1354	9132	25106	
1363	9220	25183	
1355	9124	25139	
1358	9205	24984	
1355	9193	25008	
1356	9176	25050	
1362	9288	25029	
1355	9191	25106	
1349	9138	25160	
1345	9068	25088	
1346	9002	25257	
1346	9102	25104	
1355	9233	25013	
1353	9134	25076	
1355	9217	25092	
1358	9128	25012	
1356	9218	24989	
1357	9106	25049	
1344	9011	25083	
1368	9241	25065	
1352	9107	25125	
1356	9215	25055	
1354	9210	25089	
1360	9217	25019	
1354	9160	25089	
1353	9098	25071	
1355	9186	24952	
1363	9249	25087	
1355	9165	25074	
1364	9290	24911	
1365	9269	24954	
1362	9227	24987	
1350	9111	25155	
1365	9261	24945	
1347	9112	25090	
1350	9110	25159	
1361	9202	24895	
1355	9136	25190	
1349	9069	25095	
1358	9186	25008	
1359	9196	24983	
1355	9219	24905	
1349	9106	25117	
1354	9170	24960	
1357	9192	25023	
1350	9168	25084	
1350	9073	25206	
1351	9170	25148	
1354	9160	25042	
1341	9000	25174	
1351	9096	25038	
1362	9259	24970	
1362	9256	25147	
1352	9173	25021	
1345	9093	25098	
1365	9356	24824	
1345	9108	25053	
1351	9112	25089	
1351	9064	25166	
1359	9124	24967	
1362	9242	25163	
1349	9114	25137	
1358	9241	25077	
1361	9246	24885	
1352	9151	25070	
1366	9368	24943	
1364	9259	25026	
1351	9090	25029	
1347	9157	25078	
1353	9185	24947	
1349	9122	25138	
1360	9226	25044	
1351	9158	25033	
1353	9197	24943	
1358	9212	25055	
1367	9334	24911	
1349	9095	25086	
1339	9025	25102	
1354	9151	25077	
1350	9126	24995	
1356	9139	25060	
1344	9030	25161	
1353	9109	25162	
1367	9299	25044	
1356	9166	25097	
1362	9264	25027	
1362	9254	25100	
1351	9212	25098	
1350	9111	25082	
1361	9271	24913	
1351	9151	25219	
1361	9318	24987	
1360	9282	24997	
1351	9117	25094	
1355	9210	24941	
1340	9035	25160	
1349	9118	25100	
1349	9107	25099	
1355	9246	24920	
1357	9210	25012	
1361	9218	24973	
1367	9286	24929	
1366	9300	24926	
1349	9095	25100	
1348	9116	25129	
1359	9182	25061	
1352	9145	25144	
1350	9057	25094	
1348	9087	25081	
1350	9155	25027	
1347	9118	24960	
1359	9193	24954	
1353	9204	25103	
1352	9186	25010	
1359	9217	25028	
1360	9237	25015	
1352	9211	25035	
1356	9183	24992	
1356	9212	24962	
1357	9164	25015	
1356	9179	25110	
1353	9152	25213	
1362	9230	25041	
1353	9170	25000	
1358	9187	24976	
1359	9178	25064	
1353	9123	25057	
1353	9138	24992	
1349	9123	25031	
1362	9216	24944	
1350	9114	25111	
1342	9041	25141	
1354	9246	24996	
1352	9135	25044	
1362	9280	24927	
1358	9187	25027	
1366	9260	24954	
1370	9262	24904	
1349	9111	25155	
1353	9169	24979	
1359	9207	25032	
1356	9188	24979	
1359	9236	24949	
1361	9180	25057	
1350	9104	25129	
1358	9211	24986	
1354	9190	24987	
1360	9225	25078	
1362	9230	24996	
1361	9206	25095	
1338	9010	25265	
1353	9045	25120	
1350	9114	24980	
1357	9210	24984	
1354	9135	25057	
1359	9196	25159	
1356	9267	24908	
1354	9211	25006	
1353	9097	25086	
1353	9119	25102	
1350	9132	25104	
1356	9226	25001	
1355	9153	25100	
1365	9314	24878	
1354	9143	25052	
1345	9067	25051	
1355	9166	24979	
1357	9185	25130	
1357	9188	24950	
1358	9174	25029	
1366	9313	24898	
1356	9223	24958	
1351	9143	25181	
1341	9009	25079	
1365	9347	24979	
1351	9078	25099	
1351	9148	25029	
1362	9318	24896	
1365	9269	24908	
1342	9059	25249	
1345	9115	25063	
1359	9193	25076	
1351	9154	24979	
1350	9113	25157	
1355	9203	25108	
1362	9275	24987	
1360	9226	24935	
1359	9191	25059	
1356	9200	24980	
1350	9101	25002	
1349	9126	25124	
1361	9231	24993	
1354	9190	25085	
1342	8976	25193	
1356	9198	24961	
1355	9126	25130	
1351	9140	25032	
1351	9047	25306	
1362	9264	24904	
1367	9274	24959	
1355	9139	24972	
1360	9196	25016	
1355	9180	25062	
1348	9103	25156	
1358	9201	24941	
1354	9168	25058	
1358	9227	25044	
1341	9022	25053	
1347	9113	25095	
1347	9034	25162	
1358	9191	25026	
1357	9240	25014	
1350	9087	25149	
1362	9271	25034	
1356	9169	25057	
1353	9117	25101	
1358	9277	24946	
1359	9181	25067	
1366	9241	25001	
1358	9157	25032	
1366	9340	24840	
1352	9113	25041	
1353	9127	25108	
1340	8999	25283	
1354	9234	24923	
1359	9223	25088	
1352	9200	25137	
1360	9215	24957	
1361	9289	24972	
1348	9091	25308	
1358	9178	24955	
1358	9192	25060	
1365	9293	24936	
1356	9173	25141	
1356	9094	25152	
1349	9037	25184	
1355	9154	25009	
1358	9197	24938	
1345	9126	25127	
1367	9324	24968	
1375	9464	24777	
1355	9136	25080	
1358	9241	24950	
1368	9274	24953	
1357	9269	25047	
1369	9316	24943	
1359	9215	25065	
1357	9186	25156	
1354	9181	25074	
1355	9173	25077	
1348	9113	25153	
1346	9036	25112	
1357	9161	25032	
1352	9158	24976	
1344	9080	25109	
1352	9094	25198	
1356	9138	25144	
1356	9117	25192	
1349	9131	25148	
1366	9325	24882	
1347	9072	25056	
1364	9307	24995	
1351	9098	24952	
1338	8971	25259	
1353	9142	25140	
1358	9189	25049	
1352	9213	25013	
1346	9062	25183	
1359	9201	25084	
1351	9126	25172	
1361	9228	25017	
1352	9171	25146	
1365	9316	24869	
1348	9092	25021	
1365	9277	25072	
1357	9175	25080	
1345	9018	25285	
1351	9125	25102	
1346	9125	25148	
1342	9052	25221	
1359	9219	25061	
1353	9156	25142	
1359	9298	24949	
1356	9224	25015	
1363	9277	25014	
1357	9188	25022	
1345	9013	25168	
1361	9228	24823	
1364	9227	24996	
1367	9308	25019	
1357	9161	25103	
1354	9173	25119	
1355	9199	24966	
1359	9208	24941	
1352	9176	25056	
1366	9356	24848	
1355	9210	25000	
1365	9232	25011	
1360	9234	25090	
1361	9264	25069	
1355	9176	25041	
1360	9254	24880	
1362	9313	24962	
1356	9186	25042	
1353	9132	25074	
1336	9018	25278	
1356	9217	25037	
1353	9167	25125	
1345	9074	25205	
1341	9074	25102	
1361	9203	25014	
1347	9048	25221	
1358	9212	24971	
1365	9299	24929	
1348	9067	25204	
1351	9226	24977	
1371	9306	24900	
1358	9173	25015	
1347	9090	25174	
1358	9256	24972	
1356	9238	25017	
1361	9304	24928	
1358	9193	25006	
1352	9112	25112	
1372	9425	24894	
1345	9025	25102	
1371	9351	24839	
1360	9191	25027	
1357	9166	24976	
1346	9002	25140	
1359	9216	24984	
1360	9204	25037	
1370	9334	24827	
1361	9245	25137	
1350	9139	24975	
1355	9161	25113	
1344	9027	25212	
1347	9151	25115	
1354	9170	25194	
1367	9322	24860	
1357	9177	25030	
1349	9076	25036	
1355	9203	25040	
1351	9104	25096	
1347	9087	25054	
1356	9251	24922	
1345	9072	25163	
1342	9018	25347	
1359	9256	24960	
1364	9327	25032	
1350	9130	25084	
1350	9114	25089	
1346	9015	25228	
1364	9301	24966	
1348	9101	25193	
1352	9107	25008	
1360	9184	25031	
1363	9237	25138	
1347	9085	25249	
1354	9199	24955	
1357	9207	25106	
1353	9158	25044	
1359	9281	24983	
1346	9116	24976	
1350	9117	25112	
1346	9015	25169	
1345	9043	25208	
1340	9068	25123	
1367	9306	24983	
1365	9275	24997	
1365	9238	25060	
1354	9167	25151	
1356	9189	25028	
1365	9317	24872	
1346	9007	25141	
1348	9101	25193	
1358	9209	25015	
1352	9134	25092	
1344	9082	25085	
1339	8945	25213	
1359	9224	25019	
1359	9237	24897	
1348	9051	25233	
1348	9091	25160	
1362	9234	25103	
1354	9167	25015	
1369	9352	24879	
1352	9174	25117	
1349	9092	25219	
1350	9170	25137	
1351	9105	25140	
1363	9277	24894	
1353	9185	25031	
1349	9082	25158	
1357	9134	25155	
1354	9194	24995	
1348	9087	25330	
1355	9186	25009	
1353	9198	24983	
1370	9331	24841	
1350	9103	25123	
1363	9305	24946	
1354	9185	25088	
1343	8991	25215	
1367	9287	24955	
1356	9188	25020	
1350	9139	25104	
1352	9095	25082	
1352	9135	25027	
1363	9264	24906	
1344	9035	25178	
1353	9162	25030	
1365	9308	24909	
1355	9243	24891	
1360	9228	25064	
1357	9131	25021	
1352	9157	24940	
1352	9172	25185	
1361	9193	24977	
1366	9344	24809	
1348	9100	25137	
1366	9276	25078	
1353	9168	25070	
1357	9244	24901	
1357	9185	25125	
1354	9151	25022	
1339	9042	25127	
1354	9140	25110	
1350	9093	25155	
1358	9201	25086	
1352	9133	25019	
1358	9263	24907	
1359	9199	25035	
1351	9130	25075	
1358	9158	25063	
1364	9263	25005	
1355	9165	25092	
1353	9191	24986	
1358	9191	25071	
1347	9106	24991	
1361	9244	25091	
1355	9140	25127	
1359	9186	25016	
1357	9176	25035	
1354	9128	25124	
1347	9087	25178	
1348	9125	25079	
1356	9225	24890	
1358	9230	24967	
1354	9202	25116	
1354	9234	24974	
1352	9109	25175	
1352	9163	25146	
1352	9114	25080	
1355	9184	25129	
1355	9155	25052	
1364	9232	24913	
1352	9176	25044	
1345	9044	25132	
1357	9177	25058	
1357	9177	25048	
1349	9096	25102	
1359	9232	24976	
1359	9238	25052	
1359	9212	25042	
1344	9104	24974	
1357	9222	25011	
1351	9112	25090	
1351	9134	24983	
1357	9184	24937	
1363	9232	25004	
1354	9191	25058	
1354	9095	25058	
1364	9248	24963	
1356	9170	25027	
1346	9081	25141	
1348	9062	25116	
1348	9084	25147	
1352	9252	24962	
1353	9175	24975	
1342	8945	25096	
1358	9254	24934	
1354	9199	25003	
1363	9228	24996	
1354	9121	25138	
1358	9170	25000	
1355	9161	25019	
1345	9105	25143	
1346	9092	25075	
1353	9165	25011	
1350	9062	25159	
1356	9212	25041	
1347	9120	25130	
1356	9094	25036	
1367	9271	25022	
1346	9106	25207	
1361	9236	25041	
1366	9315	24910	
1369	9342	24989	
1348	9067	25168	
1351	9140	25135	
1358	9288	25006	
1347	9058	25125	
1366	9317	25011	
1345	9043	25195	
1361	9249	25075	
1350	9114	25104	
1351	9101	25117	
1349	9103	25116	
1361	9190	25051	
1346	9060	25167	
1363	9312	24906	
1357	9187	25093	
1357	9163	25243	
1360	9182	25076	
1357	9269	24973	
1352	9199	25023	
1353	9141	25078	
1359	9235	25034	
1355	9193	24809	
1363	9214	24951	
1364	9292	24974	
1362	9264	25002	
1354	9210	25054	
1349	9056	25215	
1355	9181	24952	
1358	9162	25073	
1348	9117	25004	
1353	9131	25115	
1356	9186	25072	
1354	9218	25030	
1353	9191	25055	
1350	9116	25126	
1352	9146	25058	
1350	9063	25292	
1345	9095	25109	
1347	9117	25107	
1361	9183	25013	
1359	9254	24933	
1354	9180	25120	
1369	9380	24893	
1345	9009	25233	
1354	9156	25105	
1350	9125	25007	
1349	9096	25168	
1348	9065	25170	
1357	9142	25029	
1354	9175	25007	
1362	9267	24987	
1362	9312	25010	
1359	9211	25116	
1359	9213	24837	
1343	9014	25151	
1358	9154	25084	
1354	9165	25055	
1364	9240	24996	
1357	9200	24989	
1356	9166	25164	
1346	9086	25178	
1365	9230	24959	
1356	9176	25157	
1356	9187	25052	
1360	9196	25079	
1358	9216	25029	
1367	9297	24906	
1365	9262	24982	
1347	9061	25292	
1347	9138	25208	
1362	9303	24954	
1355	9141	25098	
1353	9230	25029	
1360	9197	24826	
1342	8966	25153	
1353	9148	25162	
1360	9268	24998	
1353	9146	25158	
1352	9088	25158	
1342	9054	25095	
1346	9068	25165	
1355	9185	25048	
1357	9140	24927	
1347	9091	25090	
1357	9197	24972	
1347	9092	25133	
1366	9256	24857	
1335	8986	25237	
1377	9454	24710	
1355	9138	25068	
1352	9106	25035	
1348	9110	25121	
1362	9166	25032	
1360	9241	24959	
1361	9257	24964	
1354	9163	25163	
1372	9361	24981	
1347	9076	25118	
1351	9058	25168	
1349	9100	25080	
1357	9155	24871	
1338	8926	25378	
1356	9173	25118	
1372	9364	24998	
1368	9337	24893	
1357	9196	25015	
1352	9187	25049	
1354	9140	25057	
1354	9195	24996	
1367	9255	24978	
1353	9120	25068	
1352	9134	25149	
1360	9185	24943	
1358	9200	25075	
1360	9191	25030	
1372	9348	24841	
1356	9146	25076	
1359	9201	25118	
1352	9188	25061	
1346	9055	25248	
1353	9184	24998	
1363	9258	24996	
1359	9192	25113	
1358	9184	24926	
1357	9225	25075	
1343	9083	25091	
1365	9262	24878	
1355	9169	25022	
1358	9249	24957	
1340	9058	25051	
1357	9229	25075	
1358	9190	25140	
1343	9095	25102	
1350	9113	25235	
1344	9046	25077	
1354	9173	25071	
1349	9185	25044	
1341	8992	25274	
1354	9109	25043	
1362	9304	24914	
1350	9117	25127	
1364	9294	25002	
1365	9319	24944	
1351	9130	25139	
1364	9301	24934	
1344	9109	25085	
1357	9194	25143	
1342	8981	25298	
1360	9259	25091	
1356	9227	25016	
1365	9264	24970	
1354	9146	25081	
1363	9249	24963	
1356	9201	24895	
1366	9280	25042	
1359	9215	24894	
1355	9189	25047	
1359	9262	25013	
1355	9187	25084	
1357	9183	25073	
1346	9087	25177	
1362	9258	25079	
1342	9000	25185	
1363	9293	24831	
1354	9185	25067	
1358	9256	24943	
1355	9215	25110	
1341	9014	25138	
1340	9015	25216	
1359	9173	25066	
1355	9210	24970	
1350	9110	25112	
1368	9305	24994	
1352	9129	25094	
1362	9243	25033	
1362	9272	25031	
1364	9233	25064	
1358	9268	24951	
1367	9266	25080	
1358	9200	25084	
1364	9242	24993	
1359	9226	25023	
1360	9252	24874	
1350	9027	25195	
1364	9286	24984	
1347	9126	25097	
1357	9147	25102	
1346	9125	25048	
1354	9144	25044	
1369	9350	24755	
1355	9182	25069	
1354	9178	25073	
1352	9163	25064	
1350	9066	25115	
1351	9121	24974	
1357	9158	25178	
1350	9158	25159	
1355	9154	25112	
1365	9342	24934	
1360	9246	24967	
1349	9166	24994	
1345	9098	25175	
1357	9237	25019	
1343	9028	25261	
1342	9021	25176	
1349	9073	25149	
1350	9103	24992	
1356	9217	25071	
1365	9253	24996	
1347	9089	25028	
1353	9103	25091	
1353	9107	25236	
1353	9112	25120	
1350	9145	25057	
1350	9172	25098	
1372	9387	24908	
1359	9222	25117	
1346	9126	25079	
1349	9125	25086	
1364	9249	24904	
1346	9065	25067	
1357	9187	24974	
1351	9077	25090	
1357	9176	25076	
1355	9151	25123	
1363	9261	24998	
1352	9122	25006	
1353	9143	25034	
1363	9267	24978	
1355	9220	25036	
1354	9192	24960	
1352	9080	25159	
1358	9243	24991	
1359	9217	25050	
1344	9038	25136	
1349	9094	25053	
1349	9070	25157	
1349	9082	25291	
1344	9057	25201	
1353	9159	25102	
1361	9239	25021	
1355	9192	24960	
1356	9233	25128	
1349	9093	25057	
1351	9135	25053	
1364	9287	25005	
1372	9386	24783	
1350	9112	25135	
1355	9172	25008	
1350	9127	25063	
1356	9164	25012	
1357	9094	25073	
1354	9138	25029	
1347	9030	25196	
1357	9248	24905	
1360	9189	25101	
1362	9242	24989	
1348	9125	25081	
1341	9038	25185	
1354	9154	25038	
1357	9163	25061	
1360	9267	25004	
1364	9299	24987	
1355	9212	25048	
1357	9177	25072	
1338	9021	25109	
1352	9162	25058	
1353	9143	25208	
1357	9190	25058	
1354	9200	25094	
1356	9193	25053	
1355	9178	25199	
1362	9237	25086	
1357	9227	25023	
1349	9077	25242	
1377	9460	24850	
1359	9239	24988	
1355	9175	24965	
1355	9216	25023	
1356	9127	25104	
1351	9168	25085	
1362	9297	24893	
1350	9117	25137	
1357	9214	24992	
1355	9221	25039	
1364	9221	25044	
1355	9126	25128	
1352	9184	25065	
1361	9252	24960	
1349	9061	25224	
1343	9117	25081	
1360	9243	24942	
1354	9154	25099	
1337	8974	25161	
1357	9163	24983	
1351	9077	25197	
1347	9059	25067	
1345	9120	25164	
1353	9201	24920	
1349	9128	25073	
1357	9194	25060	
1359	9230	25029	
1357	9177	24946	
1349	9075	25186	
1357	9203	24988	
1364	9219	25040	
1355	9131	24994	
1358	9192	25035	
1352	9104	25142	
1362	9314	24866	
1362	9295	24913	
1357	9219	25037	
1361	9304	24872	
1356	9211	24968	
1366	9334	24924	
1358	9224	24926	
1348	9104	25075	
1372	9381	24946	
1350	9155	25062	
1364	9263	25115	
1360	9186	25090	
1353	9147	25057	
1358	9199	25120	
1357	9162	25074	
1345	9106	25066	
1361	9237	25076	
1360	9241	25041	
1356	9243	25035	
1362	9275	24962	
1358	9277	24988	
1357	9158	25017	
1344	9049	25162	
1354	9134	25173	
1360	9227	24945	
1350	9125	25004	
1362	9292	24961	
1346	9051	25281	
1345	9034	25181	
1357	9237	25059	
1350	9138	25090	
1355	9131	25038	
1354	9098	25014	
1367	9309	24893	
1361	9260	24931	
1355	9184	25076	
1351	9164	25123	
1345	9070	25211	
1352	9185	25033	
1351	9162	25070	
1363	9197	25050	
1352	9162	25085	
1349	9083	25101	
1352	9147	25070	
1353	9127	25157	
1349	9172	25046	
1350	9165	25021	
1377	9414	24889	
1341	9022	25228	
1360	9197	25084	
1352	9099	25240	
1358	9185	25101	
1366	9235	24972	
1362	9259	25104	
1356	9144	25010	
1356	9155	25095	
1353	9170	24988	
1352	9161	25126	
1355	9154	25142	
1343	9083	25113	
1347	9091	25136	
1368	9351	24868	
1348	9101	25263	
1359	9142	25035	
1350	9146	25069	
1359	9223	24982	
1341	8991	25133	
1346	9039	25162	
1362	9242	25001	
1349	9100	25188	
1364	9301	24848	
1358	9268	24926	
1369	9359	24867	
1348	9066	25067	
1359	9247	25039	
1349	9080	25149	
1347	9075	25133	
1357	9166	25099	
1347	9059	25238	
1356	9201	25000	
1348	9098	25067	
1366	9285	24957	
1354	9099	25120	
1356	9119	25056	
1355	9166	24999	
1351	9205	25017	
1358	9162	25155	
1358	9237	25082	
1359	9235	24918	
1365	9322	24816	
1357	9194	25026	
1360	9205	25091	
1351	9115	24992	
1359	9255	24918	
1348	9131	25146	
1358	9207	25079	
1350	9108	25164	
1351	9133	25105	
1357	9178	25034	
1350	9123	25124	
1350	9091	25187	
1361	9267	24926	
1359	9201	24969	
1354	9199	25056	
1353	9167	25041	
1368	9389	24964	
1362	9253	25033	
1362	9232	25129	
1353	9144	25156	
1356	9185	25082	
1358	9196	25070	
1355	9191	25046	
1359	9241	25008	
1362	9319	25006	
1362	9222	25054	
1359	9260	25047	
1332	8937	25213	
1355	9183	25176	
1361	9241	25009	
1351	9174	25086	
1363	9270	24909	
1343	9033	25084	
1355	9152	25109	
1354	9163	25131	
1360	9173	25057	
1353	9138	25113	
1359	9228	24985	
1349	9099	25020	
1351	9129	25005	
1351	9147	25049	
1349	9135	25129	
1361	9225	25114	
1358	9195	25057	
1364	9190	25068	
1358	9229	25072	
1355	9105	25192	
1357	9225	24998	
1351	9044	25113	
1353	9188	25088	
1339	9012	25231	
1352	9134	25068	
1359	9254	25032	
1346	9086	25236	
1354	9230	24925	
1357	9172	25047	
1362	9253	25023	
1350	9096	25107	
1366	9321	24939	
1344	9048	25140	
1349	9056	25192	
1356	9255	24910	
1358	9208	25061	
1356	9204	25043	
1339	9070	25189	
1351	9164	25116	
1352	9160	24994	
1356	9106	25019	
1341	9025	25145	
1356	9175	24969	
1355	9152	25204	
1350	9187	25019	
1368	9304	24915	
1351	9184	25000	
1358	9194	25081	
1356	9180	25014	
1353	9175	25052	
1357	9200	25004	
1369	9318	25000	
1367	9346	24893	
1350	9059	25096	
1369	9336	24967	
1353	9175	24935	
1360	9293	24983	
1358	9212	25096	
1358	9221	25007	
1354	9162	25161	
1356	9186	25095	
1362	9188	24914	
1359	9261	24996	
1359	9193	24948	
1352	9116	25119	
1351	9148	25023	
1364	9237	25049	
1354	9141	25163	
1364	9259	24933	
1360	9214	24940	
1360	9221	25050	
1359	9257	24895	
1365	9308	24989	
1358	9223	24999	
1348	9136	24967	
1372	9437	24717	
1345	9082	25183	
1343	9020	25171	
1353	9127	25031	
1357	9260	24966	
1360	9186	25049	
1353	9160	25173	
1356	9216	25012	
1357	9199	25005	
1361	9295	25025	
1360	9243	24787	
1357	9211	24970	
1365	9322	24904	
1342	9036	25067	
1356	9201	24913	
1349	9091	25066	
1352	9224	24901	
1361	9209	25077	
1353	9203	25144	
1362	9193	24998	
1353	9163	25059	
1348	9027	25159	
1344	9057	25045	
1359	9278	25022	
1351	9123	25122	
1350	9094	25159	
1370	9392	24925	
1351	9097	25143	
1356	9132	25065	
1358	9182	25080	
1351	9148	25169	
1364	9244	24980	
1363	9229	25008	
1340	8984	25124	
1371	9383	24857	
1339	8923	25212	
1356	9181	25073	
1352	9227	25022	
1348	9080	25171	
1356	9241	24956	
1351	9108	25133	
1365	9235	24991	
1364	9301	24978	
1357	9201	24954	
1353	9156	25066	
1353	9141	24994	
1352	9147	25005	
1353	9173	24976	
1355	9213	24959	
1358	9203	24905	
1353	9150	25064	
1346	9045	25163	
1356	9225	25010	
1350	9174	25075	
1361	9256	25004	
1354	9157	25077	
1358	9214	25026	
1362	9251	24818	
1368	9330	25036	
1368	9344	24847	
1352	9153	24976	
1346	9105	25138	
1365	9283	24973	
1363	9311	24870	
1353	9134	25139	
1353	9182	25109	
1348	9119	25063	
1363	9305	24986	
1350	9113	25105	
1356	9225	25070	
1356	9227	25010	
1362	9233	24921	
1359	9177	25145	
1351	9078	25111	
1346	9061	25118	
1354	9166	25062	
1349	9126	25062	
1346	9162	25081	
1362	9230	24917	
1352	9183	24935	
1350	9179	25041	
1358	9218	25022	
1356	9180	25019	
1363	9228	24936	
1356	9192	24905	
1363	9260	25079	
1360	9262	24987	
1351	9108	25110	
1343	9095	25268	
1355	9122	25055	
1350	9111	25174	
1365	9299	24935	
1364	9228	25045	
1354	9143	25077	
1355	9230	25002	
1350	9077	25203	
1352	9166	25010	
1347	9098	25116	
1358	9266	25025	
1350	9090	25200	
1355	9149	25059	
1350	9151	25089	
1349	9130	25030	
1349	9138	25128	
1354	9111	25107	
1352	9056	25103	
1358	9163	25216	
1349	9094	25206	
1354	9182	24950	
1354	9159	25090	
1344	9044	25170	
1353	9087	25107	
1352	9128	25083	
1362	9282	24915	
1359	9237	25041	
1351	9129	25160	
1360	9218	24957	
1351	9148	25194	
1352	9142	25130	
1358	9171	25097	
1363	9321	24950	
1355	9175	25098	
1358	9247	25085	
1350	9101	25141	
1355	9148	25026	
1356	9191	25077	
1350	9153	25018	
1349	9075	25218	
1353	9163	25196	
1358	9221	24979	
1365	9354	24851	
1357	9192	25070	
1349	9151	25172	
1356	9202	25161	
1336	8962	25237	
1355	9183	24999	
1363	9212	24959	
1352	9126	25121	
1355	9130	25144	
1352	9180	24939	
1346	9122	25156	
1357	9238	25046	
1350	9103	25098	
1360	9268	25005	
1351	9187	24980	
1361	9268	25009	
1360	9229	25068	
1351	9128	25036	
1359	9192	25080	
1355	9192	24997	
1353	9130	25118	
1341	9005	25301	
1356	9249	25005	
1353	9098	25103	
1359	9250	24974	
1350	9093	25181	
1353	9205	24995	
1347	9123	25099	
1354	9176	25056	
1354	9103	25172	
1352	9143	25173	
1360	9283	25013	
1354	9178	24989	
1360	9237	24991	
1355	9114	24987	
1353	9128	25137	
1358	9200	25059	
1359	9186	25008	
1369	9340	24884	
1358	9241	25077	
1343	8991	25157	
1363	9259	25047	
1358	9190	25032	
1351	9123	25140	
1349	9171	25020	
1356	9189	25120	
1350	9239	25013	
1348	9096	25117	
1362	9219	24938	
1359	9254	24873	
1347	9104	25094	
1352	9155	24978	
1362	9262	24907	
1353	9174	25113	
1361	9215	25064	
1360	9277	25012	
1362	9156	25023	
1351	9148	25125	
1365	9309	24898	
1361	9265	25032	
1361	9236	24952	
1351	9119	25082	
1357	9124	25026	
1357	9216	25003	
1365	9278	24933	
1363	9245	24892	
1348	9102	25030	
1364	9319	24895	
1356	9156	24966	
1364	9243	25005	
1352	9155	24907	
1349	9100	25114	
1342	9077	25237	
1346	9086	24893	
1349	9169	25054	
1346	9037	25112	
1358	9222	25050	
1355	9136	25064	
1357	9197	25165	
1351	9169	25165	
1346	9062	25234	
1357	9212	25036	
1347	9090	24935	
1352	9160	24979	
1345	9078	25149	
1354	9130	25063	
1354	9108	25039	
1358	9201	25028	
1359	9197	25076	
1354	9205	25113	
1355	9165	25138	
1354	9140	25113	
1362	9238	25021	
1361	9231	24907	
1360	9214	25016	
1346	9037	25178	
1350	9083	25074	
1360	9237	25114	
1348	9096	25222	
1346	9068	25232	
1361	9267	24959	
1354	9125	25067	
1353	9114	25100	
1360	9282	25006	
1353	9136	25072	
1348	9045	25100	
1357	9225	25137	
1361	9269	24973	
1355	9157	25107	
1356	9177	25070	
1353	9177	24953	
1350	9141	25094	
1350	9100	25110	
1350	9152	24969	
1370	9358	24872	
1348	9127	25214	
1357	9164	25061	
1365	9317	24909	
1351	9140	25121	
1350	9145	25064	
1363	9217	25066	
1352	9175	25101	
1347	9079	25125	
1355	9217	24997	
1350	9104	25242	
1353	9111	25086	
1357	9144	24912	
1351	9090	25187	
1353	9084	25105	
1367	9350	24884	
1361	9300	24914	
1342	9100	25114	
1349	9147	25106	
1366	9274	24903	
1349	9061	25152	
1358	9231	24990	
1367	9307	24917	
1336	8888	25258	
1358	9234	25003	
1350	9090	25170	
1360	9271	24963	
1346	9080	25127	
1351	9118	25188	
1352	9151	25158	
1363	9254	25007	
1343	9028	25125	
1368	9307	24840	
1358	9196	24994	
1353	9127	25093	
1349	9164	25033	
1336	8934	25187	
1351	9146	25218	
1355	9128	25031	
1363	9278	25033	
1349	9143	25003	
1342	8988	25142	
1356	9171	25172	
1356	9219	24964	
1362	9232	25072	
1363	9277	24828	
1360	9206	25013	
1344	9000	25375	
1348	9094	24956	
1357	9222	25007	
1341	9037	25129	
1361	9228	24948	
1344	9058	25244	
1342	9078	25211	
1339	9040	25249	
1360	9207	25072	
1362	9234	25022	
1352	9131	25126	
1359	9225	25052	
1349	9130	25143	
1367	9330	25074	
1349	9111	25185	
1363	9262	25039	
1350	9227	25051	
1348	9084	25130	
1353	9209	25142	
1359	9213	24988	
1346	8993	25228	
1353	9186	24935	
1364	9311	24925	
1350	9199	24987	
1363	9288	24873	
1352	9131	25098	
1359	9226	25039	
1362	9246	25026	
1362	9309	24946	
1343	9040	25159	
1364	9344	25076	
1356	9168	25077	
1348	9123	25043	
1352	9105	25091	
1365	9249	24999	
1358	9216	24924	
1354	9175	25077	
1362	9254	24973	
1358	9242	25001	
1357	9160	25124	
1356	9201	25089	
1350	9070	25097	
1362	9305	24950	
1348	9067	25109	
1355	9210	25117	
1352	9148	25019	
1351	9179	25023	
1353	9135	25014	
1366	9334	24926	
1357	9275	25070	
1350	9076	25090	
1348	9159	25051	
1350	9075	25111	
1356	9148	25125	
1357	9214	25045	
1349	9151	25051	
1354	9200	25031	
1354	9201	25003	
1350	9138	25167	
1342	9017	25162	
1353	9109	25229	
1348	9081	25010	
1355	9144	24991	
1347	9095	25041	
1354	9222	25012	
1356	9201	25073	
1358	9202	25076	
1352	9088	25127	
1367	9291	24857	
1353	9166	25046	
1362	9262	24991	
1354	9240	25053	
1356	9185	24956	
1362	9278	24947	
1359	9248	25001	
1353	9142	25156	
1347	9111	25213	
1362	9247	25002	
1366	9322	24969	
1343	9029	24973	
1348	9094	25093	
1339	8977	25261	
1357	9194	25119	
1361	9304	24851	
1353	9175	25037	
1332	8831	25339	
1366	9291	24798	
1340	9045	25069	
1369	9266	24945	
1357	9202	25072	
1354	9158	24978	
1349	9107	25044	
1360	9290	24946	
1359	9258	24903	
1350	9131	25249	
1355	9228	25110	
1346	9043	25236	
1361	9235	25094	
1352	9215	25137	
1366	9312	24990	
1350	9089	25084	
1366	9391	24855	
1348	9021	25150	
1358	9218	24825	
1351	9078	25085	
1354	9185	25128	
1357	9229	25117	
1341	8996	25203	
1344	9085	25096	
1349	9144	25149	
1347	9070	25195	
1364	9325	24915	
1353	9166	25045	
1350	9154	25005	
1352	9211	25085	
1367	9289	25025	
1352	9121	25126	
1359	9223	25051	
1351	9162	25003	
1362	9214	25008	
1352	9147	25187	
1358	9251	24979	
1348	9051	25080	
1344	9029	25107	
1362	9211	25082	
1362	9244	24930	
1362	9266	24917	
1353	9153	25185	
1354	9211	25039	
1352	9232	25118	
1362	9198	24949	
1367	9264	24958	
1358	9160	24970	
1366	9307	24936	
1356	9132	25079	
1356	9179	25126	
1342	9069	25163	
1359	9229	25042	
1357	9157	25063	
1360	9223	25113	
1346	9161	25164	
1353	9097	25182	
1354	9155	25072	
1360	9219	25161	
1354	9169	24971	
1355	9181	25144	
1353	9206	25048	
1359	9232	25029	
1354	9173	25136	
1358	9183	25060	
1354	9206	25071	
1352	9119	25239	
1367	9331	24844	
1351	9116	25124	
1356	9160	24928	
1364	9331	25074	
1357	9150	25069	
1352	9145	24969	
1362	9281	24878	
1348	9067	25137	
1349	9148	25059	
1351	9160	25059	
1356	9147	25025	
1367	9269	25029	
1359	9224	25008	
1345	9020	25254	
1349	9138	25099	
1363	9256	24990	
1366	9287	24962	
1346	9076	25116	
1357	9156	25040	
1346	9091	25106	
1350	9061	25229	
1350	9153	25053	
1360	9251	24965	
1353	9146	25115	
1359	9248	24883	
1344	9086	25206	
1351	9126	25072	
1358	9180	25072	
1359	9203	24949	
1348	9082	25032	
1349	9035	25164	
1356	9151	24962	
1355	9228	24948	
1356	9244	24986	
1363	9276	24923	
1366	9303	24935	
1356	9210	25068	
1351	9114	25020	
1352	9100	25237	
1365	9317	24969	
1343	9026	25209	
1355	9191	25123	
1364	9207	24852	
1344	9031	25161	
1361	9264	24918	
1351	9051	25238	
1356	9172	25103	
1353	9188	25098	
1349	9164	25032	
1365	9241	24971	
1348	9061	25154	
1356	9162	25029	
1339	8994	25218	
1363	9303	24904	
1356	9225	25084	
1351	9122	25107	
1350	9030	25034	
1351	9170	25032	
1355	9155	25064	
1361	9220	25020	
1350	9127	25128	
1349	9136	24939	
1347	9079	25144	
1353	9082	25196	
1351	9155	25115	
1363	9231	25049	
1358	9173	25121	
1347	9098	25139	
1350	9147	25031	
1354	9192	25174	
1349	9137	25181	
1358	9306	24966	
1346	9030	25028	
1353	9126	25059	
1356	9198	25045	
1349	9066	25312	
1350	9108	25133	
1351	9167	25050	
1346	9177	24975	
1365	9294	24930	
1351	9121	25079	
1351	9157	25137	
1348	9116	25063	
1347	9138	25041	
1369	9338	24856	
1369	9325	24934	
1341	8984	25202	
1358	9177	25089	
1365	9269	25007	
1343	8978	25127	
1350	9153	25107	
1354	9201	25006	
1348	9087	25048	
1348	9090	25127	
1354	9238	25051	
1361	9200	25043	
1347	9076	25189	
1358	9146	24972	
1354	9141	24923	
1354	9146	25162	
1358	9236	25091	
1364	9220	25052	
1348	9143	25198	
1360	9254	24910	
1356	9169	24988	
1344	9047	25051	
1344	8986	25271	
1348	9118	25083	
1356	9176	25117	
1354	9173	24953	
1368	9360	24940	
1350	9065	25215	
1362	9250	24992	
1364	9264	24839	
1350	9148	25077	
1345	9061	25113	
1353	9076	25041	
1349	9148	25067	
1340	9026	25206	
1368	9360	24856	
1355	9179	25020	
1356	9171	25154	
1346	9153	25022	
1358	9187	25051	
1375	9374	24998	
1355	9203	25033	
1360	9236	25076	
1351	9097	25160	
1342	9047	25186	
1355	9160	25101	
1355	9186	25152	
1346	9131	25130	
1357	9211	25103	
1356	9186	24982	
1356	9176	24992	
1353	9144	25007	
1346	9057	25256	
1361	9256	25053	
1353	9202	25024	
1354	9163	25032	
1356	9201	25015	
1349	9060	25070	
1351	9102	25075	
1356	9272	25036	
1355	9137	25058	
1352	9155	25053	
1340	8986	25239	
1357	9221	25006	
1350	9063	25199	
1357	9230	25016	
1355	9256	25140	
1366	9300	25112	
1351	9067	25178	
1354	9137	25143	
1358	9257	24904	
1342	9021	25178	
1353	9087	25201	
1356	9117	25168	
1347	9109	25231	
1348	9145	25076	
1352	9166	25139	
1353	9130	25152	
1349	9076	25271	
1343	9016	25231	
1343	9023	25173	
1352	9138	25204	
1356	9195	25071	
1357	9260	25021	
1344	9049	25112	
1370	9423	24694	
1360	9269	24946	
1336	8885	25435	
1359	9191	25073	
1355	9121	25144	
1362	9246	24987	
1350	9104	25132	
1353	9181	24894	
1359	9222	25006	
1358	9191	24999	
1350	9141	25132	
1355	9241	25023	
1356	9164	25008	
1356	9230	24984	
1359	9173	24947	
1357	9222	25055	
1355	9203	25043	
1347	9103	25250	
1352	9141	25143	
1352	9102	25128	
1357	9224	25014	
1353	9163	24995	
1362	9328	25005	
1367	9364	24982	
1352	9099	25190	
1341	8993	25207	
1356	9205	25072	
1351	9086	25013	
1361	9215	24987	
1360	9241	24898	
1347	9072	25102	
1361	9262	24973	
1357	9203	25153	
1355	9133	24980	
1354	9180	24900	
1359	9248	24952	
1366	9314	24939	
1355	9211	25136	
1355	9127	25079	
1355	9182	25126	
1364	9217	24998	
1356	9147	25141	
1361	9265	24979	
1362	9190	25009	
1362	9237	24902	
1348	9057	25040	
1364	9391	24953	
1361	9267	25053	
1357	9197	25105	
1361	9254	24934	
1354	9141	25060	
1351	9148	25037	
1363	9305	24982	
1359	9142	25090	
1354	9139	25035	
1354	9146	25059	
1354	9186	25092	
1367	9261	24911	
1352	9087	25131	
1349	9155	25035	
1355	9206	25026	
1366	9248	25017	
1363	9217	25077	
1351	9124	25121	
1349	9114	25080	
1349	9138	25185	
1362	9239	25071	
1355	9192	24968	
1352	9156	25056	
1355	9156	25074	
1355	9195	25123	
1352	9138	25009	
1363	9253	24931	
1359	9226	24944	
1361	9201	25078	
1349	9116	25219	
1354	9123	25178	
1355	9211	24914	
1357	9187	24927	
1344	8997	25212	
1352	9096	25278	
1363	9221	24990	
1351	9087	25154	
1343	9052	25146	
1368	9300	24879	
1354	9118	25084	
1350	9130	25091	
1353	9139	25129	
1361	9208	24997	
1364	9334	24970	
1351	9145	25090	
1360	9218	25098	
1354	9173	24987	
1365	9281	24914	
1353	9179	25044	
1347	9132	25163	
1350	9076	25027	
1358	9270	24922	
1367	9341	24857	
1359	9215	25090	
1360	9226	24998	
1344	9022	25174	
1347	9110	25094	
1357	9146	25060	
1348	9090	25122	
1359	9172	25050	
1352	9121	25042	
1358	9200	24932	
1349	9065	25251	
1359	9258	25016	
1348	9068	25206	
1358	9203	24961	
1360	9293	24919	
1353	9170	24998	
1348	9185	25084	
1352	9145	25115	
1353	9122	25118	
1356	9188	24998	
1350	9149	25115	
1357	9191	25093	
1362	9265	25002	
1356	9176	25142	
1354	9193	25121	
1368	9349	24896	
1357	9167	25087	
1360	9260	25052	
1361	9220	25003	
1357	9169	25023	
1359	9189	25117	
1350	9084	25152	
1354	9129	25192	
1351	9134	25108	
1370	9369	24850	
1347	9030	25098	
1360	9239	25117	
1356	9221	25089	
1354	9099	25127	
1367	9362	24977	
1355	9212	25024	
1358	9230	25019	
1345	9035	25103	
1353	9140	25076	
1349	9091	25057	
1346	9086	25060	
1351	9142	25096	
1349	9153	25047	
1356	9164	25045	
1361	9205	25091	
1355	9180	24967	
1344	9002	25215	
1340	8987	25210	
1348	9055	25225	
1352	9105	25051	
1348	9049	25081	
1357	9107	25027	
1346	9117	25107	
1364	9311	25004	
1350	9104	25053	
1353	9146	25113	
1362	9215	25092	
1351	9114	24995	
1350	9131	25078	
1360	9186	25089	
1365	9244	24988	
1359	9175	25091	
1349	9081	25098	
1362	9261	25053	
1354	9183	24995	
1336	8965	25156	
1347	8983	25200	
1349	9091	24990	
1354	9189	24965	
1359	9234	25026	
1356	9222	25013	
1360	9216	24969	
1351	9140	25121	
1360	9241	25045	
1349	9114	25110	
1352	9225	25081	
1350	9148	24940	
1355	9149	25078	
1355	9176	25071	
1354	9123	25128	
1340	9011	25141	
1344	9102	25081	
1350	9123	25191	
1349	9130	25266	
1375	9411	24821	
1351	9048	25152	
1351	9131	25197	
1360	9217	25061	
1359	9171	25099	
1356	9193	25045	
1354	9194	25155	
1357	9203	25075	
1354	9154	25071	
1361	9266	24978	
1363	9316	24992	
1358	9163	25051	
1344	9077	25087	
1368	9379	24845	
1348	9121	25119	
1345	9122	25071	
1362	9268	24952	
1359	9230	24915	
1352	9175	25050	
1343	9055	25157	
1368	9292	24967	
1370	9361	24947	
1350	9168	25126	
1355	9220	24856	
1363	9247	25033	
1352	9209	24994	
1350	9100	25026	
1360	9234	24921	
1359	9216	25000	
1350	9057	25138	
1351	9127	25102	
1356	9207	25019	
1347	9069	25181	
1370	9407	24864	
1358	9145	25056	
1343	9037	25202	
1355	9230	25064	
1359	9271	24944	
1362	9225	25058	
1346	9090	25219	
1356	9194	25021	
1350	9087	25082	
1369	9341	24790	
1354	9159	24954	
1363	9217	25004	
1348	9079	25134	
1366	9312	25042	
1360	9206	25034	
1349	9127	25210	
1352	9086	25187	
1347	9086	25171	
1359	9192	25007	
1355	9155	25172	
1356	9155	25082	
1355	9180	25032	
1349	9136	25050	
1351	9121	25099	
1354	9196	24937	
1360	9237	24957	
1362	9270	25055	
1350	9141	25192	
1359	9222	25071	
1345	9103	25172	
1363	9250	24949	
1357	9179	25130	
1358	9240	25165	
1357	9158	25115	
1354	9167	25094	
1354	9158	25039	
1354	9157	25047	
1366	9313	24981	
1357	9215	25077	
1364	9278	24989	
1343	9061	25066	
1337	8975	25332	
1360	9232	25078	
1345	9054	25188	
1342	9005	25276	
1360	9313	24883	
1356	9206	25065	
1364	9277	25034	
1354	9145	25109	
1354	9182	25043	
1350	9153	24939	
1347	9095	25064	
1360	9224	25114	
1350	9145	25046	
1356	9085	25089	
1364	9295	24997	
1352	9157	25093	
1356	9213	25117	
1357	9251	24984	
1357	9143	25087	
1356	9143	25073	
1347	9083	25158	
1353	9140	25069	
1349	9105	24999	
1348	9124	25076	
1341	9053	25220	
1354	9155	25175	
1360	9247	24939	
1357	9181	25118	
1359	9225	25014	
1365	9312	24888	
1361	9230	25043	
1361	9210	25051	
1357	9203	25010	
1360	9189	25023	
1353	9139	25034	
1334	8891	25217	
1356	9172	25073	
1366	9301	24877	
1353	9188	24939	
1365	9309	24919	
1360	9232	25080	
1360	9174	25004	
1371	9398	24836	
1354	9140	25092	
1356	9267	24902	
1349	9085	25162	
1356	9193	25069	
1356	9222	25083	
1359	9269	25016	
1370	9335	24940	
1358	9209	25090	
1355	9139	24973	
1359	9203	25007	
1349	9078	25206	
1350	9093	25135	
1350	9165	25004	
1353	9097	25154	
1365	9301	25062	
1352	9197	25034	
1355	9209	25000	
1348	9143	25141	
1358	9291	24881	
1368	9300	24929	
1364	9343	24894	
1360	9234	24964	
1350	9087	25199	
1350	9096	24996	
1352	9162	25098	
1363	9285	24970	
1351	9128	25162	
1365	9253	24868	
1353	9083	25033	
1361	9195	25056	
1361	9318	25045	
1338	9032	25169	
1347	9084	25167	
1362	9231	24961	
1362	9298	24925	
1349	9092	25065	
1360	9221	24993	
1357	9242	25034	
1343	9030	25148	
1358	9227	24897	
1360	9234	25134	
1353	9166	25058	
1357	9133	25114	
1357	9158	25109	
1353	9133	25188	
1352	9115	25152	
1361	9248	24977	
1355	9173	25066	
1350	9150	25062	
1361	9168	25071	
1354	9142	25102	
1346	9110	25075	
1346	9080	25067	
1362	9211	24971	
1345	9055	25130	
1361	9187	25101	
1352	9107	25056	
1348	9071	25118	
1354	9178	25103	
1368	9341	24884	
1337	8930	25359	
1358	9219	24990	
1350	9114	25145	
1353	9154	25033	
1355	9178	25077	
1349	9110	25105	
1363	9283	25015	
1361	9268	24897	
1359	9256	24988	
1357	9200	24941	
1365	9273	25027	
1355	9157	25077	
1363	9239	24992	
1347	9064	25078	
1349	9096	25149	
1370	9329	24878	
1352	9156	25015	
1355	9128	25090	
1357	9149	25023	
1360	9215	25049	
1360	9204	25014	
1347	9141	25158	
1347	9118	25074	
1357	9245	24952	
1359	9277	25042	
1355	9140	25164	
1358	9224	24964	
1356	9162	25049	
1356	9198	25010	
1356	9117	25082	
1358	9221	25027	
1354	9178	25102	
1354	9138	25121	
1356	9226	25032	
1355	9190	24911	
1366	9287	25013	
1348	9086	25104	
1355	9124	25131	
1356	9250	24836	
1362	9228	24994	
1361	9249	25195	
1349	9069	25167	
1359	9234	25011	
1354	9184	24975	
1352	9123	25185	
1350	9104	25073	
1344	9116	25125	
1348	9104	25094	
1351	9180	24997	
1368	9306	24955	
1346	9052	25146	
1355	9097	25132	
1363	9242	25004	
1362	9200	25005	
1347	9096	25288	
1359	9298	24914	
1366	9331	24872	
1356	9160	25092	
1347	9130	25063	
1356	9128	25111	
1356	9245	25043	
1348	9090	25208	
1364	9288	24904	
1347	9072	25195	
1359	9223	25014	
1362	9241	25044	
1348	9115	25027	
1348	9043	25259	
1359	9238	25015	
1354	9176	25126	
1347	9034	25136	
1359	9297	24964	
1350	9122	25048	
1359	9186	25085	
1352	9125	25055	
1364	9230	24976	
1364	9324	24800	
1363	9271	24923	
1364	9300	24922	
1355	9153	24974	
1359	9284	24958	
1348	9089	25025	
1351	9164	25043	
1350	9120	25144	
1361	9274	25013	
1364	9259	25022	
1358	9198	24989	
1352	9226	24996	
1356	9193	25081	
1352	9122	25114	
1350	9069	24992	
1360	9266	24805	
1358	9257	25027	
1349	9065	25191	
1367	9256	24903	
1349	9118	24941	
1347	9094	25117	
1347	9080	25216	
1351	9202	25063	
1360	9214	24994	
1351	9126	25068	
1356	9196	24988	
1353	9176	25110	
1354	9199	25093	
1353	9195	25012	
1357	9193	25059	
1355	9165	25064	
1356	9177	24992	
1357	9246	25033	
1354	9148	24922	
1360	9270	25022	
1350	9043	25282	
1348	9057	25190	
1356	9174	25019	
1368	9332	24881	
1363	9236	25176	
1364	9300	25053	
1352	9136	25013	
1352	9110	25111	
1365	9243	24914	
1346	9102	25157	
1357	9243	24959	
1352	9150	25012	
1360	9288	24930	
1347	9154	25017	
1355	9152	25037	
1352	9145	25154	
1356	9181	24982	
1370	9341	24789	
1341	9071	25192	
1353	9138	25078	
1353	9156	25156	
1363	9257	25061	
1359	9221	25084	
1354	9200	25042	
1355	9159	24995	
1364	9296	24970	
1360	9207	25032	
1353	9168	24943	
1365	9331	24795	
1352	9136	25004	
1355	9095	25058	
1361	9212	25048	
1362	9298	24988	
1353	9132	25116	
1356	9198	24976	
1366	9299	24884	
1358	9238	25071	
1348	9063	25009	
1353	9114	25200	
1359	9186	24959	
1359	9233	24931	
1350	9109	25197	
1359	9168	25121	
1357	9200	24953	
1336	8973	25340	
1350	9166	25054	
1356	9188	25099	
1352	9134	25160	
1351	9142	25051	
1350	9124	25132	
1347	9134	25073	
1356	9183	25063	
1349	9121	25132	
1350	9118	25019	
1356	9234	25093	
1352	9144	25014	
1360	9249	24985	
1353	9094	25086	
1355	9144	25135	
1350	9135	25109	
1356	9199	24987	
1361	9209	25086	
1357	9128	25054	
1354	9198	25006	
1359	9191	25108	
1356	9223	24962	
1360	9249	25049	
1355	9233	25041	
1343	9055	25176	
1361	9246	25036	
1358	9184	25159	
1357	9209	25072	
1356	9256	24931	
1353	9128	25097	
1361	9300	24786	
1354	9141	25031	
1354	9139	25113	
1359	9213	24954	
1344	9031	25103	
1359	9166	25065	
1346	9128	25096	
1357	9191	25003	
1346	9078	25143	
1353	9216	24933	
1350	9101	25113	
1354	9135	25063	
1357	9195	24995	
1361	9243	25132	
1358	9252	24947	
1351	9173	24925	
1358	9249	25047	
1362	9291	24929	
1352	9112	24995	
1358	9192	25058	
1341	8997	25148	
1354	9161	25098	
1341	9007	25169	
1355	9162	24974	
1361	9301	25056	
1361	9244	24953	
1354	9226	24934	
1354	9160	25107	
1344	9069	25224	
1358	9207	25105	
1361	9227	25003	
1358	9175	24998	
1344	9058	25210	
1360	9202	25103	
1351	9139	25103	
1356	9137	25064	
1361	9234	24997	
1368	9318	24831	
1347	9056	25057	
1356	9189	24977	
1358	9226	24974	
1345	9028	25167	
1353	9208	25103	
1363	9215	24973	
1360	9250	24987	
1359	9201	25007	
1355	9196	24968	
1346	9018	25121	
1354	9190	25003	
1353	9152	24875	
1367	9263	24945	
1369	9310	24872	
1346	9103	25076	
1354	9211	25022	
1361	9291	24975	
1350	9068	25144	
1357	9233	24975	
1362	9285	24959	
1365	9303	25073	
1348	9113	25078	
1349	9130	25092	
1350	9118	25067	
1361	9220	25023	
1342	9012	25139	
1344	9030	25133	
1360	9154	25106	
1345	9033	25248	
1367	9303	24887	
1362	9252	24853	
1350	9102	25043	
1359	9255	25036	
1366	9289	24980	
1348	9118	25029	
1359	9217	25062	
1352	9146	25102	
1356	9185	25105	
1360	9211	25012	
1351	9135	25129	
1360	9231	25042	
1358	9226	25090	
1363	9265	25027	
1361	9232	24992	
1365	9248	25083	
1355	9225	25015	
1361	9270	24996	
1354	9117	25146	
1355	9120	25128	
1351	9174	25062	
1355	9217	24908	
1356	9205	25026	
1342	9033	25088	
1358	9225	24964	
1365	9295	24979	
1342	9075	25130	
1364	9279	24998	
1365	9369	24862	
1358	9135	25100	
1359	9201	25050	
1352	9095	25080	
1369	9317	24939	
1346	9101	25126	
1344	9094	25095	
1358	9228	25027	
1353	9150	25192	
1353	9154	25067	
1344	9126	25114	
1358	9212	25057	
1351	9080	25155	
1344	9082	25092	
1341	9065	25176	
1364	9252	24976	
1357	9174	25078	
1357	9205	24957	
1345	9066	25121	
1349	9090	25154	
1347	9120	25066	
1359	9215	24932	
1352	9099	25036	
1355	9178	25022	
1353	9151	25000	
1349	9130	25189	
1356	9175	25045	
1361	9269	25004	
1358	9163	25045	
1363	9208	25034	
1351	9156	25133	
1351	9166	25069	
1349	9098	25187	
1364	9278	24942	
1355	9208	25031	
1348	9116	25072	
1348	9118	25201	
1355	9228	25253	
1374	9403	24944	
1353	9162	25031	
1357	9178	25072	
1360	9266	24909	
1368	9260	24999	
1361	9251	25125	
1361	9228	25120	
1355	9157	25090	
1359	9227	25043	
1360	9174	24975	
1356	9172	25015	
1360	9201	25006	
1352	9148	25106	
1348	9108	25053	
1351	9163	25123	
1354	9200	25042	
1354	9137	25093	
1346	9048	25155	
1353	9218	25055	
1358	9161	25133	
1349	9131	25159	
1346	9033	25124	
1368	9305	24995	
1364	9242	24991	
1353	9124	25074	
1349	9031	25036	
1353	9146	25172	
1339	8935	25189	
1369	9339	24831	
1362	9254	24954	
1364	9245	24973	
1363	9226	25110	
1342	9050	25217	
1343	9048	25239	
1365	9293	24971	
1353	9151	25041	
1352	9133	25091	
1366	9292	24907	
1368	9300	24875	
1347	9067	25191	
1357	9263	25070	
1354	9193	25111	
1364	9220	25030	
1353	9186	25102	
1345	9040	25179	
1354	9106	25032	
1352	9171	25051	
1354	9133	25131	
1363	9259	24953	
1344	9002	25198	
1358	9188	24996	
1355	9150	25025	
1355	9180	24959	
1352	9162	25179	
1351	9122	25027	
1346	9085	25084	
1352	9123	25121	
1353	9173	24983	
1343	9094	25101	
1362	9203	25036	
1342	9090	25221	
1348	9129	25089	
1355	9168	25119	
1351	9099	25077	
1352	9098	25168	
1355	9133	25044	
1346	9076	25150	
1350	9112	25118	
1356	9185	25049	
1344	9103	25180	
1360	9171	25124	
1347	9047	25161	
1357	9179	25139	
1355	9181	25061	
1359	9263	24997	
1355	9206	25032	
1358	9229	24913	
1362	9194	25039	
1350	9124	25166	
1357	9117	25093	
1348	9041	25160	
1361	9243	24895	
1367	9318	24914	
1364	9287	24981	
1348	9099	25066	
1343	9064	25078	
1364	9286	25047	
1362	9269	24885	
1357	9180	25054	
1355	9208	25059	
1367	9327	25004	
1364	9286	24943	
1349	9145	25067	
1355	9182	25206	
1342	9021	25145	
1352	9117	25063	
1358	9224	24953	
1366	9304	24881	
1361	9231	25059	
1365	9277	24928	
1351	9080	25138	
1362	9239	24962	
1356	9163	25022	
1347	9088	25165	
1347	9114	25036	
1357	9176	25082	
1347	9114	25112	
1349	9133	25089	
1349	9186	25064	
1363	9230	24903	
1360	9217	24941	
1361	9220	25061	
1357	9200	25120	
1361	9242	24973	
1354	9147	25181	
1364	9233	24941	
1356	9179	25083	
1364	9295	24980	
1358	9245	24964	
1364	9282	25058	
1362	9279	24966	
1350	9092	25166	
1353	9101	25168	
1352	9177	25123	
1349	9111	25128	
1358	9150	25182	
1356	9231	25092	
1354	9165	24976	
1359	9220	25022	
1361	9284	24956	
1343	9052	25112	
1359	9250	25031	
1356	9241	25014	
1350	9180	25150	
1360	9238	25014	
1347	9082	25101	
1354	9110	25039	
1348	9122	25098	
1351	9087	25085	
1361	9213	25108	
1359	9190	25043	
1354	9233	24985	
1358	9265	25063	
1349	9105	25155	
1362	9308	24970	
1355	9204	25138	
1352	9098	25115	
1349	9093	25142	
1359	9295	25031	
1346	9040	25154	
1355	9170	25108	
1363	9255	25131	
1368	9269	24996	
1345	9110	25177	
1356	9174	25001	
1346	9056	25103	
1347	9054	25170	
1368	9244	24935	
1353	9128	25093	
1370	9400	24890	
1364	9334	24982	
1358	9184	25123	
1348	9095	25086	
1358	9243	25069	
1367	9278	24960	
1348	9072	25167	
1361	9245	25064	
1363	9266	25005	
1359	9249	24990	
1358	9161	24946	
1364	9237	24942	
1348	9093	25164	
1361	9303	24908	
1355	9140	25095	
1353	9224	25067	
1356	9222	25065	
1359	9213	25114	
1363	9250	24941	
1364	9256	24993	
1354	9097	25076	
1358	9204	25040	
1350	9102	25096	
1351	9075	25143	
1366	9384	24818	
1355	9166	24993	
1354	9136	25099	
1352	9151	25042	
1362	9313	25051	
1349	9142	25120	
1357	9152	25092	
1350	9094	25165	
1352	9168	25011	
1361	9248	24828	
1352	9182	25127	
1350	9131	25010	
1361	9261	24977	
1358	9231	24997	
1353	9120	25143	
1347	9089	25140	
1351	9114	25070	
1354	9204	24966	
1356	9198	25002	
1352	9137	25070	
1345	9050	25202	
1352	9144	25051	
1350	9115	25107	
1352	9141	24987	
1355	9223	25004	
1350	9056	25151	
1344	9046	25040	
1362	9248	24944	
1351	9210	24987	
1351	9162	25110	
1349	9093	25038	
1348	9080	25115	
1360	9218	24994	
1350	9142	25161	
1351	9101	25281	
1357	9229	24965	
1348	9120	25116	
1356	9152	25106	
1357	9180	25041	
1365	9311	25017	
1362	9235	24989	
1345	9139	25108	
1361	9268	25025	
1353	9234	25060	
1351	9138	25065	
1346	9093	25020	
1343	9014	25202	
1359	9246	24959	
1354	9124	25170	
1344	9079	25061	
1365	9279	24851	
1361	9210	24934	
1343	8992	25267	
1365	9296	24938	
1356	9171	25066	
1360	9172	25068	
1361	9231	25073	
1347	9066	25290	
1345	9071	25167	
1361	9305	24850	
1361	9244	25018	
1345	9085	25146	
1353	9173	25028	
1362	9288	24910	
1349	9123	25100	
1344	9041	25243	
1355	9149	24953	
1352	9146	25013	
1365	9289	24839	
1349	9077	25139	
1352	9114	25099	
1342	9014	25231	
1355	9140	25131	
1344	9019	25125	
1345	9071	25281	
1359	9314	24879	
1352	9131	25115	
1360	9250	24948	
1351	9145	25083	
1356	9163	25034	
1346	9083	25135	
1361	9224	24971	
1358	9234	24998	
1354	9254	25085	
1357	9202	25035	
1359	9204	25084	
1363	9280	25088	
1357	9144	25064	
1359	9212	25009	
1359	9254	25050	
1341	9065	25071	
1350	9131	25071	
1358	9223	25101	
1369	9298	24938	
1351	9107	25112	
1361	9215	25017	
1353	9156	25119	
1362	9300	24788	
1355	9149	25001	
1360	9208	25012	
1345	9036	25062	
1357	9198	24959	
1359	9214	25142	
1371	9360	24853	
1354	9157	25156	
1358	9190	25048	
1363	9300	24979	
1357	9204	25106	
1353	9166	25007	
1363	9176	25019	
1358	9198	25083	
1354	9155	25143	
1345	9105	25173	
1358	9215	25002	
1353	9175	25091	
1351	9092	25058	
1357	9143	25054	
1371	9381	24806	
1368	9303	24938	
1357	9230	24925	
1359	9212	25019	
1348	9136	25041	
1362	9312	25019	
1345	9016	25182	
1365	9263	24949	
1355	9138	25224	
1358	9290	25091	
1356	9208	24970	
1347	9063	25283	
1363	9259	24921	
1355	9139	24999	
1352	9129	25141	
1348	9049	25164	
1353	9141	25071	
1376	9491	24791	
1360	9250	25082	
1349	9133	25082	
1354	9162	25028	
1350	9078	25130	
1360	9231	24983	
1354	9172	24967	
1351	9134	25067	
1354	9152	25107	
1344	9040	25243	
1362	9300	24851	
1353	9141	25090	
1351	9140	25099	
1353	9191	25041	
1348	9132	25083	
1364	9246	25010	
1360	9212	25037	
1347	9075	25190	
1356	9228	25023	
1353	9105	25115	
1361	9259	24971	
1351	9159	25075	
1343	8982	25281	
1356	9173	24992	
1353	9158	24977	
1352	9176	25088	
1357	9166	25095	
1351	9138	25168	
1356	9208	25150	
1343	8969	25187	
1348	9074	25107	
1358	9166	25078	
1364	9293	24971	
1346	9060	25054	
1358	9172	24983	
1352	9117	25149	
1359	9176	25082	
1354	9186	25094	
1356	9195	25154	
1365	9277	24910	
1354	9215	25019	
1360	9216	25056	
1357	9143	25171	
1358	9160	24985	
1355	9151	25016	
1366	9303	24873	
1351	9167	25046	
1361	9261	25084	
1357	9251	25052	
1362	9278	24964	
1368	9284	24950	
1351	9123	25098	
1351	9134	25065	
1358	9221	25037	
1355	9229	25004	
1352	9127	25236	
1348	9055	25222	
1363	9295	25081	
1359	9217	24982	
1348	9099	25059	
1345	9063	25239	
1348	9102	25248	
1353	9203	25162	
1356	9167	25100	
1362	9216	24999	
1358	9213	25067	
1357	9197	25034	
1364	9218	24988	
1357	9168	25095	
1353	9122	25116	
1353	9229	24939	
1346	9121	25036	
1360	9249	24975	
1356	9148	25097	
1356	9197	24941	
1352	9097	25011	
1352	9173	25147	
1361	9244	25084	
1368	9265	25009	
1358	9201	25188	
1357	9199	25020	
1366	9236	24896	
1356	9181	25079	
1344	9053	25200	
1356	9211	25003	
1352	9073	25173	
1351	9118	25123	
1355	9097	25124	
1349	9139	25183	
1349	9089	25128	
1356	9241	24988	
1364	9348	24846	
1355	9175	25037	
1358	9258	25059	
1368	9316	24975	
1351	9192	24976	
1353	9114	25035	
1344	9049	25214	
1368	9301	24914	
1362	9311	24955	
1359	9203	25006	
1353	9153	25030	
1344	9003	25272	
1340	9061	25174	
1357	9267	24993	
1347	9052	25176	
1355	9199	25108	
1345	9068	25089	
1362	9323	24937	
1348	9133	24925	
1353	9160	24942	
1359	9244	25097	
1369	9298	24975	
1348	9107	25122	
1344	9067	25121	
1344	9058	25079	
1370	9399	24787	
1355	9167	25146	
1364	9308	24844	
1360	9179	24997	
1359	9201	24993	
1348	9134	24912	
1369	9317	24874	
1358	9189	25105	
1350	9113	25189	
1351	9113	25306	
1354	9160	24986	
1359	9229	24982	
1357	9187	25099	
1358	9221	25049	
1364	9311	24950	
1347	9048	25202	
1356	9206	24996	
1357	9135	25150	
1350	9125	25054	
1358	9226	25128	
1356	9234	25041	
1351	9127	25080	
1357	9171	25042	
1360	9202	25043	
1364	9264	25057	
1363	9266	24991	
1351	9142	25055	
1360	9234	24960	
1357	9215	25070	
1345	9066	25096	
1362	9241	24890	
1349	9037	25130	
1352	9246	25030	
1366	9265	25021	
1346	9090	24966	
1345	9049	25195	
1347	9100	25039	
1351	9122	25052	
1360	9309	25082	
1356	9168	25103	
1362	9235	24915	
1357	9226	24990	
1355	9177	25222	
1351	9127	25113	
1350	9096	25169	
1358	9241	25058	
1363	9308	24884	
1352	9155	25067	
1350	9103	25135	
1355	9200	25055	
1360	9232	25070	
1357	9252	25093	
1350	9079	25238	
1361	9252	24959	
1364	9251	24916	
1348	9070	25159	
1356	9203	25062	
1353	9167	25040	
1357	9189	24983	
1354	9178	25004	
1352	9233	25001	
1363	9199	25028	
1349	9078	25204	
1344	9062	25136	
1339	9016	25165	
1363	9249	24989	
1347	9038	25156	
1347	9133	25040	
1355	9233	24906	
1350	9105	25025	
1354	9187	25040	
1362	9258	25029	
1355	9209	25058	
1355	9165	25033	
1356	9199	24978	
1360	9196	25027	
1341	9059	25304	
1355	9131	25042	
1348	9093	25093	
1356	9176	25045	
1356	9188	25041	
1354	9206	25104	
1361	9202	25077	
1362	9290	24923	
1353	9142	25129	
1366	9275	24922	
1354	9113	25255	
1363	9304	24932	
1365	9281	24932	
1343	8992	25051	
1359	9217	25007	
1364	9264	25032	
1351	9127	25103	
1357	9148	25130	
1358	9186	25105	
1367	9272	24992	
1357	9204	25142	
1348	9096	25112	
1350	9096	25077	
1347	9048	25207	
