1365	9315	24934	
1409	9109	25093	
1311	9189	25068	
1375	9239	25007	
1350	9144	25032	
1352	9186	24978	
1305	9227	24895	
1296	9377	24869	
1316	9319	24938	
1314	9187	25151	
1368	9208	25147	
1302	9175	25015	
1394	9177	24992	
1372	9188	25033	
1389	9200	25144	
1434	9129	24961	
1324	9227	25000	
1292	9331	24934	
1378	9069	25050	
1385	9169	25010	
1356	9312	24943	
1324	9285	25027	
1415	9006	25124	
1325	9276	25096	
1367	9098	25162	
1370	9050	25135	
1357	9301	24994	
1397	9196	24990	
1317	9142	24992	
1382	9208	25016	
1342	9167	25197	
1334	9061	25132	
1306	9194	24920	
1362	9103	25230	
1388	9262	24977	
1380	9298	24925	
1253	9187	25102	
1276	9118	25202	
1336	9175	25070	
1311	9105	25107	
1408	9084	25184	
1406	9055	25058	
1283	9178	25250	
1382	9109	25129	
1309	9306	24964	
1317	9306	24996	
1366	9153	24967	
1310	9324	24900	
1354	9344	24768	
1362	9300	24961	
1365	9176	25115	
1462	9180	24983	
1428	9242	24985	
1420	9149	25131	
1357	9195	24969	
1387	9031	25029	
1318	9321	24865	
1381	9156	25061	
1370	9098	25049	
1408	9193	25056	
1387	9096	25069	
1325	9230	25045	
1337	9198	25138	
1343	9256	25014	
1315	9215	24869	
1312	9223	25066	
1332	9191	25149	
1350	9295	24901	
1346	9294	24940	
1318	9390	24686	
1356	9304	25052	
1401	9238	25084	
1424	9180	25003	
1358	9091	25121	
1349	9186	24929	
1299	9056	25221	
1428	9145	24980	
1417	9270	24975	
1396	9229	25075	
1252	9130	25194	
1410	9254	24953	
1293	9242	24983	
1383	9271	24992	
1298	9171	25050	
1445	9254	24960	
1327	9284	25065	
1309	9263	24969	
1398	9148	25067	
1283	9179	25084	
1302	8950	25234	
1361	9036	25117	
1394	9323	24913	
1314	9291	24974	
1300	9247	25067	
1288	9283	24970	
1278	9282	25095	
1379	9228	24940	
1266	9249	24826	
1363	9208	24995	
1404	9209	25068	
1369	9249	25028	
1300	9030	25219	
1392	9089	25037	
1326	9244	24954	
1295	9219	25073	
1351	9180	25001	
1283	9296	25062	
1353	9237	24917	
1297	9273	25028	
1351	9260	24951	
1330	9175	25265	
1361	9020	25153	
1364	9259	24912	
1324	9290	25020	
1268	9153	25028	
1384	9163	24989	
1427	9189	24959	
1357	9088	25147	
1345	9283	24959	
1370	9121	24983	
1380	9142	25088	
1369	9274	25034	
1383	9291	24923	
1347	9267	24929	
1319	9245	25034	
1334	9253	24938	
1299	9296	24932	
1340	9103	25091	
1428	9109	25142	
1321	9208	25054	
1349	9254	24997	
1365	9147	25144	
1373	9208	25040	
1418	9164	25051	
1312	9179	24975	
1379	9313	25046	
1360	9342	24927	
1322	9143	25165	
1330	9151	25047	
1355	9317	24925	
1356	9258	24910	
1381	9206	25047	
1311	9189	24975	
1351	9044	25289	
1359	9195	25067	
1388	9094	25152	
1355	9274	25031	
1335	9190	24997	
1411	9241	24954	
1424	9246	25018	
1304	9295	25001	
1293	9218	25011	
1334	9196	25031	
1434	9195	25049	
1370	9234	24929	
1343	9251	24962	
1351	9175	25130	
1377	9257	25039	
1390	9171	25086	
1346	9295	25005	
1316	9259	25023	
1373	9156	25107	
1377	9341	24907	
1390	9171	25100	
1471	9147	25128	
1359	9218	24998	
1364	9246	24850	
1403	9210	24995	
1381	9090	25146	
1436	9093	25142	
1330	9014	25260	
1424	9241	24982	
1392	9085	25217	
1294	9099	25178	
1385	9248	25073	
1413	9212	25076	
1384	9180	25095	
1337	9171	24997	
1316	9026	25298	
1448	9095	25048	
1399	9376	24927	
1326	9236	24958	
1429	9151	25104	
1314	9179	25041	
1395	9227	24892	
1356	9245	24948	
1347	9082	25089	
1371	9215	25077	
1298	9169	25110	
1402	9177	25074	
1381	9035	25154	
1356	9119	25038	
1384	9241	24955	
1436	9257	25055	
1322	9219	24978	
1338	9305	24927	
1425	9094	24990	
1345	9272	25097	
1324	9141	25015	
1316	8951	25171	
1350	9212	24970	
1362	9063	25201	
1365	9309	25099	
1381	9246	24978	
1341	9335	24976	
1381	9242	25023	
1323	9193	25065	
1328	9058	25144	
1351	9231	25029	
1321	9314	25011	
1419	9103	25069	
1343	9049	25257	
1344	9248	24935	
1312	9187	25032	
1344	9276	24944	
1393	9109	25069	
1407	9156	25074	
1385	9090	25064	
1332	9265	25017	
1372	9228	25030	
1323	9091	25172	
1362	9255	24982	
1347	9164	25112	
1377	9190	24979	
1347	9372	24915	
1306	9353	24948	
1398	9288	24959	
1268	9081	25062	
1328	9161	25123	
1335	9070	25166	
1376	9324	24927	
1298	9204	25097	
1305	9216	25059	
1383	9191	25052	
1353	9111	25094	
1383	9212	25028	
1309	9060	25111	
1373	9067	25106	
1388	9115	25047	
1366	9269	24991	
1343	9159	25008	
1386	9245	24881	
1370	9157	25167	
1390	9229	25047	
1363	9105	25109	
1332	8990	25105	
1439	9100	25119	
1276	8971	25187	
1352	9204	25069	
1268	9230	25008	
1291	9105	25137	
1329	9118	25019	
1376	9069	25092	
1347	9279	24880	
1333	9083	25144	
1399	9183	24822	
1305	9239	25001	
1377	9181	25004	
1396	9218	24997	
1349	9333	24788	
1366	9282	24881	
1371	9092	25020	
1371	9197	25003	
1322	9103	25037	
1370	9152	25095	
1365	9124	25132	
1265	9347	25102	
1362	9126	25078	
1390	9162	25138	
1280	9366	24969	
1414	9328	24908	
1272	9101	25206	
1386	9199	25049	
1411	9173	24937	
1422	9148	25032	
1405	9154	24938	
1391	9087	25023	
1377	9085	25096	
1296	9137	25180	
1353	9169	25077	
1390	9245	25044	
1345	9153	25165	
1438	9003	25252	
1378	9084	25093	
1426	9163	25083	
1411	9210	25021	
1469	9216	25022	
1384	9358	24943	
1379	9319	24938	
1375	9046	25218	
1376	9287	25101	
1393	9092	25183	
1456	9167	25004	
1274	9255	24947	
1317	9153	25048	
1387	9038	25096	
1308	9041	25182	
1355	9187	25118	
1388	9089	25087	
1365	9160	25023	
1319	9362	24941	
1423	9226	24925	
1352	9128	25103	
1297	9165	25073	
1364	9139	25170	
1392	9332	24921	
1312	9348	24947	
1307	9297	25044	
1336	9229	24931	
1372	9285	25004	
1398	9200	25001	
1396	9385	24817	
1341	9291	25075	
1347	9290	24860	
1308	9172	25152	
1307	9274	24998	
1367	9408	24840	
1299	9137	25166	
1403	9200	25012	
1365	9132	25134	
1368	9166	25033	
1360	9100	25221	
1318	9329	24917	
1422	9196	25063	
1363	9322	24880	
1375	9201	24950	
1367	9086	25128	
1297	9311	24961	
1364	9196	24975	
1341	9250	25011	
1305	9114	25254	
1310	9178	25020	
1365	9255	24954	
1350	9164	25067	
1310	9198	25060	
1372	9228	24983	
1388	9236	24987	
1385	9130	25057	
1358	9254	24947	
1398	9235	25052	
1346	9301	24969	
1330	9241	25003	
1323	9199	25207	
1320	9143	25084	
1368	9138	25124	
1222	9300	24999	
1347	9216	24973	
1332	9246	25071	
1385	9138	25107	
1332	9111	25122	
1373	9085	25056	
1347	9165	24930	
1365	9207	24952	
1352	9174	25080	
1279	9154	25184	
1370	9058	25212	
1264	9058	25253	
1454	9221	25028	
1377	8991	25203	
1286	9162	25023	
1365	9155	25123	
1303	9145	25157	
1315	9201	25129	
1385	9229	25012	
1302	9238	25014	
1324	9103	25232	
1350	9203	25116	
1455	9249	24956	
1320	9188	25137	
1313	9142	25108	
1307	9263	25081	
1390	9170	24968	
1310	9039	25244	
1323	9075	25352	
1393	9246	24953	
1365	9282	25008	
1335	9068	25221	
1379	9122	25036	
1365	9196	25061	
1356	9181	25095	
1340	9198	24965	
1363	9217	25005	
1431	9260	24935	
1345	9125	25195	
1422	9375	24889	
1361	9210	24991	
1360	9187	24999	
1312	9284	25042	
1252	9237	24970	
1401	9145	25067	
1413	9149	24978	
1385	9179	25035	
1385	9292	24983	
1309	9253	25056	
1449	9152	24950	
1318	9191	25056	
1363	9172	25095	
1349	9220	25063	
1294	9253	24938	
1295	9331	24869	
1307	9176	25067	
1305	9091	25150	
1380	9208	24968	
1335	9269	25010	
1346	9185	25086	
1365	9294	25045	
1425	9320	24949	
1336	9293	24939	
1325	9370	24937	
1333	9343	24876	
1359	9055	25110	
1375	9017	25178	
1321	9097	25150	
1347	9104	25114	
1341	9284	25047	
1403	9153	25128	
1415	9249	25120	
1464	9174	25082	
1394	8964	25123	
1376	9163	25004	
1380	9108	25028	
1296	9054	25208	
1422	9230	25071	
1380	9204	25127	
1296	9180	25137	
1367	9168	25136	
1396	9178	24920	
1347	9253	25073	
1397	9127	25074	
1262	9281	25030	
1375	9181	25089	
1390	9223	25078	
1432	9158	24962	
1374	9171	24959	
1326	9174	24915	
1368	9167	25098	
1355	9244	25132	
1348	9429	24942	
1389	9157	25092	
1317	9083	25241	
1384	9331	24915	
1386	9242	24927	
1310	9084	25151	
1349	9053	25143	
1425	9085	25099	
1364	9230	24992	
1306	9271	25076	
1368	9137	25113	
1394	9145	25065	
1379	9217	24965	
1378	9079	25191	
1376	9412	24993	
1361	9172	25084	
1324	9337	24945	
1385	9179	25106	
1311	9141	25065	
1346	9085	25109	
1353	9352	24903	
1365	9080	25155	
1275	9353	24966	
1386	9239	24932	
1362	9128	25107	
1306	9157	25015	
1355	9121	25206	
1323	9288	25040	
1379	9230	25011	
1381	9069	25105	
1382	9208	24979	
1267	9261	24988	
1285	9199	24987	
1392	9101	25065	
1374	9208	25125	
1339	9030	25184	
1426	9224	25103	
1359	9215	24988	
1396	9260	24902	
1312	9149	25161	
1348	9157	25170	
1411	9036	25077	
1344	9304	24971	
1371	9239	25013	
1277	9295	25014	
1343	9082	25240	
1314	9102	25194	
1381	9210	25090	
1448	8991	25098	
1362	9029	25088	
1431	9335	24876	
1348	9256	25007	
1367	9086	25104	
1347	9234	24832	
1378	9260	24910	
1333	9274	24943	
1283	9240	25006	
1359	9164	25076	
1292	9384	24937	
1334	9335	24932	
1246	9155	25006	
1251	9311	25039	
1320	9118	25072	
1275	9310	24901	
1318	9154	25154	
1397	9144	25084	
1310	9142	25094	
1335	9187	24963	
1392	9160	25029	
1355	9290	24975	
1459	9151	25086	
1443	9153	25138	
1340	9228	25003	
1415	9142	25038	
1262	9130	25146	
1411	9228	25087	
1334	9311	24875	
1346	9152	25115	
1348	9205	25033	
1379	9195	24995	
1263	9250	25161	
1380	9246	24915	
1261	9280	25045	
1361	9105	25129	
1337	9168	25100	
1345	9153	25094	
1362	9188	24965	
1346	9208	25045	
1301	9230	25058	
1331	9167	25015	
1286	9046	25192	
1342	9246	25026	
1316	9131	25231	
1383	9190	25142	
1443	9149	25132	
1407	9144	25110	
1345	9254	25019	
1425	9227	25056	
1402	9146	25106	
1404	9086	25150	
1322	9289	24917	
1362	9160	25022	
1347	9180	25055	
1326	9291	24895	
1377	9241	24974	
1323	9416	25033	
1373	9297	25030	
1408	9160	25023	
1337	9243	24961	
1384	9263	24978	
1402	9377	24820	
1381	9243	24955	
1370	9257	24897	
1390	9189	25117	
1262	9249	25080	
1352	9090	25044	
1308	9286	25093	
1313	9183	25055	
1316	9254	25023	
1380	9081	25112	
1353	9216	25005	
1364	9300	24971	
1418	9202	24968	
1386	9207	25073	
1348	9181	25118	
1413	9073	25167	
1254	9405	24904	
1324	9143	25096	
1402	9250	25000	
1322	9187	25018	
1306	9268	25083	
1312	9110	25040	
1366	9069	25049	
1370	9083	25245	
1398	9150	25034	
1344	9252	24935	
1350	9102	25193	
1394	9079	25021	
1392	9244	24963	
1353	9230	24957	
1426	9324	24880	
1345	9213	25039	
1283	9096	25263	
1347	9124	24960	
1322	9145	25118	
1400	9116	25172	
1386	9228	24931	
1284	9317	25037	
1317	9115	25149	
1414	9080	25012	
1460	9189	24972	
1339	9182	25065	
1336	9136	25100	
1293	9224	25077	
1326	9233	25084	
1391	9140	25041	
1311	9115	25166	
1356	9065	25161	
1382	9054	25141	
1391	9031	25175	
1380	9157	24938	
1402	9219	24996	
1422	9132	25117	
1331	9219	25079	
1416	9254	24920	
1286	9262	24961	
1432	9148	25099	
1348	9101	25148	
1337	9216	24958	
1337	9153	25168	
1382	9140	25137	
1345	9373	24961	
1278	9151	25102	
1379	9143	25116	
1328	9264	25081	
1397	9323	24960	
1350	9188	25001	
1337	9237	25130	
1317	9310	24876	
1323	9351	24973	
1406	9103	24962	
1364	9213	25039	
1334	9093	25165	
1408	9240	25049	
1371	9317	24957	
1390	9146	25101	
1352	9231	25056	
1306	9151	25130	
1398	9115	25082	
1369	9202	24967	
1324	9152	25119	
1330	9251	24976	
1363	9149	25096	
1399	9226	24934	
1383	9200	25118	
1350	9151	24992	
1353	9144	25001	
1334	9277	25064	
1303	9201	25129	
1349	9171	25061	
1340	9092	25242	
1278	9232	25102	
1428	9134	25045	
1361	9229	24913	
1342	9233	25024	
1401	9173	24992	
1373	9285	24970	
1411	9130	25048	
1372	9273	24965	
1367	9145	24984	
1269	9241	25009	
1318	9178	25053	
1340	9146	25093	
1330	9178	25031	
1377	9269	24930	
1396	9055	25239	
1302	9146	25208	
1323	9193	25037	
1401	9105	25018	
1316	9292	24915	
1376	9049	25211	
1327	9063	25214	
1422	8943	25231	
1309	9192	25194	
1425	9117	25032	
1375	9330	24903	
1353	9088	25126	
1278	9201	25056	
1349	9132	25144	
1349	9252	25104	
1339	9232	24990	
1365	8998	25230	
1353	9379	24936	
1386	9168	25133	
1263	9213	25109	
1310	9195	25129	
1332	9262	24952	
1339	9347	24851	
1387	9291	24991	
1415	9007	25212	
1380	9246	24984	
1369	9203	25100	
1346	9271	24985	
1374	9250	24951	
1333	9286	24933	
1357	9332	24866	
1307	9246	25076	
1333	9135	24996	
1312	9256	25029	
1283	9261	24890	
1388	9360	24812	
1389	9247	24979	
1389	9169	24988	
1309	9094	25117	
1337	9338	24948	
1297	9232	25091	
1414	9103	25093	
1366	9142	25056	
1292	9117	25064	
1432	9111	25016	
1361	9280	25056	
1363	9097	25107	
1400	9025	25064	
1304	9222	25047	
1294	9079	25096	
1360	9203	24994	
1417	9027	25191	
1373	9106	25113	
1348	9194	25063	
1308	9217	25044	
1410	9165	25018	
1389	9063	25038	
1294	9067	25164	
1289	9213	25010	
1358	9275	24944	
1305	9178	25186	
1380	9320	24920	
1389	9291	24873	
1256	9235	25068	
1256	9268	25038	
1397	9208	25058	
1378	9216	25062	
1333	9204	25053	
1292	9195	25030	
1376	9178	25057	
1332	9181	25010	
1301	9136	25130	
1345	9186	25020	
1306	9100	25267	
1318	9247	25114	
1331	9215	25044	
1371	8975	25217	
1321	9192	24950	
1344	9272	24895	
1340	9270	24969	
1360	9181	25144	
1405	9268	24992	
1348	9262	25057	
1309	9278	25040	
1361	9056	25197	
1444	9281	24948	
1342	9246	24996	
1296	9144	25152	
1371	9279	24909	
1424	9178	25087	
1377	9167	25084	
1386	9149	25094	
1390	9198	25068	
1313	9146	25160	
1323	9111	25206	
1392	9154	25045	
1365	9151	25117	
1398	9235	24984	
1423	9152	25121	
1377	9227	24928	
1363	9212	24952	
1336	9167	24999	
1295	9195	25083	
1362	9392	24786	
1334	9060	25160	
1304	9228	25097	
1325	9374	24889	
1321	9189	25112	
1304	9011	25278	
1388	9156	25048	
1335	9254	25009	
1428	9133	24905	
1354	9069	25169	
1364	9167	25095	
1369	9015	25017	
1367	9237	25004	
1387	9104	25250	
1374	9342	24828	
1405	9216	25050	
1367	9269	25017	
1353	9271	24958	
1417	9171	24948	
1378	9250	24961	
1352	9332	24947	
1372	9073	25120	
1353	9169	25077	
1377	9168	24976	
1327	9118	25158	
1405	9058	25104	
1406	9221	25057	
1315	9338	25003	
1347	9192	25085	
1364	9205	24871	
1381	9266	25087	
1372	9170	25075	
1349	9231	25046	
1371	9332	24923	
1294	9214	24987	
1336	9167	25147	
1413	9266	25045	
1389	9165	25047	
1436	9330	24910	
1363	9009	25127	
1366	9076	25132	
1384	9138	25033	
1349	9051	25157	
1345	9300	24966	
1361	9295	25026	
1376	9348	24956	
1312	9192	25091	
1289	9127	25112	
1364	9231	25005	
1407	9189	24978	
1372	9207	24973	
1299	9194	25064	
1319	9158	25026	
1403	9242	24883	
1384	9090	25099	
1387	9081	25120	
1409	9075	25208	
1382	9161	25081	
1325	9037	25221	
1320	9189	25017	
1358	9246	24954	
1392	9198	25076	
1348	9199	25005	
1383	9098	25154	
1390	9171	24958	
1368	9176	25048	
1296	9235	24937	
1372	9184	24992	
1338	9150	25039	
1352	9231	24934	
1335	9217	24974	
1385	9084	25051	
1333	9133	25179	
1434	9264	24924	
1341	9165	25107	
1456	9392	24878	
1342	9138	25222	
1457	8972	25271	
1290	9020	25201	
1404	9129	25113	
1353	9087	25104	
1329	9024	25232	
1390	9181	25082	
1380	9126	24984	
1408	9291	24961	
1373	9314	24933	
1282	9169	24989	
1309	9286	25013	
1370	9278	24936	
1328	9229	25196	
1351	9236	24982	
1265	9269	25060	
1406	9297	25097	
1311	9134	25119	
1458	9165	25044	
1350	9071	25097	
1348	9336	24794	
1378	9264	24958	
1374	9184	25005	
1342	9240	25013	
1388	9146	25053	
1406	9142	25102	
1356	9356	24908	
1289	9201	25177	
1329	9313	25069	
1309	9254	25021	
1363	9236	25124	
1335	9147	25006	
1338	9226	25035	
1340	9188	25036	
1401	9357	25011	
1305	9055	25185	
1340	9151	25111	
1311	9261	25061	
1374	9251	24890	
1374	9150	25004	
1455	9246	24933	
1362	9335	24941	
1372	9323	25037	
1299	9199	24969	
1397	9114	25124	
1330	9109	25133	
1405	9040	25022	
1425	9183	25016	
1374	9201	25007	
1357	9012	25117	
1433	9255	24808	
1334	9197	25029	
1338	9121	25142	
1277	9006	25270	
1369	9345	24833	
1376	9226	25038	
1388	9238	24988	
1389	9322	25035	
1320	9206	25047	
1357	9097	25179	
1289	9214	25011	
1397	9298	24978	
1374	9216	24980	
1307	9280	24972	
1347	9164	25100	
1345	9408	24903	
1393	9149	25046	
1318	9140	25091	
1377	9156	25101	
1362	9163	25122	
1316	9202	25053	
1369	9217	25018	
1302	9034	25139	
1347	9294	25091	
1364	9176	25063	
1322	9231	24911	
1357	9335	24973	
1289	9348	24940	
1335	9157	25087	
1334	9047	25140	
1388	9254	24823	
1360	9019	25207	
1328	9344	24905	
1379	9208	25117	
1332	9223	25077	
1348	9190	25095	
1299	9357	24964	
1388	9286	24894	
1317	9263	24938	
1382	9201	24999	
1398	9163	24947	
1315	9232	25115	
1412	9303	24832	
1395	9194	24922	
1344	9196	25042	
1311	9171	25134	
1352	9011	25179	
1376	9217	25042	
1358	8983	25236	
1325	9128	25073	
1354	9167	25029	
1357	9143	25032	
1344	9132	25032	
1410	9202	25001	
1273	9115	25194	
1342	9153	25052	
1323	9188	25015	
1362	9168	25041	
1373	9147	25107	
1363	9216	25129	
1322	9165	25076	
1375	9119	25207	
1323	9144	25098	
1357	9109	25004	
1364	9326	24945	
1320	9210	25006	
1342	9231	24970	
1337	9208	25041	
1329	9212	24974	
1341	9113	25023	
1397	9326	24950	
1340	9268	25020	
1362	9245	24948	
1304	9151	25216	
1329	9200	25079	
1269	9386	24803	
1318	9201	25007	
1345	9056	25162	
1396	9186	25090	
1387	9183	24884	
1315	9342	24947	
1266	9290	25048	
1437	9173	25061	
1332	9246	24955	
1465	9305	24909	
1391	9202	25032	
1348	9111	25105	
1401	9315	24908	
1327	9127	25147	
1367	9195	24997	
1382	9344	24902	
1372	9145	25060	
1314	9318	24962	
1321	9146	24962	
1310	9173	25083	
1296	9222	25155	
1425	9170	25075	
1280	9321	25031	
1378	9212	25143	
1286	9251	25017	
1486	9127	25086	
1360	9329	24850	
1388	9418	24931	
1352	9132	25218	
1371	9273	25009	
1355	9290	25052	
1363	9259	25033	
1336	9186	25011	
1383	9300	24895	
1281	9139	25052	
1323	9162	25061	
1370	9054	25134	
1367	9346	24825	
1381	9192	24990	
1311	9245	25085	
1272	9060	25187	
1354	9240	25071	
1312	9225	24891	
1338	9046	25139	
1360	9308	24907	
1412	9005	25237	
1348	9166	25052	
1390	9144	25078	
1406	9049	25294	
1360	9152	25070	
1332	9314	24948	
1334	9210	25068	
1413	9121	25125	
1356	9137	25130	
1382	9209	24953	
1413	9200	24954	
1443	9157	25020	
1441	9255	25010	
1349	9260	24886	
1346	9266	25033	
1340	9061	25176	
1421	9276	24895	
1340	9282	24945	
1365	9117	25184	
1352	9263	25047	
1313	9254	25059	
1393	9221	24938	
1365	9164	25130	
1351	9146	25176	
1381	9244	25007	
1298	9214	25070	
1424	9144	24910	
1299	9143	25150	
1393	9234	25091	
1385	9158	25016	
1312	9206	24962	
1337	9212	25059	
1331	9142	25058	
1439	9187	25053	
1315	9165	25199	
1345	9267	25001	
1421	9107	25144	
1367	9079	25127	
1359	9215	24979	
1339	9291	24957	
1347	9187	25097	
1369	9210	25114	
1352	9196	25063	
1343	9115	25173	
1362	9225	25020	
1274	9188	25176	
1338	9169	25068	
1404	9088	25290	
1359	9116	25160	
1390	8997	25333	
1345	9262	24931	
1432	9216	25048	
1284	9064	25256	
1404	9148	25051	
1374	9183	24954	
1306	8996	25245	
1333	9293	24969	
1435	9224	25100	
1344	9023	25244	
1318	9284	25039	
1223	9302	25030	
1282	9280	24949	
1388	9215	25111	
1403	9331	24895	
1408	9217	25103	
1384	9289	24966	
1343	9261	24898	
1338	9086	25137	
1327	9245	24918	
1377	9276	24916	
1392	9201	24899	
1309	9162	25045	
1380	9204	25108	
1351	9344	24846	
1385	9336	24965	
1325	9104	25104	
1374	9464	24801	
1385	9154	25127	
1357	9125	25139	
1381	9075	25096	
1345	9213	25006	
1318	9004	25256	
1373	9209	24902	
1329	9229	25099	
1353	9000	25225	
1393	9256	24916	
1366	9222	25071	
1347	9246	24962	
1289	9203	25082	
1337	9287	24983	
1352	9197	25068	
1365	9221	25039	
1311	9185	25038	
1393	9311	24905	
1378	9160	25127	
1388	9212	25065	
1294	9352	25012	
1307	9331	25019	
1268	9269	25097	
1368	9101	25050	
1317	9046	25169	
1338	9113	25215	
1359	9097	25146	
1378	9259	24954	
1340	9322	24951	
1317	9209	25075	
1349	9218	25066	
1427	9141	25024	
1378	9203	25005	
1296	9160	25113	
1360	9237	25039	
1321	9387	24782	
1386	9268	24926	
1333	9255	24935	
1337	9264	24952	
1355	9193	25091	
1408	9118	25126	
1386	9076	25188	
1316	9229	24965	
1363	9226	25006	
1329	9116	25213	
1453	9138	25088	
1321	9240	24939	
1360	9114	25230	
1351	9194	25103	
1348	9125	25154	
1358	9198	24903	
1374	9262	25071	
1362	9244	24968	
1347	9144	25056	
1293	9221	25075	
1332	9217	24956	
1387	9262	25029	
1309	9177	25055	
1349	9078	25226	
1351	9166	25022	
1329	9185	25017	
1337	9243	25006	
1309	9365	25027	
1342	9121	25035	
1370	9169	24983	
1412	9104	25213	
1392	9233	24984	
1342	9288	24935	
1387	9104	25082	
1344	9038	25150	
1387	8963	25162	
1369	9140	25063	
1378	9142	25091	
1428	9096	25104	
1382	9261	24983	
1376	9407	24937	
1241	9206	25075	
1392	9187	24999	
1395	9135	25079	
1499	9119	25022	
1390	9333	24943	
1334	9121	25028	
1378	9286	25007	
1273	9206	25077	
1299	9170	25031	
1348	9177	24959	
1326	9244	25052	
1339	9191	25111	
1411	9093	25192	
1353	9216	24968	
1337	9195	25017	
1427	9172	25048	
1328	9215	25018	
1349	9140	25092	
1285	9238	25176	
1317	9056	25198	
1346	9153	25168	
1377	9278	25004	
1393	9057	25157	
1321	9026	25249	
1350	9243	24975	
1440	9195	24880	
1348	9233	24957	
1343	9159	25043	
1360	9229	24973	
1391	9063	25166	
1368	9307	24948	
1270	9219	25040	
1442	9059	25056	
1385	9159	25047	
1382	8982	25211	
1339	9142	25228	
1349	9101	25058	
1359	9151	25056	
1369	9194	24991	
1381	9273	24976	
1301	9164	25098	
1326	9224	25071	
1454	9326	24878	
1407	9331	25110	
1342	9187	25128	
1329	9189	25103	
1361	9187	24992	
1349	9139	25137	
1420	9264	25006	
1365	9095	25119	
1333	9294	24940	
1334	9309	24898	
1256	9173	25138	
1360	9268	24982	
1429	9067	25160	
1401	9130	25191	
1391	9229	25095	
1363	9174	25159	
1332	9122	25102	
1371	9303	24907	
1364	9239	25057	
1338	9250	25043	
1293	9246	25107	
1323	8991	25170	
1372	9196	24939	
1399	9185	25111	
1414	9218	24932	
1338	9030	25207	
1316	9245	25036	
1386	9175	25006	
1386	9083	25101	
1301	9176	25137	
1362	9174	25106	
1408	9288	25027	
1377	9284	24908	
1393	9282	25082	
1366	9373	24930	
1394	9208	24988	
1424	9073	25157	
1464	9132	25011	
1313	9314	24885	
1348	9111	25154	
1326	9116	25136	
1348	9135	25064	
1311	9217	25059	
1348	9148	25170	
1397	9254	25105	
1296	9006	25178	
1396	9167	25045	
1428	9168	25031	
1376	9113	25143	
1393	9301	24942	
1376	9220	25089	
1313	9270	25024	
1321	9186	25058	
1404	9021	25112	
1406	9177	25065	
1304	9281	24958	
1366	9288	24956	
1266	9203	25117	
1358	8966	25150	
1367	9055	25078	
1280	9224	25175	
1286	9242	25017	
1349	9242	25024	
1355	9299	24968	
1353	9283	24998	
1309	9196	24983	
1489	9295	24981	
1296	9320	24950	
1352	9121	25127	
1352	9338	24966	
1331	9208	25086	
1359	9254	25098	
1307	9280	25072	
1342	9078	25247	
1377	9268	25094	
1345	9257	25044	
1382	9285	25003	
1271	9278	24931	
1325	9142	25106	
1352	9119	25095	
1411	9251	24983	
1418	9239	24960	
1441	9269	25004	
1400	9180	25069	
1413	9237	24914	
1328	9285	24899	
1352	9212	25009	
1386	9359	24848	
1371	9170	25034	
1407	9133	25115	
1383	9112	24939	
1383	9250	24972	
1358	9272	25063	
1412	9142	25059	
1351	9161	25025	
1394	9254	25007	
1320	9234	25031	
1361	9287	25021	
1415	9095	25032	
1288	9110	25007	
1403	9119	25082	
1387	9116	25110	
1293	9217	24975	
1323	9188	25105	
1359	9170	25034	
1396	9125	24966	
1366	9109	25114	
1320	9155	25116	
1353	9218	24930	
1382	9217	24960	
1412	9178	24921	
1307	9126	25133	
1302	9062	25110	
1418	9285	24932	
1372	9111	25161	
1339	9090	25017	
1343	9064	25210	
1286	9268	25031	
1365	9242	24988	
1375	9311	24863	
1308	9189	25045	
1334	9267	25080	
1312	9265	25052	
1342	9078	25082	
1401	9067	25114	
1371	9155	24985	
1316	9409	24838	
1370	9165	25029	
1431	9188	25053	
1386	9288	24964	
1392	9129	25247	
1348	9123	25086	
1325	9223	25105	
1343	9344	24990	
1359	9192	24995	
1376	9231	25058	
1386	9323	24876	
1421	9202	25057	
1328	9152	25073	
1372	9201	24980	
1291	9251	24997	
1341	9114	25057	
1354	9374	24938	
1296	9358	25005	
1368	9262	24977	
1379	9224	24951	
1368	9249	24893	
1295	9246	25024	
1385	9151	25019	
1361	9097	25284	
1378	9121	25081	
1250	9117	25115	
1335	9294	24932	
1411	9051	25253	
1363	9154	25077	
1430	9177	24883	
1335	9182	25075	
1350	9267	25037	
1310	9173	25072	
1385	9191	24922	
1340	9139	25182	
1401	9146	25018	
1405	9147	25087	
1313	9195	25145	
1421	9140	25109	
1319	9275	24971	
1358	9271	25095	
1349	9207	25021	
1380	9274	24932	
1358	9211	25065	
1388	9117	25173	
1340	9083	25150	
1358	9237	24879	
1426	9158	25104	
1361	8979	25190	
1293	9198	25017	
1372	9190	25004	
1343	9123	25109	
1329	9124	25059	
1310	9420	24845	
1313	9168	25033	
1362	9081	25082	
1303	9149	25030	
1361	9100	25137	
1352	9323	24902	
1308	9189	25101	
1419	9197	24920	
1347	9220	25124	
1387	9352	24893	
1362	9144	25143	
1413	9249	24943	
1373	9166	25080	
1459	9132	25030	
1353	9208	25006	
1269	9249	25038	
1356	9153	25090	
1330	9270	25044	
1294	9094	25218	
1328	9136	25147	
1320	9115	25164	
1383	9344	24997	
1367	9298	25035	
1398	9118	25094	
1333	9119	25065	
1406	9125	25108	
1351	9376	24950	
1357	9221	24901	
1292	9321	24954	
1303	9240	25079	
1372	9198	25027	
1286	9097	25159	
1384	9171	25140	
1405	9138	25019	
1302	9176	25135	
1391	9245	24951	
1369	9088	25056	
1355	9305	24953	
1426	9226	24946	
1331	9215	25150	
1334	9178	25043	
1392	9250	24980	
1363	9174	25034	
1379	9279	24801	
1325	9350	25044	
1357	9276	24877	
1282	9120	25067	
1387	9125	25106	
1383	9172	25034	
1328	9184	25095	
1363	9382	24844	
1369	9244	24983	
1321	9272	24959	
1357	9242	25097	
1276	9250	25003	
1362	9164	25154	
1280	9157	25093	
1340	9183	25068	
1407	9177	25043	
1313	9313	24934	
1382	9213	24992	
1289	9260	24975	
1307	9115	25100	
1380	9245	25075	
1360	9234	24878	
1396	9168	25093	
1353	9259	24931	
1348	9172	24929	
1352	9283	24852	
1310	9174	25062	
1479	9216	24924	
1373	9191	24950	
1314	9303	25029	
1326	9095	25157	
1392	9203	25037	
1380	9282	24892	
1431	9164	24955	
1415	9154	25082	
1393	9069	25108	
1342	9257	24966	
1339	9185	25140	
1321	9183	25018	
1406	9133	25034	
1358	9157	25067	
1370	9283	25016	
1386	9217	25020	
1347	9201	25086	
1369	9173	25005	
1409	9237	25058	
1329	9432	24775	
1361	9238	25029	
1384	9281	24850	
1291	9088	25239	
1392	9161	25144	
1306	9368	24881	
1392	9171	25039	
1327	9195	24993	
1396	9107	24981	
1349	9350	24943	
1277	9237	25080	
1377	9165	25085	
1328	9201	25014	
1353	9171	24963	
1356	9241	24983	
1395	9066	25036	
1367	9274	24941	
1404	9179	25109	
1374	9353	24913	
1334	9212	25053	
1312	9163	25044	
1346	9281	25062	
1401	9152	25011	
1356	9094	25046	
1288	9125	25120	
1400	9177	24992	
1400	9259	25018	
1388	9229	25014	
1412	9090	25159	
1349	9304	24862	
1336	9128	25044	
1322	9336	24916	
1303	9241	25113	
1386	9202	25070	
1332	9110	25179	
1424	9203	24935	
1397	9131	25072	
1360	9157	24964	
1387	9215	25058	
1305	9279	25035	
1303	9169	25116	
1366	9031	25276	
1409	9082	25175	
1330	9299	24903	
1357	9081	25084	
1336	9323	25046	
1360	9106	25033	
1337	9215	25039	
1321	9132	25149	
1407	9194	24996	
1396	9196	24958	
1422	9222	24944	
1406	9164	25116	
1324	8987	25206	
1418	9181	24947	
1319	9297	24896	
1363	9180	25100	
1414	9163	25014	
1367	9179	24976	
1341	9180	24963	
1354	9164	25037	
1339	9097	25085	
1319	9132	25168	
1315	9164	24987	
1390	9071	25100	
1333	9122	25011	
1360	9167	24954	
1300	9198	25029	
1372	9013	25179	
1384	9229	24928	
1372	9272	24965	
1416	9342	24925	
1330	9286	25001	
1399	9205	25073	
1294	9265	24997	
1343	9086	25074	
1307	9151	25057	
1333	9200	25051	
1340	9289	24822	
1304	9093	25245	
1361	9257	24924	
1362	9255	24922	
1412	9221	25000	
1417	9211	24936	
1356	9340	24942	
1352	9185	25127	
1472	9121	25086	
1352	9226	25104	
1320	9200	25019	
1401	9345	24987	
1369	9130	25062	
1304	9132	25192	
1349	9197	25113	
1334	9298	24989	
1361	9180	25157	
1363	9267	24984	
1389	9270	25073	
1290	9136	25034	
1399	9076	25109	
1348	9019	25191	
1371	9447	24835	
1321	9317	24990	
1410	9132	25093	
1313	9227	24873	
1313	9190	25079	
1421	9083	25020	
1350	9154	25108	
1335	9255	25027	
1368	9240	24979	
1323	9213	24961	
1353	9189	24983	
1414	9183	25035	
1369	9262	24902	
1368	9179	24982	
1388	9186	25053	
1342	9326	25027	
1363	9198	25021	
1347	9287	24972	
1370	9051	25215	
1253	9141	25060	
1294	9202	25054	
1408	9231	25056	
1329	9102	25095	
1417	9192	25054	
1367	9144	25099	
1387	9258	25017	
1314	9187	25013	
1335	9244	24993	
1319	9161	25017	
1356	9216	25163	
1367	9111	25123	
1325	9283	24959	
1416	9068	25053	
1377	9256	24857	
1329	9104	25061	
1358	9115	25113	
1312	9201	24983	
1318	9124	25346	
1421	9219	25198	
1299	9213	25030	
1416	9287	24880	
1383	9096	25030	
1404	9221	25010	
1388	9200	25029	
1392	9317	24891	
1449	9147	25081	
1375	9090	25112	
1356	9283	24933	
1360	9300	24884	
1400	9194	25014	
1331	9172	25094	
1344	9326	25037	
1390	9220	25001	
1389	9198	25076	
1366	9222	24889	
1310	9231	25064	
1341	9332	24937	
1360	9173	25173	
1320	9237	25023	
1391	9245	24992	
1384	9196	24978	
1353	9076	25115	
1379	9296	25010	
1328	9251	24975	
1337	9172	24952	
1347	9229	25022	
1267	9237	24981	
1322	9119	25148	
1349	9258	25033	
1302	9271	25063	
1272	9345	25043	
1339	9091	25146	
1357	9109	25064	
1336	9125	25087	
1390	9125	25119	
1243	9158	25037	
1324	9262	24985	
1410	9147	25011	
1357	9220	25014	
1391	9109	25130	
1429	9199	25075	
1365	9164	25091	
1388	9317	24990	
1372	9156	25156	
1270	9217	25036	
1382	9330	25043	
1450	9187	24981	
1407	9107	25114	
1324	9163	25178	
1366	9122	25044	
1285	9238	25051	
1347	9180	24948	
1308	8978	25145	
1340	9152	25031	
1416	9255	24932	
1293	9211	25086	
1412	9149	25125	
1314	9255	24983	
1356	9244	24991	
1313	9188	25047	
1352	9138	25020	
1376	9291	25005	
1357	9278	24926	
1298	9200	25221	
1426	9086	25079	
1360	9011	25225	
1324	9132	25065	
1431	9187	24978	
1334	9346	24874	
1347	9306	24917	
1392	9195	25073	
1435	9216	25108	
1346	9309	25068	
1411	9208	25090	
1414	9267	25028	
1358	9192	25054	
1342	9166	24984	
1362	9194	25000	
1423	9064	25056	
1310	9270	24969	
1363	9129	25070	
1386	9089	25095	
1363	9196	24915	
1366	9174	25131	
1406	9219	25020	
1370	9235	25077	
1356	9290	25052	
1475	9159	24956	
1347	9293	24905	
1362	9005	25288	
1329	9174	24863	
1416	9030	25217	
1360	9248	25059	
1389	9312	24940	
1290	9232	25026	
1377	9110	25128	
1352	9117	25064	
1340	9241	24990	
1357	9236	25019	
1358	9278	24948	
1371	9168	25010	
1376	9035	25173	
1348	9241	25111	
1333	9147	25138	
1346	9264	24910	
1363	9151	25134	
1312	9176	25148	
1386	9194	25040	
1276	9252	25112	
1355	9227	24922	
1400	9174	25076	
1362	9185	25044	
1395	9172	25140	
1413	9143	25058	
1414	9204	25134	
1342	9254	24929	
1365	9262	24903	
1324	9139	25115	
1364	9275	24829	
1400	9227	25020	
1357	9307	24918	
1417	9252	25027	
1315	9250	25131	
1394	9159	25066	
1329	9287	25032	
1310	9176	25027	
1368	9241	24979	
1402	9127	24953	
1273	9125	25160	
1381	9140	25050	
1350	9164	25103	
1337	9187	25044	
1362	9045	25161	
1344	9240	24986	
1375	9269	24991	
1323	9232	24970	
1319	9192	25022	
1357	9156	25121	
1414	9167	24954	
1275	9243	25092	
1318	9217	24939	
1376	9287	24946	
1354	9066	25120	
1328	9337	24951	
1327	9363	24830	
1388	9077	25064	
1303	9047	25195	
1347	9043	25100	
1273	9243	25009	
1343	9103	25205	
1353	9254	24920	
1308	9224	25028	
1432	9018	25123	
1382	9096	25065	
1317	9179	25002	
1381	9273	25008	
1356	9182	25073	
1324	9095	25152	
1314	9056	25183	
1407	9219	25037	
1374	9189	25130	
1375	9151	25063	
1379	9103	25119	
1312	9119	25104	
1335	9155	25062	
1301	9242	24984	
1406	9183	24971	
1340	9044	25092	
1372	9274	24834	
1376	9246	24866	
1373	9305	24952	
1350	9208	25142	
1412	9130	25107	
1344	9108	25104	
1347	9208	24994	
1311	9205	24942	
1344	9074	25074	
1342	9246	25085	
1369	9096	25017	
1395	9215	25003	
1355	9212	25032	
1350	9224	25087	
1370	9284	24883	
1271	9127	25056	
1381	9206	25086	
1348	9189	25085	
1317	9124	25095	
1397	9242	25006	
1440	9039	25198	
1311	9053	25133	
1327	9222	25039	
1378	9164	25052	
1381	9236	25053	
1328	9248	25080	
1319	9114	25128	
1346	9225	25026	
1277	9144	25112	
1315	9257	24946	
1389	9136	25095	
1338	9429	24948	
1392	9079	25096	
1304	9320	24898	
1355	9252	24951	
1375	8978	25292	
1362	9356	24781	
1332	9147	25091	
1336	9220	25113	
1361	9083	25175	
1338	9028	25297	
1369	9142	25096	
1415	9061	25113	
1306	9268	25023	
1379	9135	25155	
1318	9192	24916	
1356	9242	24930	
1320	9252	24980	
1270	9226	25088	
1308	9215	25042	
1335	9092	25151	
1324	9214	25118	
1315	9211	24999	
1275	9196	25025	
1356	9131	25029	
1375	9284	24968	
1357	9247	25051	
1339	9150	25078	
1303	9163	25007	
1321	9208	25071	
1321	9103	25074	
1352	9061	25116	
1419	9211	24915	
1345	9222	24943	
1375	9206	25063	
1405	9128	25096	
1314	9304	24999	
1236	9184	25130	
1289	9100	25123	
1402	9294	24834	
1358	9220	25058	
1408	9148	25022	
1310	9267	24991	
1278	9064	25179	
1334	9092	25222	
1337	9121	25218	
1381	9419	24891	
1281	9235	25082	
1326	9240	25082	
1316	9066	25133	
1358	9184	25004	
1389	9222	25014	
1262	9165	25025	
1338	9240	25089	
1306	9153	25066	
1312	9015	25169	
1365	9200	25057	
1405	9105	25066	
1341	9149	24996	
1392	9242	24984	
1343	9288	24914	
1364	9135	25121	
1390	9414	24792	
1341	9138	25090	
1307	9089	25097	
1394	8945	25303	
1404	9184	24898	
1394	9065	25179	
1476	9191	25004	
1402	9144	25069	
1362	8967	25330	
1365	9232	24938	
1445	9296	24901	
1319	9134	25038	
1320	9239	25079	
1331	9136	25024	
1351	9189	25122	
1357	9308	24872	
1431	9433	24799	
1407	9176	25015	
1319	9122	25232	
1431	9182	25115	
1426	9226	24942	
1420	9211	24913	
1345	9224	25098	
1313	9123	25065	
1359	9239	24998	
1371	9342	25100	
1332	9104	25074	
1269	9250	25002	
1359	9121	25145	
1372	9228	25048	
1317	9239	24956	
1306	9210	25054	
1347	9270	24998	
1396	9113	25096	
1319	9187	25076	
1404	9162	25012	
1422	9097	25154	
1294	9299	24981	
1343	9249	24985	
1393	9021	25175	
1315	9223	24980	
1335	9414	24776	
1409	9199	25088	
1267	9137	25121	
1357	9347	24877	
1372	9207	25104	
1406	9191	25024	
1324	9243	25104	
1316	9144	25124	
1314	9175	25035	
1337	9103	25129	
1264	9339	24908	
1368	9344	24896	
1363	9225	24999	
1303	9145	25064	
1366	9225	25046	
1312	9287	24921	
1346	9345	24949	
1352	9280	24960	
1337	9230	25049	
1384	9067	25138	
1332	9112	25207	
1328	9133	25212	
1323	9198	25131	
1348	9128	25083	
1377	9157	25144	
1394	9159	25118	
1415	9125	24886	
1257	9242	25023	
1367	9228	24925	
1357	9092	25233	
1326	9008	25108	
1270	9208	25141	
1384	9241	24977	
1400	9311	25002	
1398	9274	24938	
1340	9225	25051	
1417	9115	25055	
1404	9274	24999	
1348	9242	25074	
1412	9138	25057	
1338	9138	25084	
1351	9323	24804	
1451	9250	25038	
1379	9274	24956	
1369	9324	24942	
1367	9048	25051	
1378	9216	25127	
1384	9212	24973	
1434	9294	24966	
1375	9224	24906	
1410	9259	24938	
1361	9265	24906	
1345	9218	25106	
1356	9195	25049	
1331	9402	24823	
1362	9051	25207	
1385	9264	24938	
1344	9185	25098	
1376	9238	24954	
1329	9126	25089	
1324	9048	25108	
1303	9286	24963	
1371	9007	25262	
1348	9087	25118	
1320	9272	25010	
1380	9137	25078	
1326	9008	25090	
1372	9120	25029	
1301	9264	24931	
1330	9187	25087	
1359	9099	25213	
1390	9215	25092	
1336	9344	24905	
1404	9083	25179	
1363	9063	25146	
1278	8898	25428	
1288	9117	25091	
1424	9146	25161	
1341	9210	25027	
1362	9297	24991	
1364	9119	24999	
1306	9238	25102	
1403	9115	25151	
1384	9158	24924	
1343	9165	25064	
1344	9166	25052	
1412	9126	25000	
1408	9126	25058	
1341	9211	25176	
1440	9020	25181	
1376	9160	25154	
1309	9180	25101	
1278	9314	24866	
1316	9061	25083	
1403	9306	24930	
1324	9127	25121	
1384	9144	25028	
1317	9157	25070	
1338	9416	24798	
1347	9159	24999	
1331	9170	25058	
1435	9263	25038	
1352	8896	25229	
1389	9302	25046	
1419	9169	25047	
1438	9111	25023	
1323	9171	25133	
1279	9254	24995	
1405	8969	25199	
1334	9338	24873	
1327	9281	24973	
1384	9306	24839	
1346	9200	24998	
1289	9229	25008	
1370	9099	25065	
1299	9199	25052	
1338	9183	25153	
1273	9296	24992	
1356	9165	25023	
1350	9165	24994	
1416	9101	25179	
1353	9300	25045	
1409	9085	25059	
1321	9295	24902	
1357	9136	25095	
1365	9197	25081	
1328	9056	25186	
1386	9293	24984	
1287	9293	24989	
1338	9178	25233	
1348	9246	25075	
1346	9146	25025	
1384	9308	24925	
1329	9075	25142	
1351	9108	25173	
1449	9161	25113	
1377	9128	25212	
1362	9142	25068	
1372	9263	24975	
1387	9164	25060	
1287	9145	25200	
1374	9219	24973	
1357	9218	25084	
1300	9138	25194	
1323	9279	25010	
1274	9263	24898	
1340	9153	24998	
1367	9296	25005	
1338	9257	24948	
1354	9319	25055	
1378	9148	25062	
1349	9213	25004	
1385	9187	25095	
1316	9235	25017	
1350	9166	25092	
1284	9275	24938	
1365	9148	25185	
1329	9144	25029	
1358	9204	25134	
1377	9265	25046	
1392	9262	24827	
1348	9309	24919	
1390	9097	25050	
1427	9345	24989	
1264	9225	25056	
1409	9237	24987	
1324	9162	25087	
1369	9124	25138	
1398	9179	24972	
1410	9068	25133	
1374	9096	25190	
1308	9191	25122	
1285	9211	24972	
1332	9310	24945	
1342	9171	25065	
1328	9130	25125	
1403	9214	25116	
1323	9287	24975	
1337	9212	25054	
1332	9151	24938	
1326	9204	24872	
1318	9233	25033	
1348	9177	25099	
1363	9093	25116	
1418	9194	24936	
1319	9159	25158	
1389	9236	24990	
1387	9125	25126	
1341	9190	25058	
1331	9178	24984	
1380	9390	24812	
1420	9218	24968	
1332	9247	25022	
1356	8949	25155	
1386	9204	24990	
1368	9192	24924	
1354	9162	25040	
1341	9231	25026	
1384	9256	24948	
1395	9253	24861	
1259	9226	25081	
1397	9140	24955	
1333	9273	25072	
1420	9151	25126	
1375	9110	25135	
1331	9157	25103	
1392	9249	25015	
1361	9195	25094	
1255	9222	25045	
1315	9332	24920	
1397	9198	25198	
1391	9258	24961	
1412	9193	24883	
1434	9338	24871	
1275	9208	25037	
1326	9218	25048	
1340	9136	25127	
1308	9289	24975	
1343	9106	25118	
1397	9102	25010	
1339	9173	25002	
1348	9127	25142	
1483	9115	25094	
1349	9129	25125	
1339	9180	25014	
1368	9084	25198	
1353	9226	24998	
1423	9115	25069	
1388	9149	25027	
1372	9253	24879	
1407	9150	25124	
1371	9279	24914	
1391	9154	25145	
1403	9121	25050	
1346	9160	25060	
1425	9209	25045	
1389	9158	25056	
1446	9165	25069	
1361	9280	25031	
1381	9252	25067	
1401	9064	25141	
1399	9191	25021	
1319	9222	25000	
1270	9251	25044	
1380	9108	25138	
1351	9227	25023	
1420	9274	24880	
1389	9189	25006	
1321	9147	25126	
1307	9183	25019	
1381	9206	25119	
1342	9296	25108	
1382	9104	25066	
1332	9284	25066	
1361	9054	25232	
1415	9239	24980	
1345	9217	24933	
1321	9161	25156	
1342	9129	25099	
1428	9284	24917	
1451	9141	25050	
1274	9267	24985	
1322	9323	25076	
1388	9173	25009	
1387	9156	25055	
1336	9265	25070	
1392	9271	24988	
1320	9180	25084	
1371	9160	25106	
1359	9189	24975	
1353	9327	24917	
1304	9120	25092	
1366	9181	25056	
1412	9091	25082	
1273	9370	24938	
1330	9213	25105	
1366	9218	25080	
1438	9200	24971	
1341	9368	24976	
1350	9132	25134	
1300	9297	24955	
1309	9126	25175	
1411	9103	25034	
1386	9245	25061	
1365	9381	24746	
1387	9276	25035	
1358	9236	24982	
1285	9160	25283	
1348	9226	25020	
1427	9260	24844	
1371	9207	24989	
1295	9177	25001	
1342	9167	25030	
1341	9141	25025	
1383	9267	25030	
1387	9139	25075	
1382	9120	25152	
1367	9122	25063	
1353	9220	25095	
1350	9265	25018	
1378	9289	24958	
1322	9240	25052	
1381	9265	25048	
1410	9210	24896	
1365	9133	25120	
1385	9042	25180	
1288	9287	25034	
1425	9251	25006	
1361	9194	25000	
1306	9285	24939	
1346	9263	24994	
1419	9089	25045	
1346	9105	25168	
1352	9230	25027	
1352	9188	25004	
1319	9289	25135	
1338	9318	24972	
1370	9209	25010	
1426	9272	24887	
1395	9139	24865	
1359	9234	25023	
1415	9182	25126	
1382	9120	25054	
1358	9237	25029	
1322	9057	25085	
1333	9109	25107	
1415	9187	24951	
1372	9049	25205	
1342	9280	24979	
1387	9158	25023	
1362	9257	24973	
1394	9306	24967	
1383	9222	24968	
1330	9277	24999	
1377	9110	25013	
1319	9251	24983	
1365	9246	25066	
1401	9036	25137	
1419	9230	24985	
1384	9116	25011	
1292	9068	25072	
1320	9168	25026	
1323	9084	25081	
1320	9155	25113	
1340	9092	25231	
1441	9088	25125	
1326	9264	25014	
1373	9106	25158	
1358	9186	25120	
1382	9064	25154	
1369	9068	25169	
1268	9055	25332	
1407	9267	25003	
1358	9194	25049	
1400	9256	24944	
1382	9182	25133	
1404	9200	25021	
1446	9184	24986	
1328	9131	25203	
1393	9106	25107	
1249	9303	24917	
1433	9090	25243	
1371	9254	25010	
1380	9252	24897	
1362	9269	24945	
1338	9100	25149	
1381	9159	25123	
1300	9169	25096	
1372	9266	25012	
1341	9331	24901	
1321	9222	25094	
1321	9244	25066	
1272	9192	25192	
1370	9345	24992	
1344	9091	25139	
1315	9120	25189	
1232	9206	25207	
1324	9214	25070	
1342	8991	25288	
1357	9235	25055	
1362	9131	25016	
1308	9359	24903	
1324	9061	25243	
1284	9120	25204	
1351	9358	24944	
1410	9244	25039	
1340	9150	25070	
1368	9069	25021	
1362	9339	24833	
1331	9097	25086	
1324	9227	24912	
1410	9278	24932	
1384	9129	25118	
1298	9333	24962	
1319	9225	25039	
1335	9096	25103	
1376	9001	25248	
1329	9098	25097	
1326	9132	25094	
1313	9243	25059	
1358	9205	24900	
1341	9157	25151	
1367	9195	25040	
1356	9318	24941	
1360	9039	25224	
1378	9227	25013	
1307	9126	25144	
1278	9319	24964	
1371	9270	24893	
1327	9203	25062	
1362	9002	25185	
1358	9243	25000	
1440	9105	25070	
1374	9145	25018	
1389	9032	25161	
1347	9229	24886	
1375	9115	25055	
1370	9193	25049	
1351	9460	24725	
1322	9320	25107	
1331	9147	25189	
1324	9163	25079	
1379	9238	25016	
1345	9252	25055	
1330	9147	25162	
1362	9086	25213	
1320	9080	25160	
1289	9242	25021	
1430	9252	24975	
1325	9263	25079	
1315	9213	25040	
1348	9331	25006	
1348	9214	25014	
1369	9118	25172	
1415	9236	24933	
1324	9278	25019	
1324	9177	25057	
1399	9152	25062	
1316	9230	25109	
1383	9021	25147	
1310	9205	24909	
1371	9295	24898	
1330	9301	25016	
1412	9136	25099	
1317	9240	25185	
1322	9175	25037	
1326	9292	24946	
1317	9185	25078	
1331	9059	25256	
1345	9139	25102	
1388	9178	25116	
1398	9105	24994	
1298	9174	25083	
1340	9093	25050	
1338	9338	24893	
1330	9222	24911	
1375	9239	24852	
1288	9225	24877	
1325	9114	25102	
1408	9097	25160	
1335	9290	24930	
1364	9215	24995	
1414	9248	25055	
1392	9178	25012	
1336	9198	24980	
1352	9356	24988	
1404	9117	24925	
1436	9099	25067	
1301	9302	24860	
1295	9317	25051	
1357	9188	24967	
1290	9246	24991	
1411	9151	24990	
1346	9357	24739	
1309	9181	25085	
1280	9281	24911	
1354	9166	25146	
1379	9230	25022	
1288	9104	25221	
1388	9183	24961	
1364	9268	24967	
1277	9164	25131	
1334	9160	25006	
1312	9153	25033	
1273	9128	25154	
1398	9118	25122	
1341	9036	25219	
1377	9128	25083	
1376	9215	25056	
1350	9305	25001	
1369	9122	25149	
1305	9179	24979	
1435	9200	25043	
1329	9301	24939	
1384	9057	25080	
1284	9171	25119	
1357	9138	25112	
1319	9133	25145	
1352	9154	25110	
1396	9075	25204	
1311	9221	25054	
1384	9076	25174	
1364	9048	25204	
1375	9212	25150	
1347	9379	24749	
1390	9268	24769	
1326	9206	25105	
1342	9079	25145	
1301	9246	25095	
1351	8994	25323	
1382	9022	25000	
1417	9163	25049	
1343	9036	25179	
1323	9255	24884	
1300	9119	25068	
1376	9033	25118	
1393	9087	25219	
1387	9262	25043	
1366	9360	24958	
1349	9307	24943	
1371	9199	25011	
1303	9216	24955	
1334	9301	25040	
1369	9247	24910	
1371	9019	25139	
1301	9128	25137	
1326	9213	25035	
1287	9174	25032	
1315	9246	25082	
1349	9214	25005	
1330	9304	24904	
1417	9157	25153	
1326	9237	24983	
1298	9384	24922	
1404	9106	25146	
1303	9259	25002	
1344	9265	24950	
1383	9302	24993	
1335	9274	25086	
1320	9134	25052	
1328	9084	25174	
1335	9219	25106	
1358	9227	24970	
1320	9130	24947	
1477	9256	24910	
1369	9227	25104	
1296	9070	25106	
1375	9360	24891	
1307	9052	25332	
1433	9175	24960	
1304	9173	24994	
1383	9127	25095	
1368	8963	25154	
1366	9036	25140	
1347	9278	25072	
1327	9236	24999	
1341	9147	25170	
1387	9089	25240	
1245	9354	25009	
1391	9290	24907	
1399	9215	24990	
1359	9166	25128	
1393	9052	25166	
1429	9268	24958	
1368	9174	25014	
1317	9226	24993	
1339	9175	24997	
1331	9052	25107	
1302	9303	24910	
1342	9167	24992	
1368	9142	25006	
1270	9265	25070	
1412	9292	24863	
1325	9140	25016	
1386	9028	25074	
1403	9302	24887	
1349	9361	24889	
1418	9110	25091	
1397	9121	25103	
1384	9188	24972	
1358	9227	25088	
1373	9103	25137	
1365	9008	25147	
1344	9290	25008	
1300	9221	25148	
1375	9232	25126	
1306	9178	25182	
1382	9180	25103	
1322	9226	25045	
1324	9246	25082	
1293	9359	25035	
1454	9145	25008	
1359	9265	24999	
1307	9156	25081	
1380	9246	25007	
1414	9212	24909	
1373	9053	25103	
1383	9113	25100	
1320	9222	25100	
1355	9208	25136	
1365	9101	25024	
1296	9224	25073	
1349	9088	25154	
1364	9285	24966	
1332	9273	24970	
1354	9228	24961	
1385	9341	25007	
1399	9218	24959	
1334	9250	25008	
1313	9253	24968	
1350	9094	25119	
1365	9193	24976	
1327	9302	25047	
1372	9139	25133	
1492	9301	24834	
1396	9166	25089	
1366	9270	25061	
1462	9139	25053	
1332	9170	25006	
1316	9179	24979	
1343	9210	25133	
1355	8994	25195	
1331	9117	25122	
1298	9285	24924	
1337	9099	25112	
1327	9212	24994	
1310	9081	25185	
1344	9242	24823	
1325	9227	25109	
1381	9247	25048	
1296	9169	25165	
1344	9109	25160	
1329	9174	25046	
1398	9144	25116	
1334	9333	24834	
1302	9392	24891	
1402	9174	25040	
1340	9176	25092	
1321	9267	24989	
1324	9181	25071	
1339	9245	24947	
1387	9084	25073	
1422	9143	25035	
1408	9158	25062	
1422	9184	25217	
1400	9158	25007	
1350	9105	25066	
1345	9279	24951	
1381	9137	25166	
1353	9180	25022	
1357	9166	25124	
1281	9261	24918	
1402	9149	24991	
1322	9135	25199	
1417	9205	24960	
1411	9105	25020	
1364	9153	25135	
1361	9244	25063	
1344	9025	25163	
1349	9180	25079	
1378	9316	24912	
1289	9099	25084	
1344	9141	25088	
1364	9298	24968	
1390	9170	24942	
1337	9173	25137	
1348	9159	25143	
1348	9221	25009	
1407	9286	25001	
1315	9274	24912	
1325	9250	24978	
1370	9070	25082	
1316	9176	25107	
1390	9194	25033	
1366	9314	24828	
1308	9337	24912	
1369	9128	25020	
1442	9280	24936	
1278	9185	25208	
1338	9054	25256	
1360	9298	24931	
1328	9093	25187	
1334	9218	25011	
1342	9070	25203	
1375	9332	24882	
1304	9133	25139	
1316	9105	25144	
1413	9113	25018	
1359	9094	25083	
1396	9112	25006	
1340	9217	25041	
1276	9190	25190	
1328	9202	25034	
1339	9136	25105	
1335	9280	25036	
1372	9229	24998	
1415	9062	25115	
1297	9193	25119	
1342	9190	25171	
1427	9346	25034	
1364	9401	24894	
1298	9299	24960	
1347	9212	25038	
1378	9277	24947	
1310	9242	25005	
1260	9265	25039	
1354	9260	24956	
1326	9261	25043	
1359	9199	25086	
1331	9119	25107	
1272	9269	24975	
1384	9030	25217	
1308	9186	25115	
1252	9302	24958	
1333	9113	25140	
1342	9196	25093	
1298	9314	24893	
1346	9224	25059	
1388	9041	25085	
1332	9026	25218	
1392	9176	24982	
1392	9248	25009	
1396	9035	25121	
1368	9172	25141	
1322	9177	25095	
1390	9163	25168	
1328	9071	25181	
1314	9233	24952	
1344	9256	24860	
1404	9320	24952	
1341	9131	25129	
1338	9327	24860	
1389	9307	24895	
1367	9341	24921	
1325	9162	25035	
1375	9281	25055	
1385	9112	25075	
1233	9195	25072	
1363	9063	25064	
1351	9138	25112	
1311	9146	25158	
1405	9116	25066	
1352	9185	25104	
1416	9042	25243	
1342	9171	25169	
1318	9176	25026	
1394	9187	25055	
1323	9116	25103	
1294	9318	25033	
1357	9277	24932	
1386	9019	25179	
1357	9076	25083	
1350	9238	24895	
1389	9144	25166	
1270	9258	25092	
1422	9254	24955	
1342	9282	25041	
1405	9142	25009	
1425	9111	25076	
1377	9295	24822	
1303	9198	25018	
1331	9399	24677	
1407	9101	25007	
1350	9062	25212	
1431	9060	25248	
1338	9167	25035	
1319	9249	25014	
1275	9191	25108	
1350	9237	24979	
1347	9223	24967	
1315	9206	25003	
1401	9304	24889	
1342	9382	24798	
1402	9343	24910	
1323	9222	25049	
1362	9089	25258	
1288	9192	25060	
1303	9051	25253	
1291	9192	25062	
1372	9266	25029	
1370	9360	24979	
1448	9296	24946	
1347	9216	25066	
1350	9283	24921	
1423	9271	24987	
1389	9084	25204	
1351	9122	25168	
1430	9216	25012	
1322	9279	24908	
1346	9158	25091	
1355	9390	24827	
1403	9087	25108	
1291	9199	25081	
1393	9229	25006	
1401	9146	25193	
1395	9257	24898	
1350	9172	25131	
1326	9242	25050	
1375	9168	25019	
1405	8993	25170	
1369	9351	24871	
1441	9250	24858	
1303	9067	25195	
1471	9167	25088	
1401	9274	24847	
1370	9286	24911	
1339	9294	25009	
1312	9096	25218	
1388	9024	25099	
1371	9151	25023	
1379	9095	25123	
1337	9124	25007	
1329	9305	24964	
1365	9213	24936	
1411	9078	25110	
1299	9227	25111	
1340	9370	24857	
1300	9192	25041	
1359	9274	25106	
1277	9256	25100	
1397	9256	24950	
1314	9322	24864	
1301	9149	25052	
1409	8990	25234	
1293	9130	25171	
1301	9236	24908	
1405	9307	24965	
1353	9282	24813	
1328	9094	25061	
1389	9181	25118	
1327	9357	24962	
1360	9230	25077	
1331	9199	24890	
1394	9151	25081	
1334	9062	25108	
1387	9215	25176	
1413	9075	25064	
1434	9188	24990	
1317	9334	24923	
1257	9135	25204	
1312	9245	25015	
1413	9192	24944	
1331	9103	25039	
1410	9119	25191	
1385	9228	25089	
1430	9154	24892	
1310	9230	25147	
1330	9235	24980	
1323	9174	25085	
1303	9158	25168	
1378	9098	25089	
1268	9291	24978	
1359	9097	25021	
1396	9202	25089	
1309	9218	25054	
1364	9194	25101	
1343	9192	25088	
1321	9305	25024	
1394	9109	25019	
1394	9254	25019	
1377	9073	25160	
1391	9186	25039	
1376	9212	24974	
1400	9390	24872	
1329	9266	24938	
1407	9135	25032	
1412	9183	25023	
1403	9275	25016	
1330	9187	25082	
1310	9160	25156	
1357	9199	25013	
1373	9181	25013	
1344	9172	24993	
1312	9209	25171	
1365	9144	25020	
1441	9195	24960	
1325	9072	25083	
1449	9212	25054	
1363	9296	25117	
1327	9325	24893	
1323	9189	25025	
1415	9179	25034	
1411	9129	25012	
1325	9336	24910	
1329	9193	25089	
1381	9204	25017	
1370	9185	25108	
1358	9170	25094	
1279	9224	24970	
1313	9208	25048	
1388	9088	25134	
1394	9174	25054	
1356	9208	24969	
1293	9315	24989	
1370	9204	24998	
1381	9129	25101	
1353	9055	25199	
1338	9217	24979	
1405	9242	25015	
1350	9191	24922	
1340	9236	24894	
1354	9135	24982	
1362	9059	25146	
1342	9134	25053	
1350	9257	25061	
1426	9328	25019	
1333	9291	24957	
1371	9230	24949	
1333	9231	24883	
1255	9313	24998	
1314	8990	25276	
1325	9311	24884	
1449	9060	25120	
1427	9187	25025	
1404	9304	24893	
1343	9123	25248	
1334	9060	25230	
1323	9136	25037	
1313	9139	25163	
1326	9202	25083	
1366	9114	25051	
1371	9314	24992	
1312	9107	25040	
1329	9061	25137	
1324	9171	25161	
1431	9282	24934	
1398	9243	24896	
1340	9322	25005	
1402	9154	25106	
1401	9205	24976	
1364	9361	24828	
1379	9355	25011	
1379	9110	25133	
1344	9127	25123	
1365	9226	24909	
1358	9137	25055	
1316	9296	24931	
1419	9204	25098	
1341	9131	25087	
1407	9171	25109	
1329	9094	25160	
1412	9331	24948	
1396	9257	25014	
1375	9272	24831	
1417	9161	25185	
1340	9153	25014	
1368	9262	24981	
1343	9250	25099	
1315	9178	25166	
1349	9269	25054	
1371	9330	24955	
1364	9173	25075	
1363	9154	25092	
1388	9299	24893	
1379	9164	25187	
1332	9199	25047	
1383	9251	24956	
1332	9196	24935	
1392	9058	25146	
1390	9218	24975	
1403	9192	25026	
1396	9268	24885	
1395	8989	25175	
1330	9189	25185	
1389	9391	24858	
1329	9147	25091	
1311	9112	25000	
1421	9260	24818	
1261	9283	25059	
1364	9220	25020	
1308	9261	24936	
1367	9213	25070	
1366	9225	25035	
1415	9002	25224	
1403	9066	25101	
1344	9150	25051	
1417	9109	25044	
1295	9273	25001	
1350	9233	24972	
1336	9227	25082	
1331	9203	25076	
1279	9349	25041	
1315	9088	25150	
1398	9195	25039	
1296	9216	25030	
1406	9203	25019	
1381	9116	24989	
1308	9266	24990	
1426	9227	24925	
1349	9209	25049	
1291	9359	24996	
1398	9154	25034	
1373	9135	25164	
1408	9125	25099	
1348	9251	25007	
1361	9172	25001	
1353	9249	25033	
1325	9247	24978	
1403	9079	25246	
1366	9183	24935	
1321	9031	25300	
1313	9190	25165	
1279	8985	25244	
1365	9202	25077	
1402	9227	24904	
1329	9168	25102	
1348	9207	25161	
1374	9343	24893	
1376	9152	24980	
1282	9201	25111	
1308	9352	25032	
1329	9125	25171	
1329	9187	25052	
1403	9274	24919	
1303	9243	25091	
1369	9224	25025	
1379	9191	24965	
1346	9232	25039	
1319	9076	25188	
1316	9241	25044	
1297	9179	25064	
1290	9127	25081	
1315	9034	25210	
1428	9178	25120	
1383	9120	25046	
1418	9109	25096	
1353	9117	25191	
1303	9263	24917	
1285	9055	25195	
1337	9284	24908	
1346	9244	25087	
1346	9169	25065	
1365	9219	24975	
1372	9173	25183	
1410	9257	24964	
1329	9196	25052	
1260	9229	25072	
1396	9235	24993	
1383	9220	25006	
1342	9247	25023	
1311	9252	25096	
1332	9148	25142	
1401	9316	24916	
1309	9120	25011	
1410	9085	25114	
1309	9302	24953	
1363	9187	25108	
1354	9139	25010	
1346	9138	25067	
1317	9246	25091	
1361	9137	25076	
1388	9114	25137	
1387	9252	25103	
1396	9217	24999	
1378	9216	24891	
1331	9127	25212	
1393	9101	25055	
1447	9137	25112	
1387	9175	25084	
1394	9138	24936	
1392	9185	25093	
1333	9267	25032	
1355	9278	25005	
1315	9171	25039	
1376	9239	25060	
1332	9217	25105	
1404	9311	24803	
1357	9211	25128	
1352	9141	25053	
1354	9265	25039	
1304	9039	25139	
1285	9244	25025	
1328	9261	24974	
1258	9184	25156	
1401	8907	25266	
1419	9178	25129	
1358	9138	25008	
1362	9248	24964	
1389	9240	25008	
1338	9114	25165	
1407	9094	25061	
1431	9189	25043	
1388	9134	25039	
1390	9277	25003	
1412	9065	25046	
1341	9194	25047	
1395	9068	25194	
1373	9211	25041	
1345	9046	25187	
1351	9328	24919	
1469	9113	25082	
1456	9086	25076	
1319	9262	25089	
1367	9077	25117	
1380	9219	24882	
1291	9278	25028	
1398	9109	25070	
1331	9183	25002	
1359	9181	24980	
1433	9238	24941	
1362	9241	24919	
1402	9237	25025	
1374	9076	25117	
1301	9204	25064	
1285	9154	25129	
1301	9160	25092	
1373	9360	24914	
1365	9253	25033	
1335	9234	24919	
1280	9242	24989	
1341	9228	25010	
1362	9149	24970	
1366	9288	24997	
1388	9089	25108	
1378	9167	25109	
1450	8992	25150	
1403	9234	25031	
1379	9152	25116	
1357	9306	24955	
1374	9106	25075	
1388	9215	24980	
1385	9209	24958	
1374	9240	25015	
1307	9235	25018	
1368	9240	25140	
1378	9133	25163	
1350	9199	25022	
1256	9173	25070	
1294	9343	24997	
1349	9219	25054	
1393	9199	25037	
1347	8926	25336	
1384	9184	25029	
1342	9247	25031	
1402	9173	25032	
1369	9251	24939	
1375	9139	25049	
1388	9218	24999	
1403	9083	25101	
1307	9205	25007	
1379	9226	24925	
1332	9216	25042	
1452	9386	24953	
1358	9153	25162	
1329	9289	25036	
1330	9183	25066	
1390	9071	25243	
1369	9224	24998	
1285	9204	25025	
1350	9178	25095	
1352	9181	25083	
1393	9211	25062	
1373	9188	25044	
1318	9272	25117	
1381	9253	25002	
1384	9076	25159	
1441	9202	24957	
1364	9280	25041	
1324	8984	25149	
1346	9147	25073	
1448	9111	25023	
1415	9224	24925	
1388	9135	24991	
1386	9188	24954	
1386	9336	24860	
1449	9095	25186	
1320	9193	25006	
1378	9240	24968	
1374	9153	24924	
1345	9165	25058	
1358	9173	25158	
1350	9158	25086	
1306	9158	25140	
1352	9276	25003	
1362	9203	24980	
1410	9182	24991	
1373	9257	25228	
1357	9241	24934	
1371	9211	24890	
1374	9259	24928	
1357	9239	24955	
1320	9285	25056	
1353	9228	25120	
1288	9169	25059	
1330	9323	25005	
1375	9083	25134	
1348	9156	24989	
1411	9134	25024	
1409	9073	25135	
1391	9183	25043	
1356	9228	25070	
1332	9156	25032	
1323	9205	25042	
1395	9186	25090	
1325	9133	25130	
1367	9208	25044	
1323	9193	25076	
1339	9330	24997	
1362	9211	25029	
1287	9121	25132	
1307	9146	25130	
1361	9164	25106	
1383	9186	25032	
1370	9140	24982	
1424	9277	25036	
1397	9163	25037	
1352	9061	25102	
1394	9219	24975	
1367	9187	24939	
1299	9247	25012	
1422	9134	25134	
1370	9096	25266	
1324	9215	25087	
1360	9010	25247	
1318	9289	24891	
1347	9101	25097	
1442	9201	25028	
1427	9044	25136	
1347	9119	25150	
1424	9219	24983	
1327	9248	24894	
1401	9220	25006	
1319	9187	25040	
1446	9164	25101	
1300	9072	25065	
1353	9111	25154	
1280	9367	24986	
1323	9169	25141	
1348	9121	25231	
1387	9311	24959	
1357	9242	25075	
1370	9325	24972	
1387	9234	25083	
1306	9240	24983	
1317	9287	24871	
1359	9219	24989	
1437	9221	25078	
1334	9276	24982	
1405	9243	24886	
1369	9276	25023	
1440	9274	24930	
1343	9068	25090	
1327	9279	24925	
1322	9077	25079	
1371	9222	24950	
1310	9098	25126	
1373	9308	24967	
1348	9113	25064	
1400	9187	24987	
1418	9200	25015	
1360	9118	25212	
1373	9246	24987	
1351	9289	24998	
1398	9050	25081	
1493	9115	25085	
1317	9111	25120	
1418	9060	25062	
1390	9183	25130	
1254	9329	24896	
1338	9189	25153	
1351	9224	25138	
1358	9200	24885	
1288	9078	25171	
1382	9376	24819	
1392	9217	25011	
1410	9127	25107	
1345	9154	25069	
1360	9222	24981	
1381	9105	25104	
1318	9174	25105	
1414	9110	25206	
1333	9245	25036	
1331	9305	25044	
1394	9354	24839	
1339	9201	25047	
1360	9216	25075	
1315	9193	25009	
1276	9144	25206	
1416	9217	24986	
1420	9145	25152	
1407	9034	25181	
1382	9205	25014	
1384	9210	25085	
1299	9187	25115	
1365	9236	24940	
1372	9342	25045	
1370	9239	25055	
1369	9283	25005	
1370	9073	25165	
1302	9376	24945	
1326	9174	25004	
1341	9042	25216	
1364	9194	25041	
1404	9065	25106	
1394	9150	25014	
1332	9252	25068	
1349	9201	25171	
1340	9335	24895	
1418	9308	24953	
1370	9101	25165	
1344	9257	25011	
1351	9085	25073	
1364	9145	25121	
1407	9063	25173	
1409	9065	25089	
1343	9166	25145	
1304	9315	24966	
1351	9200	25061	
1344	9285	24933	
1361	9196	25002	
1336	9258	24983	
1340	9218	24981	
1344	9183	25078	
1470	9155	25046	
1305	9193	25017	
1404	9214	25083	
1280	9240	25062	
1343	9100	25031	
1433	9120	25121	
1344	9134	25102	
1320	9138	25091	
1324	9201	25084	
1385	9234	25000	
1349	9253	25064	
1312	9221	24938	
1353	9260	25060	
1378	9297	24925	
1341	9217	25081	
1302	9077	25154	
1325	9107	25101	
1340	9135	25179	
1326	9192	25049	
1434	9152	25002	
1362	9266	24923	
1331	9364	24890	
1395	9137	25110	
1330	9240	25044	
1383	9307	24887	
1423	9206	25041	
1400	9133	24992	
1280	9252	25131	
1375	9205	24983	
1401	9121	25094	
1346	9300	24978	
1353	9156	25024	
1369	9222	24962	
1301	9207	25031	
1423	9226	24987	
1330	9206	25107	
1325	9243	25056	
1402	9201	25085	
1406	9140	25036	
1322	9183	25154	
1328	9243	25100	
1403	9151	25050	
1337	9080	25223	
1326	9180	25124	
1375	9319	24875	
1384	9017	25176	
1385	9150	25103	
1353	9165	25022	
1374	9194	25000	
1310	9266	25006	
1356	9192	25109	
1345	9381	24982	
1349	9118	25131	
1350	9132	25123	
1389	9182	25042	
1374	9241	25067	
1409	9209	24987	
1352	9270	24870	
1312	9234	25055	
1321	9237	24989	
1324	9134	25179	
1385	9027	25229	
1312	9220	24997	
1340	9252	25003	
1492	9085	25108	
1389	9192	24963	
1301	9257	24901	
1365	9126	25054	
1393	9223	24988	
1310	9169	25014	
1421	9197	25021	
1305	9155	25154	
1353	9170	25039	
1375	9235	25027	
1368	9287	25036	
1323	9231	25007	
1429	9059	25066	
1411	9148	24980	
1356	9237	24948	
1373	9081	25046	
1391	9146	25069	
1385	9340	24845	
1376	9247	25032	
1324	9301	25113	
1366	9285	24923	
1395	9332	24957	
1321	9107	25198	
1297	9115	25133	
1313	9194	25134	
1383	9146	24995	
1357	9065	25173	
1344	9239	25056	
1338	9249	24970	
1383	9282	25043	
1338	9082	25188	
1402	9173	25131	
1322	9253	25111	
1324	9265	25024	
1387	9185	24991	
1441	9339	24839	
1285	9134	25270	
1267	9368	24845	
1397	9171	25069	
1379	9323	25007	
1393	9195	25070	
1320	9060	25274	
1280	9060	25194	
1386	9293	24966	
1366	9282	25071	
1357	9205	25013	
1330	9199	25060	
1401	9119	25177	
1367	9244	24988	
1325	9355	24810	
1316	9155	25118	
1304	9231	24959	
1325	9176	25119	
1321	9063	25204	
1348	9262	24928	
1338	9266	25072	
1410	9248	24886	
1301	9273	24998	
1282	9256	24998	
1381	9188	25160	
1420	9171	25066	
1352	9113	25000	
1364	9165	24935	
1312	9153	25087	
1359	9161	24973	
1314	9186	25073	
1340	9204	25086	
1313	9160	25199	
1354	9230	25022	
1391	9047	25284	
1327	9198	25043	
1424	9155	25092	
1337	9230	25015	
1350	9266	24978	
1374	9152	25117	
1366	9120	25149	
1323	9082	25198	
1313	9100	24989	
1426	9218	24904	
1317	9160	25023	
1382	9236	24981	
1297	9113	25216	
1366	9037	25143	
1299	9168	25122	
1340	9090	25119	
1337	9240	24922	
1236	9159	25021	
1357	9196	25045	
1392	9262	25003	
1350	9177	25083	
1405	9142	25088	
1399	9129	25120	
1352	9273	25003	
1350	9284	25019	
1413	9044	25173	
1330	9224	25003	
1398	9215	24892	
1359	9300	24994	
1316	9206	24968	
1344	9146	25089	
1343	9192	24974	
1356	9063	25192	
1359	9150	25078	
1339	9168	25037	
1328	9318	24992	
1415	9227	24949	
1353	9172	25092	
1313	9138	25096	
1284	9288	24998	
1358	9294	24947	
1414	9217	25015	
1437	9026	25292	
1314	9267	24917	
1241	9213	25122	
1333	9216	25089	
1329	9061	25209	
1357	9187	25057	
1394	9161	25063	
1373	9206	24961	
1425	9250	24985	
1393	9113	25095	
1396	9294	25105	
1341	9239	25000	
1362	9379	24876	
1390	9248	24900	
1310	9135	25082	
1328	9149	25082	
1348	9155	25040	
1342	9199	24988	
1319	9163	25095	
1304	9203	25049	
1342	9199	25077	
1318	9271	25090	
1374	9000	25120	
1262	9338	24867	
1293	9120	25263	
1399	9229	25078	
1322	9294	24996	
1394	9229	25003	
1362	9209	25091	
1430	9077	25134	
1356	9141	25133	
1334	9092	25052	
1385	9222	25043	
1271	9234	24954	
1345	9302	24917	
1348	9098	25136	
1384	9338	24908	
1282	9256	24977	
1362	9152	25167	
1326	9109	25176	
1349	9292	25019	
1436	9144	25131	
1328	9200	25063	
1375	9285	25088	
1303	9092	25068	
1411	9259	24877	
1391	9108	25078	
1385	9208	24931	
1330	9134	24981	
1372	9333	24900	
1368	9088	25039	
1414	9314	24940	
1402	9270	25013	
1337	9063	25115	
1390	9190	24986	
1339	9310	24936	
1298	9292	24860	
1345	9008	25237	
1310	9171	24946	
1405	9113	25022	
1330	9162	25100	
1343	9249	24926	
1426	9136	25024	
1280	9261	25062	
1345	9160	25075	
1289	9104	25084	
1348	9285	24935	
1402	9163	25117	
1335	9166	25049	
1405	9334	24969	
1334	9299	25077	
1312	9270	24948	
1246	9240	24996	
1351	8971	25293	
1319	9262	25029	
1348	9122	25107	
1310	9068	25123	
1377	9225	24998	
1429	9150	25078	
1390	9352	24887	
1446	9017	25161	
1393	9282	24924	
1415	9253	25039	
1370	9127	25068	
1374	9010	25213	
1378	9179	25059	
1356	9263	24988	
1394	9325	24924	
1404	9221	25037	
1324	9166	25131	
1337	9260	25049	
1371	9318	25004	
1397	9132	25122	
1348	9137	25243	
1374	9005	25168	
1412	9200	25045	
1353	9199	25093	
1392	9209	24944	
1378	9267	25079	
1366	9078	25034	
1316	9442	24887	
1392	9221	24973	
1389	9302	24867	
1383	9104	25170	
1360	9352	24876	
1365	9257	24961	
1372	9207	25031	
1366	9340	24884	
1306	9069	25148	
1421	9243	24933	
1396	9344	24860	
1342	9299	25006	
1413	9130	25127	
1377	9188	24971	
1385	9327	24858	
1404	9119	25140	
1361	9190	25106	
1294	9061	25225	
1406	9110	24950	
1345	9270	25051	
1424	9387	24876	
1296	8989	25317	
1399	9216	25070	
1342	9343	25008	
1344	9187	25066	
1327	9308	24885	
1408	9180	25074	
1442	9152	25029	
1320	9247	25005	
1349	9056	25121	
1366	9160	24974	
1380	9104	25084	
1331	9186	24974	
1373	9110	25129	
1353	9193	25078	
1355	9136	25125	
1317	9261	24900	
1321	9247	25044	
1351	9309	24809	
1389	9116	25068	
1406	9084	25185	
1345	9172	24965	
1366	9201	25061	
1334	9229	24967	
1320	9165	25187	
1301	9196	24885	
1377	9194	25008	
1363	9273	24983	
1321	9208	24941	
1257	9214	25142	
1331	9252	25126	
1361	9202	25050	
1329	9244	25025	
1334	9177	25022	
1380	9170	25179	
1428	9196	24966	
1318	9145	25088	
1331	9094	25159	
1334	9238	24999	
1308	9157	25165	
1342	9141	25016	
1313	9296	25088	
1386	9153	25050	
1348	9192	25038	
1332	9469	24741	
1310	9211	25042	
1431	9202	24956	
1358	9373	24890	
1415	9321	24900	
1348	9088	24971	
1303	9174	25091	
1369	9214	25030	
1450	9144	25146	
1383	9212	25000	
1420	9094	25199	
1342	9056	25148	
1320	9098	25048	
1430	9197	24975	
1341	9125	25088	
1405	9266	25091	
1316	9226	24953	
1326	9181	25057	
1320	9244	25018	
1327	9208	25021	
1356	9161	25070	
1321	9364	24967	
1357	9218	25025	
1287	9359	24872	
1312	9231	25090	
1364	9199	25170	
1299	9124	25077	
1318	9377	24874	
1352	9219	24972	
1351	9203	25008	
1363	9238	24981	
1358	9263	25062	
1410	9156	25134	
1306	9236	25130	
1322	9209	25081	
1358	9130	25125	
1341	9228	24968	
1398	9163	24983	
1351	9228	25088	
1368	9118	25175	
1308	9149	25028	
1321	9213	25020	
1387	9229	25039	
1320	9239	25086	
1361	9291	24916	
1391	9249	24875	
1393	9327	24835	
1343	9093	25061	
1331	9054	25122	
1324	9279	24945	
1354	9182	25108	
1330	9084	25128	
1302	9182	25121	
1422	9351	24972	
1337	9165	25007	
1428	9143	25066	
1385	9156	25065	
1323	9186	25077	
1372	9090	25119	
1357	9180	25097	
1362	9000	25292	
1412	9246	25146	
1254	9191	25226	
1317	9313	24991	
1323	9180	25106	
1389	9138	25024	
1376	9207	25066	
1330	9316	24941	
1309	9317	25025	
1366	9332	25028	
1362	9307	24971	
1384	9244	24960	
1396	9171	25020	
1373	9143	25120	
1357	9221	25019	
1320	9155	25052	
1330	9213	25006	
1384	9305	24885	
1369	9138	25164	
1389	9211	24909	
1300	9307	24960	
1364	9262	25079	
1341	9150	25068	
1332	9294	25005	
1347	9108	25209	
1375	9149	25071	
1330	9154	25160	
1373	9004	25175	
1353	9183	25136	
1280	9261	25041	
1426	9098	25077	
1376	9225	25084	
1399	9128	25137	
1389	9185	25093	
1309	9248	24995	
1288	9142	25069	
1386	9197	25004	
1340	9219	24948	
1379	9189	25153	
1393	9194	24892	
1333	9274	24889	
1261	9285	24940	
1387	9226	25063	
1399	9194	24965	
1402	9033	25122	
1386	9218	24982	
1322	9158	25122	
1362	9153	25080	
1355	9075	25050	
1324	9050	25089	
1338	9298	24960	
1394	9014	25316	
1376	9213	25022	
1399	9256	24963	
1346	9225	25124	
1348	9188	25088	
1381	9260	25040	
1306	9184	25121	
1284	9274	24953	
1402	9211	25000	
1284	9355	24889	
1403	9286	24891	
1371	9094	25011	
1418	9267	24932	
1367	9298	24922	
1367	9106	25055	
1314	9071	25071	
1370	9268	24940	
1380	9242	24961	
1396	9191	25075	
1354	9185	25125	
1337	9269	24957	
1341	9210	24927	
1394	9341	24947	
1360	9076	25035	
1368	9038	25168	
1413	9182	25023	
1359	9198	25116	
1355	9212	25090	
1385	9226	24947	
1375	9098	25142	
1408	9214	24938	
1321	9121	25178	
1327	9234	25026	
1362	9201	25091	
1343	9239	24990	
1318	9231	24943	
1341	9119	25080	
1305	9138	25060	
1333	9254	25033	
1338	9151	25040	
1374	9283	24970	
1332	9163	25104	
1301	9247	25030	
1306	9204	24934	
1322	9217	25158	
1399	8984	25129	
1467	9051	25139	
1413	9351	24975	
1351	9065	25112	
1349	9366	24965	
1406	9178	25101	
1343	9232	24964	
1324	9188	25104	
1282	9155	25156	
1337	9271	25080	
1355	9037	25198	
1380	9238	24997	
1393	9235	25000	
1393	9101	25162	
1352	9150	25054	
1373	9166	24982	
1341	9265	25038	
1382	9290	24917	
1341	9191	25075	
1407	9188	25037	
1389	9121	25102	
1428	9049	25106	
1358	9275	25065	
1323	9232	25127	
1401	9166	25052	
1384	9265	24956	
1352	9175	25069	
1419	9047	25128	
1348	9129	25186	
1372	9056	25100	
1333	9125	25130	
1363	9193	25039	
1353	9202	25130	
1416	9365	24724	
1341	9165	25035	
1337	9182	25055	
1371	9087	25095	
1416	9175	25124	
1367	9105	25073	
1318	8982	25291	
1364	9098	25129	
1414	9277	24985	
1297	9320	24942	
1360	9212	25048	
1364	9244	25027	
1364	9199	25079	
1389	9243	24997	
1323	9164	25106	
1390	9333	24935	
1326	9110	25021	
1300	9147	25056	
1369	9147	25068	
1334	9119	25038	
1330	9105	25123	
1340	9256	24994	
1346	9182	25122	
1337	9217	24996	
1259	9252	25123	
1460	9116	25097	
1461	9314	24957	
1366	9316	24856	
1327	9127	25169	
1375	9152	25140	
1308	9109	25117	
1393	9220	25036	
1384	9168	25156	
1279	9271	25060	
1348	9353	24948	
1311	9297	24987	
1383	9211	25098	
1454	9075	25049	
1339	9231	25094	
1312	9009	25229	
1320	9090	25137	
1402	8999	25271	
1337	9187	25158	
1351	9283	24828	
1365	9130	25156	
1358	9156	25079	
1256	9348	24857	
1342	9297	25116	
1304	9049	25127	
1266	9149	25096	
1298	9221	25085	
1399	8983	25174	
1366	9216	24862	
1368	9255	24917	
1319	9175	24991	
1400	9288	24948	
1383	9086	25188	
1232	9273	24944	
1348	9192	25210	
1285	9192	25252	
1357	9166	25120	
1345	9163	25098	
1338	9256	25065	
1355	9171	25006	
1429	9115	25052	
1392	9165	25205	
1388	9223	24940	
1353	9208	25031	
1416	9082	25070	
1368	9191	25118	
1329	9135	25167	
1374	9091	25239	
1391	9109	25046	
1359	9157	25049	
1357	9260	25091	
1346	9162	25094	
1344	9020	25141	
1280	9237	25213	
1298	9211	25130	
1305	9262	25060	
1357	9281	24904	
1322	9320	24921	
1313	9228	24976	
1333	9180	25118	
1422	9299	24959	
1292	8994	25355	
1312	9035	25229	
1312	9145	25110	
1393	9158	25111	
1310	9234	25091	
1372	9300	24927	
1341	9249	24970	
1422	9380	24907	
1379	9114	25197	
1368	9266	24946	
1293	9356	25067	
1335	9118	24993	
1375	9119	25046	
1274	9318	24993	
1332	9180	25080	
1264	9176	25030	
1313	8969	25211	
1353	9243	25076	
1333	9293	24948	
1343	9212	25128	
1353	9192	25072	
1407	9232	24893	
1274	9230	24950	
1252	9252	25114	
1330	9289	25016	
1319	9229	25036	
1364	9203	25013	
1329	9241	25075	
1347	9088	25105	
1406	9126	25155	
1325	9374	24982	
1361	9111	25205	
1326	9266	24928	
1330	9250	25092	
1344	9098	25156	
1342	9183	25044	
1320	9199	25056	
1336	9140	25100	
1377	9135	25079	
1338	9160	25090	
1427	9173	24917	
1383	9188	25075	
1338	9178	25080	
1387	9209	24950	
1444	9041	25133	
1383	9182	24977	
1385	9277	25116	
1366	9344	24812	
1394	9163	25059	
1351	9209	25030	
1361	9054	25233	
1457	9068	25090	
1315	9313	24933	
1406	9287	24869	
1404	9080	25098	
1355	9200	25048	
1321	9290	24994	
1377	9141	25180	
1301	9044	25116	
1353	9167	25180	
1363	9208	24999	
1337	9177	25009	
1351	9292	25003	
1428	9230	24941	
1341	9184	25120	
1362	9184	25077	
1310	9156	25157	
1353	9220	25095	
1344	9134	25049	
1349	9302	24998	
1317	9369	24887	
1318	9286	25000	
1312	9209	25030	
1417	9122	25094	
1377	9083	25117	
1318	9156	25163	
1407	9199	24913	
1283	9086	25266	
1308	9252	25015	
1243	9332	25103	
1264	9116	25116	
1381	9142	25087	
1386	9098	25085	
1324	9279	24885	
1370	9150	24977	
1304	9114	25086	
1324	9142	25106	
1381	9152	25141	
1335	9290	24899	
1322	9319	25067	
1351	9295	24897	
1364	9230	25013	
1369	9152	25022	
1404	9037	25261	
1252	9095	25215	
1407	9155	24979	
1258	9171	25107	
1356	9127	25082	
1357	9080	25124	
1399	9171	25114	
1338	9253	24904	
1381	9280	24969	
1374	9196	25046	
1372	9124	25045	
1311	9155	25076	
1316	9298	25027	
1326	9248	25010	
1297	9180	25038	
1414	9163	25113	
1385	9209	24954	
1368	9207	24862	
1318	9161	25033	
1302	9297	25038	
1332	9337	24856	
1389	9294	24946	
1308	9123	25172	
1325	9125	25133	
1322	9066	25119	
1430	9269	24963	
1256	9162	25013	
1336	9338	24902	
1378	9226	25001	
1290	9348	24924	
1341	9301	25013	
1356	9079	25136	
1263	9227	25044	
1343	9000	25136	
1454	9121	25149	
1372	9064	25126	
1334	9154	25136	
1362	9126	25198	
1304	9207	25014	
1397	9157	24987	
1373	9221	25124	
1357	9119	25088	
1301	9170	25042	
1329	9164	25059	
1311	9074	25090	
1379	9312	24894	
1313	9197	25117	
1310	9051	25302	
1373	9250	25065	
1381	9254	25052	
1385	9366	24768	
1382	9255	24852	
1301	9214	25075	
1299	9298	24984	
1359	9272	25053	
1376	9172	25112	
1366	9116	25046	
1409	9285	25033	
1384	9221	25068	
1284	9253	25045	
1359	9221	25007	
1282	9141	25072	
1297	9199	25121	
1349	9202	24998	
1311	9189	25029	
1319	9149	25063	
1393	9160	24950	
1333	9111	25095	
1238	9152	25042	
1379	9135	25125	
1319	9201	25195	
1352	9311	24895	
1400	9245	25007	
1275	9110	25051	
1374	9268	24944	
1349	9024	25188	
1298	9272	24996	
1328	9137	25117	
1330	9198	25162	
1359	9170	24853	
1377	9308	24918	
1336	9153	24997	
1320	9269	25002	
1334	9240	25087	
1284	9061	25147	
1428	9272	25053	
1314	9301	24943	
1301	9230	25028	
1349	9135	25069	
1405	9151	24997	
1311	9133	25179	
1357	9070	25210	
1310	9084	25231	
1379	9122	25159	
1370	9277	24960	
1445	9233	25013	
1363	9369	24963	
1368	9254	25079	
1408	9213	25034	
1432	9332	24989	
1349	9153	25119	
1430	9217	25042	
1411	9182	25018	
1420	9200	24998	
1369	9244	25003	
1348	9173	25152	
1332	9091	25069	
1287	9313	25134	
1392	9161	25057	
1338	9077	25244	
1397	9281	24943	
1341	9177	25097	
1359	9428	24923	
1335	9165	25157	
1401	9182	24990	
1397	9130	25112	
1299	9216	25019	
1374	9222	25010	
1323	9296	24977	
1417	9192	25043	
1225	9285	24997	
1431	9089	25013	
1362	9162	24949	
1324	9115	25200	
1371	9154	25067	
1376	9136	25171	
1341	9114	25135	
1421	9156	25025	
1391	9257	24993	
1359	9100	25045	
1327	8886	25345	
1369	9192	24958	
1300	9187	24995	
1345	9168	25159	
1311	9062	25221	
1429	9106	24983	
1410	9186	25018	
1347	9173	24971	
1300	9312	24988	
1328	9232	24993	
1357	9266	25042	
1404	9181	24959	
1348	9280	24991	
1342	9182	25000	
1446	9195	25003	
1328	9168	25015	
1363	9160	25104	
1349	9134	25211	
1343	9293	24938	
1419	9085	25049	
1409	9079	25212	
1374	9098	25082	
1331	9223	24937	
1267	9183	25162	
1292	9108	25139	
1320	9143	25055	
1368	9147	25058	
1319	9134	25092	
1353	9302	24930	
1358	9211	25046	
1289	9300	24999	
1353	9296	25012	
1388	9183	25018	
1343	9240	25060	
1386	9178	25136	
1256	9200	24989	
1312	9035	25209	
1349	9247	25077	
1369	9256	25035	
1367	9285	25012	
1373	9156	25117	
1388	9177	24991	
1365	9302	24970	
1336	9223	24995	
1372	9250	24998	
1357	9102	25077	
1319	9147	25208	
1428	9142	25046	
1386	9310	24962	
1377	9184	25130	
1316	9281	24950	
1366	9232	25025	
1326	9271	24914	
1300	9268	24928	
1359	9205	25055	
1370	9178	24920	
1337	9204	25078	
1365	9296	24972	
1372	9217	25084	
1389	9059	25225	
1332	9354	24883	
1396	9107	25113	
1331	9179	25113	
1254	9222	25027	
1316	9215	24994	
1317	9230	25026	
1390	9229	24949	
1310	9184	25118	
1307	9253	25047	
1376	9065	25108	
1374	9209	25001	
1349	9269	24987	
1349	9199	24951	
1313	9133	25113	
1357	9132	25069	
1339	9171	25025	
1302	9227	25058	
1371	9265	25049	
1441	9140	25047	
1324	9148	25200	
1424	9216	25001	
1376	9269	24907	
1361	9222	24907	
1325	9131	25251	
1324	9220	25020	
1276	9182	25107	
1336	9177	25084	
1339	9046	25195	
1383	9223	24960	
1322	9104	25209	
1329	9338	25011	
1401	9277	24996	
1321	9344	24980	
1354	9121	24972	
1381	9146	25075	
1397	9284	25010	
1368	9283	24966	
1317	9192	25065	
1392	9234	24996	
1325	9320	24940	
1419	9297	25019	
1385	9205	25011	
1410	9180	25035	
1407	9050	25213	
1303	9264	25070	
1307	9103	25196	
1357	9166	24940	
1426	9234	24917	
1355	9192	24932	
1354	9186	24965	
1428	9452	24876	
1359	9278	24893	
1383	9097	25206	
1330	9452	24855	
1416	8986	25235	
1369	9126	24966	
1305	9199	25137	
1420	9231	25039	
1408	9066	25094	
1329	9252	24931	
1317	9133	25046	
1355	9114	25146	
1356	9179	25039	
1280	9244	25064	
1457	9041	25199	
1434	9316	24943	
1340	9064	25160	
1326	9155	25127	
1381	9047	25109	
1341	9274	24993	
1418	9036	25101	
1358	9151	25169	
1350	9057	25143	
1416	9063	25150	
1349	9153	25164	
1405	9142	24953	
1350	9131	25066	
1322	9276	24965	
1457	9259	24941	
1415	9241	24965	
1394	9250	24982	
1299	9215	25015	
1371	9136	25068	
1298	9079	25196	
1396	9110	25180	
1393	9244	24940	
1309	9138	25238	
1320	9156	25097	
1270	9274	24920	
1343	9075	25125	
1244	9058	25235	
1375	9126	25015	
1407	9054	25229	
1359	9235	24983	
1408	9024	25158	
1362	9336	24962	
1383	9055	25208	
1338	9089	25248	
1421	9240	25008	
1332	9177	25189	
1337	9091	25197	
1323	9124	25191	
1370	9228	25022	
1302	9274	25034	
1286	9243	25093	
1495	9160	25142	
1435	9251	25009	
1384	9267	24903	
1360	9212	25038	
1361	9184	25116	
1313	9447	24741	
1334	9204	24985	
1291	9190	25066	
1372	9148	25174	
1407	9238	25054	
1376	9097	25244	
1405	9107	24969	
1395	8983	25191	
1361	9292	24940	
1365	9245	24991	
1403	9161	25107	
1352	9159	25092	
1349	9127	25052	
1357	9063	25203	
1277	9071	25172	
1344	9299	24990	
1382	9069	25207	
1339	9159	25087	
1301	9056	25186	
1438	9279	25015	
1310	9093	25207	
1347	9200	25124	
1306	9167	25094	
1345	9093	25119	
1368	9218	25000	
1360	8997	25289	
1385	9208	25091	
1382	9242	24953	
1333	9252	25055	
1305	9284	25003	
1337	9228	25061	
1334	9221	25161	
1347	9202	25055	
1362	9098	25000	
1307	9157	25066	
1336	9160	25133	
1373	9250	24939	
1377	9164	24888	
1306	9218	25014	
1387	9005	25172	
1347	9245	25055	
1330	9179	24966	
1362	9310	24947	
1372	9163	25090	
1370	9356	25013	
1384	9140	24971	
1327	9368	24852	
1350	8976	25260	
1334	9078	25127	
1347	9228	25113	
1321	9199	25016	
1362	9292	25026	
1366	9367	25055	
1302	9225	24970	
1367	9009	25230	
1348	9348	24830	
1334	9163	25003	
1303	9242	24983	
1328	9266	24988	
1332	9284	25029	
1355	9139	25103	
1400	8985	25087	
1328	9029	25124	
1289	9182	25150	
1368	9243	24856	
1321	9159	25076	
1264	9332	24940	
1296	9229	25067	
1339	9230	24986	
1371	9066	25125	
1301	9118	25225	
1356	9171	25064	
1357	9358	24893	
1303	9362	24994	
1368	9200	24996	
1382	9053	25186	
1354	9167	25006	
1376	9108	25037	
1329	9275	25016	
1374	9143	25009	
1381	9161	25083	
1354	9174	25103	
1335	9295	24935	
1413	9173	25040	
1309	9161	25048	
1373	9270	24988	
1406	9343	24885	
1313	9159	25086	
1339	9229	25073	
1366	9114	25147	
1360	9253	24947	
1384	9177	25144	
1376	9203	25073	
1327	9162	25200	
1347	9042	25160	
1290	9259	25107	
1290	9149	25249	
1394	9295	24911	
1392	9303	24900	
1394	9160	24992	
1360	9293	24947	
1390	9273	24957	
1393	9161	24921	
1337	9146	25174	
1383	9221	24965	
1376	9082	25243	
1352	9279	25054	
1393	9219	25112	
1379	9096	25121	
1382	9195	25035	
1361	9071	25127	
1445	9072	25101	
1414	9167	25182	
1358	9150	25159	
1393	9000	25249	
1390	9126	25228	
1446	8999	25161	
1407	9244	25102	
1336	9276	24954	
1446	9121	25154	
1253	9021	25235	
1460	9066	25105	
1394	9183	25012	
1337	9359	24866	
1416	9340	24846	
1304	9174	24985	
1360	9095	25057	
1327	9275	24935	
1297	9127	25127	
1416	9202	24961	
1339	9271	25012	
1381	9155	25032	
1386	9109	25034	
1381	9312	24852	
1352	9169	25037	
1355	9334	24898	
1445	9191	24920	
1399	9275	24972	
1342	9287	25000	
1398	9201	25010	
1343	9117	25114	
1387	9121	25141	
1377	9228	24983	
1368	9175	25087	
1291	9139	25070	
1382	9237	24915	
1302	9137	25142	
1416	9151	25092	
1393	9209	24934	
1329	9300	25032	
1448	9111	25078	
1352	9261	25020	
1370	9301	24934	
1277	9161	25035	
1288	9364	24879	
1370	9235	25054	
1228	9137	25142	
1371	9348	24912	
1342	9465	24887	
1336	9388	24848	
1505	9152	25254	
1276	9353	24968	
1365	9076	25144	
1329	9272	25008	
1278	9366	24900	
1327	9346	24875	
1337	9205	24979	
1413	9236	24880	
1347	9157	25059	
1350	9309	24841	
1333	9186	25079	
1289	9335	24986	
1347	9165	24981	
1337	9277	24956	
1288	9165	25042	
1416	9143	25021	
1348	9234	24857	
1330	9108	25035	
1364	9140	25062	
1388	9237	25032	
1382	9272	24990	
1305	9127	25152	
1318	9218	25114	
1340	9109	25186	
1372	8986	25213	
1383	9065	25210	
1400	9099	25101	
1361	9247	24936	
1342	9231	25015	
1416	9173	25054	
1343	9168	25115	
1343	9154	25085	
1387	9257	24939	
1439	9145	25051	
1387	9155	25068	
1352	9106	25120	
1375	9183	25007	
1375	9091	25147	
1334	9195	25009	
1386	9240	25033	
1362	9030	25332	
1340	9155	25115	
1373	8989	25155	
1350	9110	25211	
1351	9254	24935	
1302	9074	25144	
1260	9127	25085	
1379	9321	24986	
1364	9134	25121	
1343	9096	25143	
1361	9139	25054	
1453	9168	24971	
1358	9239	24927	
1431	9143	25054	
1354	9235	24997	
1390	9120	25046	
1360	9238	25003	
1355	9164	24985	
1382	9187	25017	
1321	9221	24965	
1336	9398	24906	
1380	9243	25020	
1411	9205	24936	
1357	9259	24946	
1331	9212	24909	
1302	9196	25061	
1388	9140	25067	
1330	9259	24835	
1301	9122	25108	
1347	9155	25118	
1383	9272	24989	
1461	9262	24865	
1372	9112	25099	
1359	9231	25000	
1274	9186	25182	
1287	9063	25214	
1420	9232	25001	
1398	9164	25081	
1387	9163	25120	
1321	9084	25217	
1390	9187	24998	
1414	9125	25066	
1336	9174	25068	
1410	9170	25033	
1306	9127	25039	
1410	9257	25019	
1383	9140	25042	
1401	9190	25049	
1424	9262	24966	
1332	9303	24943	
1296	9314	24942	
1278	9148	25073	
1330	9194	25157	
1335	9101	25161	
1323	9009	25226	
1348	9124	24961	
1311	9255	24972	
1310	9306	24908	
1390	9189	25044	
1370	9195	25051	
1366	9247	25025	
1423	9276	24904	
1443	9091	25041	
1317	9291	24957	
1291	9106	25056	
1395	9359	24732	
1328	9222	25050	
1367	9235	24985	
1315	8968	25203	
1359	9234	24981	
1412	9187	25070	
1388	9144	25155	
1432	9132	25039	
1330	9210	24958	
1307	9114	25156	
1394	9161	24955	
1398	9165	25077	
1364	9109	25079	
1342	9162	24962	
1342	9099	25190	
1396	9274	24974	
1340	9255	25013	
1362	9180	25043	
1351	9316	24900	
1399	9156	25144	
1326	9161	25014	
1331	9364	24890	
1343	9105	25081	
1362	9131	25097	
1445	9159	25101	
1347	9230	25009	
1411	9268	25048	
1273	9286	25069	
1299	9232	25128	
1395	9336	24997	
1396	9215	24955	
1277	9020	25302	
1369	9357	24999	
1377	9184	24972	
1338	9229	24938	
1435	9116	25083	
1312	9236	24948	
1325	9172	25080	
1348	9307	24839	
1320	9081	25199	
1313	9134	25092	
1261	9233	25083	
1419	9103	25058	
1384	9191	25029	
1397	9115	25147	
1314	9195	25159	
1306	9137	25109	
1374	9180	24966	
1385	9294	24849	
1476	9271	24885	
1319	9184	25122	
1345	9380	24746	
1368	9192	24936	
1345	9275	24824	
1290	9195	25140	
1364	9221	25068	
1381	9255	25086	
1355	9086	25072	
1387	9412	25005	
1293	9174	25060	
1384	9224	25109	
1338	9090	25266	
1381	9102	25180	
1344	9155	25072	
1341	9243	24991	
1356	9119	25192	
1324	9117	25132	
1324	9305	24987	
1324	9130	25159	
1422	9195	24879	
1348	9255	24992	
1368	9112	25053	
1364	9198	25146	
1326	9069	25107	
1289	9161	25102	
1323	9116	25070	
1295	9267	25116	
1466	9244	25004	
1365	9300	24957	
1378	9233	25054	
1386	9204	24959	
1348	9272	24933	
1363	9288	24934	
1383	8975	25112	
1375	9240	24938	
1380	9292	24857	
1333	9069	25244	
1394	9168	24933	
1361	9202	24996	
1405	9126	25109	
1352	9350	24869	
1321	9275	24953	
1366	9249	24910	
1451	9062	25104	
1279	9101	25322	
1407	9306	25059	
1291	9250	25043	
1353	9206	25033	
1377	9118	25076	
1307	9152	25044	
1370	9091	25084	
1338	9181	25066	
1297	9255	25022	
1253	9265	25017	
1305	9177	25017	
1425	9207	25074	
1392	9239	25032	
1382	9278	24898	
1404	9124	25119	
1315	9409	24923	
1340	9288	24995	
1372	9026	25277	
1305	9333	24952	
1253	9163	25247	
1368	9139	25122	
1406	9197	24978	
1417	9312	24876	
1284	9249	24963	
1303	9284	24930	
1340	9347	24895	
1324	9252	25050	
1316	9250	25117	
1369	9095	25052	
1313	9264	24940	
1450	9104	25147	
1341	9279	24875	
1367	9124	25034	
1342	9172	25058	
1319	9251	24943	
1319	9233	25089	
1245	9361	24933	
1368	9281	24920	
1341	9127	25063	
1377	9180	24931	
1360	9168	24957	
1318	9236	24990	
1371	9166	25067	
1414	9138	25160	
1303	9297	24862	
1333	9277	24954	
1354	9210	25071	
1374	9191	24980	
1339	9273	24972	
1359	9221	25136	
1341	9307	25002	
1374	9092	25074	
1374	9233	25037	
1421	9254	25127	
1365	9222	25080	
1373	9213	25057	
1364	9143	24984	
1336	9109	25100	
1369	9201	25062	
1325	9036	25144	
1389	9069	24987	
1389	9024	25192	
1342	9224	25090	
1344	9199	25002	
1334	9247	24928	
1345	9033	25222	
1288	9186	25082	
1341	9296	24905	
1318	9149	25103	
1357	9241	24900	
1346	9325	24935	
1357	9189	24944	
1344	9269	24935	
1357	9201	25093	
1247	9141	25196	
1359	9156	24970	
1402	9212	24973	
1444	9187	25058	
1369	9291	24922	
1318	9196	25037	
1319	9086	25162	
1371	9252	24945	
1351	9198	25093	
1347	9160	25105	
1339	9350	24902	
1370	9270	24990	
1360	9039	25207	
1390	9145	25076	
1403	9096	25099	
1327	9093	25245	
1408	9172	25066	
1368	9289	24970	
1354	9138	25023	
1371	9281	24950	
1407	9230	25033	
1257	9289	25007	
1285	9269	25095	
1368	9118	24992	
1375	9245	24967	
1382	9265	24908	
1385	9151	25071	
1368	9154	25018	
1438	9220	24848	
1384	9318	25046	
1396	9170	25089	
1357	9287	24964	
1410	9075	25132	
1360	9065	25167	
1391	9332	24963	
1364	9221	25022	
1319	9117	25103	
1335	9071	25081	
1292	9278	25092	
1332	9418	24777	
1425	9280	24966	
1343	9195	25058	
1360	9188	24896	
1346	9214	25102	
1260	9365	24943	
1359	9165	25153	
1369	9132	25132	
1300	9077	25202	
1336	9198	25139	
1373	9355	25013	
1404	9043	25243	
1280	9025	25113	
1286	9101	25115	
1316	9143	25190	
1366	9119	25159	
1387	9166	25076	
1318	9278	25085	
1287	9212	25086	
1301	9334	24850	
1292	9310	24981	
1404	9168	25032	
1279	9218	25073	
1357	9168	25131	
1395	9201	24982	
1411	9252	24927	
1391	9207	25053	
1331	9269	24971	
1360	9279	24964	
1344	9289	24923	
1387	9183	24967	
1374	9096	25084	
1414	9239	24955	
1316	9083	25123	
1359	9148	25103	
1354	9230	24963	
1345	9137	25024	
1402	9219	24964	
1387	9286	24818	
1386	9219	24848	
1292	9134	25178	
1333	9140	25075	
1354	9272	24958	
1280	9255	25052	
1364	9165	25158	
1343	9332	24868	
1378	9231	25070	
1443	9275	24905	
1375	9266	24946	
1340	9258	25087	
1359	9186	25141	
1395	9169	24953	
1414	9274	24959	
1386	9223	25048	
1293	9177	25033	
1462	9162	25024	
1409	9413	24904	
1296	9089	25184	
1397	9257	25019	
1427	9096	25120	
1407	9208	24975	
1339	9060	25110	
1375	9114	25177	
1379	9401	24947	
1441	9111	24991	
1360	9291	24993	
1397	9184	25031	
1371	9131	25044	
1278	9327	25070	
1414	9259	24966	
1316	9142	25052	
1357	9091	25217	
1390	9262	25082	
1351	9263	24994	
1387	9263	25054	
1362	9175	25057	
1434	9051	25156	
1381	9115	25070	
1304	9168	25100	
1404	9050	25001	
1415	9174	24968	
1316	9129	25089	
1457	9228	24918	
1328	9144	25064	
1417	9217	24948	
1327	9151	24996	
1342	9192	25144	
1373	9090	25171	
1374	9163	25030	
1358	9113	25158	
1320	9262	24949	
1379	9061	25220	
1438	9130	25059	
1414	9196	25147	
1394	9151	25215	
1351	9178	25080	
1388	9176	24979	
1403	9198	24950	
1454	9219	24954	
1373	9297	24987	
1368	9124	25234	
1272	9235	25010	
1420	9216	24908	
1350	9340	24881	
1387	9316	25048	
1400	9172	25074	
1313	9310	24988	
1406	9216	25056	
1399	9190	25047	
1337	9228	25034	
1406	9146	25132	
1347	9121	25092	
1342	8979	25144	
1411	9224	24917	
1410	9216	25022	
1259	9310	24909	
1336	9143	25035	
1343	9146	25042	
1364	9273	24998	
1280	9201	25078	
1373	9308	25016	
1336	9161	25082	
1340	8941	25316	
1416	9126	24992	
1358	9140	25057	
1357	9258	25029	
1412	9308	24813	
1475	9259	24994	
1325	9201	25138	
1343	9163	25125	
1449	9466	24805	
1318	9123	25167	
1366	9167	25105	
1295	9226	25228	
1307	9261	25098	
1388	9143	25031	
1336	9222	24989	
1296	9090	25129	
1387	9141	25032	
1363	9296	25007	
1282	9207	25154	
1438	9107	25221	
1390	9207	24986	
1333	9066	25249	
1288	9259	25041	
1331	9357	24968	
1386	9011	25116	
1383	9221	24995	
1337	9152	24991	
1364	9288	25017	
1399	9285	25043	
1390	9142	25048	
1399	9045	25075	
1421	9092	25049	
1340	9218	25015	
1352	9288	25053	
1331	9175	25056	
1417	9238	24953	
1378	9370	24888	
1367	9111	25026	
1394	9301	25048	
1325	9237	25107	
1382	9179	25020	
1361	9325	25060	
1390	9141	25009	
1343	9156	25115	
1432	9099	25075	
1409	9305	24901	
1379	9257	25001	
1271	9240	25076	
1294	9222	25045	
1413	9321	24862	
1409	9237	25067	
1379	9277	25005	
1362	9211	25163	
1378	9217	24977	
1311	9198	25109	
1289	9138	25139	
1281	9234	25082	
1392	9276	24985	
1434	9126	25005	
1440	9178	25045	
1317	9233	25028	
1318	9177	25147	
1398	9103	25059	
1409	9180	24965	
1407	9088	25088	
1422	9169	25050	
1350	9291	25087	
1323	9260	24961	
1375	9218	25089	
1330	9211	25061	
1353	9191	25146	
1360	9158	25090	
1276	9151	25132	
1333	9281	24963	
1380	9308	25018	
1332	9153	25046	
1366	9210	24980	
1306	9205	25022	
1329	9250	24988	
1304	9197	25147	
1323	9181	25069	
1400	9195	25013	
1352	9034	25292	
1321	9200	25101	
1240	9229	25060	
1269	9159	25195	
1395	9506	24771	
1313	9178	25002	
1362	9119	25103	
1334	9308	24984	
1385	9161	25127	
1366	9228	25092	
1426	9133	25083	
1390	9105	25157	
1318	9149	25132	
1386	9141	25039	
1396	9194	24975	
1311	9183	25155	
1325	9274	25045	
1346	9167	24998	
1381	9138	25105	
1432	9208	25036	
1329	9207	25012	
1311	9236	25020	
1311	9254	24956	
1406	9130	25167	
1360	9051	25215	
1372	9314	24843	
1386	9312	25073	
1373	9127	25137	
1340	9079	24939	
1424	9206	25042	
1337	9194	25083	
1328	9198	25114	
1365	9153	25043	
1376	9361	24975	
1358	9304	24952	
1330	9240	25000	
1340	9190	25090	
1343	9166	25140	
1349	9088	25223	
1446	9290	25020	
1293	9344	24898	
1357	9261	24932	
1427	9050	25187	
1372	9209	24982	
1375	9311	24867	
1448	9155	25075	
1347	9160	25144	
1334	9213	25079	
1341	9061	25141	
1364	9246	24997	
1273	9167	25057	
1413	9033	25095	
1411	9205	25122	
1373	9205	25094	
1350	9167	24987	
1313	9388	24861	
1270	9253	25093	
1300	9016	25228	
1409	9190	25025	
1426	9124	25054	
1359	9085	25098	
1393	9348	24805	
1413	9237	25074	
1367	9170	25011	
1407	9144	24991	
1360	9131	25053	
1406	9185	25121	
1334	9207	25104	
1278	9187	25130	
1339	9106	25036	
1364	9231	24954	
1341	9268	24928	
1330	9365	25055	
1403	9066	25102	
1404	9155	25006	
1401	9201	25008	
1311	9035	25184	
1390	9052	25106	
1419	9204	24909	
1333	9309	24847	
1303	9196	25034	
1331	9254	25020	
1393	9151	25069	
1341	9188	25020	
1322	9281	24909	
1285	9180	25075	
1306	9233	25086	
1443	9069	25027	
1335	9124	25204	
1343	9305	24949	
1431	9285	24851	
1356	9165	25069	
1333	9138	25109	
1356	9221	24984	
1451	9208	25014	
1348	9165	25057	
1357	9211	24990	
1358	9201	25047	
1382	9273	24920	
1400	9076	25195	
1329	9317	24951	
