1341	9279	25084	
1364	9174	25090	
1341	9297	25023	
1359	9184	24963	
1384	9125	25044	
1344	9018	25114	
1336	9189	24957	
1337	9308	25142	
1381	9143	24983	
1387	9326	24927	
1383	9217	24950	
1426	9181	24974	
1348	9223	25039	
1323	9141	25080	
1436	9199	25045	
1327	9219	25003	
1306	9225	24889	
1356	9214	25008	
1343	9223	25059	
1346	9155	25080	
1342	9248	25101	
1349	9264	25038	
1346	9210	25131	
1394	9275	24909	
1385	9071	25076	
1376	9261	24989	
1372	9026	25124	
1292	9272	24864	
1356	9142	25136	
1269	9133	25117	
1274	9248	25012	
1316	9301	24873	
1322	9036	25166	
1378	9237	25018	
1352	9219	25027	
1356	9114	25169	
1366	9117	25042	
1368	9179	25080	
1314	9127	25221	
1406	9276	25046	
1369	9138	25183	
1317	9230	25031	
1377	9088	25073	
1358	9233	24866	
1346	9183	25046	
1331	9208	24992	
1390	9228	25004	
1333	9227	24941	
1249	9245	25054	
1520	9218	24995	
1362	9166	25074	
1353	9156	24992	
1316	9127	25153	
1427	9145	24933	
1385	9235	25018	
1368	9091	25237	
1339	9132	25055	
1368	9192	25045	
1366	9025	25216	
1345	9246	24972	
1280	9349	24851	
1333	9237	24919	
1340	9261	25048	
1326	9231	25063	
1418	9255	24982	
1360	9273	25049	
1341	9188	25036	
1339	9192	25128	
1333	9184	24997	
1379	9188	25015	
1339	9002	25243	
1431	9241	24984	
1307	9228	24977	
1389	9235	24995	
1351	9161	25034	
1429	9225	24941	
1317	9201	25179	
1389	9140	24997	
1349	9228	25027	
1399	9378	24911	
1377	9267	24934	
1385	9263	24842	
1360	9131	25153	
1383	9242	24895	
1383	9159	25218	
1389	9180	25151	
1314	9038	25118	
1366	9230	24992	
1377	9012	25240	
1340	9311	25109	
1369	9196	25041	
1280	9210	25074	
1362	9174	24918	
1335	9050	25122	
1275	9126	25158	
1371	9211	25166	
1281	9229	25110	
1318	9077	25099	
1348	9097	25060	
1395	9255	25011	
1314	9196	25106	
1420	9169	25075	
1331	9115	25204	
1353	9134	25084	
1370	9101	25141	
1343	9145	25123	
1362	9299	24996	
1346	9257	25155	
1288	9416	24835	
1355	9291	24981	
1386	9257	24908	
1288	9076	25208	
1313	9061	25151	
1400	9172	25009	
1338	9235	25052	
1359	9303	24956	
1418	9231	24985	
1385	9123	25043	
1355	9125	25054	
1401	9235	24938	
1349	9136	25098	
1319	9106	25074	
1280	9263	25003	
1401	9109	25028	
1435	9306	25018	
1336	9306	24907	
1363	9156	25127	
1328	9129	25034	
1422	9218	25010	
1367	9238	25006	
1403	9160	25129	
1357	9175	24977	
1324	9146	25090	
1373	9287	25043	
1380	8998	25214	
1385	9328	24990	
1294	9281	25010	
1463	9147	25056	
1425	9231	25002	
1344	9293	24957	
1360	9166	25056	
1366	9189	25091	
1375	9260	25033	
1369	9258	25002	
1354	9184	25110	
1260	9213	25123	
1376	9257	24968	
1359	9069	25149	
1307	9334	25105	
1358	9221	25007	
1314	9105	25104	
1360	9089	25153	
1434	9312	24946	
1368	9128	25123	
1339	9305	24988	
1379	9303	24873	
1397	9075	25228	
1363	9204	24868	
1347	9082	25172	
1361	9239	25088	
1340	9072	25118	
1356	9205	25046	
1361	9142	25069	
1364	9179	25114	
1340	9100	25116	
1383	9201	24987	
1439	9077	25064	
1314	9169	25153	
1370	9315	24950	
1332	9160	25033	
1329	9183	25063	
1376	9165	25031	
1404	9158	25118	
1415	9161	25041	
1380	9201	24962	
1319	9185	25152	
1287	9299	25056	
1430	9354	24868	
1361	9184	24981	
1308	9054	25115	
1364	9157	25169	
1410	9125	25114	
1358	9137	25129	
1368	9017	25242	
1318	9345	25013	
1389	9079	25220	
1326	9196	24937	
1362	9355	24813	
1329	9137	25029	
1330	9297	25007	
1351	9041	25181	
1342	9266	25065	
1330	9020	25139	
1333	9304	25053	
1318	9223	24966	
1351	9289	25083	
1290	9245	25058	
1446	9101	25143	
1316	9154	25032	
1340	9232	24989	
1343	9192	25085	
1328	9252	24933	
1332	9086	25158	
1320	9207	24986	
1310	9330	24941	
1322	9256	24979	
1350	9200	25067	
1336	9195	25012	
1301	9275	25051	
1290	9157	25011	
1324	9106	25118	
1347	9128	25116	
1335	9179	25072	
1421	9214	24896	
1419	9346	24949	
1343	9237	25087	
1390	9174	25179	
1301	9196	25193	
1384	9180	25021	
1379	9147	25081	
1359	9135	25103	
1323	9187	25189	
1377	9117	24968	
1293	9293	24973	
1404	9145	25033	
1402	9087	25158	
1380	9134	25054	
1350	9246	25076	
1357	9276	25105	
1281	9105	25126	
1356	9105	25165	
1351	9324	24895	
1357	9244	25054	
1413	9116	25045	
1361	9172	25036	
1400	9184	25024	
1236	9199	25128	
1351	9215	25012	
1319	9215	25024	
1335	9184	25048	
1416	9082	25111	
1391	9221	25050	
1345	9186	25025	
1379	9105	25102	
1326	9115	25167	
1385	9206	25044	
1334	9302	24929	
1353	9140	24988	
1424	9215	24951	
1240	9230	25123	
1423	9148	25131	
1274	9245	25097	
1344	9102	25119	
1367	9127	25087	
1371	9168	25241	
1454	9238	25047	
1371	9266	24996	
1327	9221	24995	
1382	9159	24949	
1377	9205	25080	
1350	9280	25089	
1367	9283	25051	
1409	9225	25022	
1320	9195	25081	
1357	9208	25119	
1287	9059	25194	
1352	9191	25049	
1317	9028	25232	
1289	9163	25141	
1360	9202	25151	
1350	9136	25214	
1353	9129	25160	
1306	9254	25097	
1439	9223	25018	
1414	9312	24924	
1454	9218	25071	
1351	9211	25093	
1406	9038	25201	
1332	9340	24976	
1260	9220	24988	
1393	9245	24989	
1338	9313	24964	
1338	9261	25030	
1413	9189	24950	
1390	9202	25065	
1432	9276	24907	
1349	9037	25132	
1410	9317	24876	
1387	9419	24931	
1433	9126	25039	
1366	9165	25042	
1323	9178	24932	
1445	9302	25052	
1375	9389	24994	
1359	9222	25090	
1383	9314	24918	
1342	9229	25115	
1398	9000	25133	
1428	9115	25072	
1397	9041	25169	
1373	9167	25105	
1323	9342	24844	
1412	9215	24932	
1342	9210	25027	
1371	9214	24956	
1363	9165	25064	
1316	9260	24957	
1302	9104	25212	
1369	9353	24862	
1341	9256	24934	
1350	9252	24973	
1336	9056	25201	
1375	9350	24926	
1306	9244	25227	
1327	9191	25022	
1374	9167	25021	
1228	9208	25020	
1322	9249	25005	
1336	9120	25146	
1357	9141	24956	
1302	9118	25140	
1347	9218	25045	
1338	9283	25055	
1379	9288	24931	
1370	9437	24742	
1392	9288	24936	
1364	9200	24940	
1310	9321	24972	
1362	9191	25008	
1318	9208	25068	
1328	9367	25032	
1401	9198	24990	
1298	9165	25069	
1281	9156	25122	
1342	9230	24999	
1381	9024	25139	
1385	9272	24954	
1341	9221	25058	
1428	9151	25022	
1367	9100	25076	
1348	9251	25061	
1349	9237	24994	
1270	9328	24982	
1301	9138	24982	
1387	9237	25003	
1359	9280	25009	
1377	9153	25036	
1302	9155	25079	
1332	9232	25028	
1385	9144	24967	
1354	9241	24978	
1331	9144	25060	
1340	9245	24955	
1359	9264	24893	
1379	9086	25186	
1318	9236	25002	
1296	9204	25092	
1324	9211	25021	
1450	9171	25093	
1298	9333	25036	
1282	9285	25106	
1316	9108	25136	
1299	9024	25177	
1340	9151	25032	
1395	9115	25189	
1405	9058	25063	
1329	9249	24946	
1320	9162	25005	
1372	9256	25008	
1378	9269	25015	
1410	9150	25134	
1387	9092	25122	
1298	9231	24975	
1342	9402	24825	
1431	9027	25093	
1306	9142	25130	
1345	9225	25133	
1340	9084	25106	
1267	9197	24987	
1349	9236	25061	
1357	9205	24923	
1362	9155	25111	
1384	9223	25056	
1338	9093	25201	
1411	9204	25096	
1350	9376	24939	
1337	9157	25140	
1301	9212	25107	
1400	9304	24913	
1278	9303	24918	
1355	9209	25065	
1321	9243	25092	
1452	9133	25047	
1351	9003	25083	
1362	9223	24871	
1349	9293	25017	
1308	9208	25090	
1330	9207	25069	
1260	9193	25007	
1337	9119	25051	
1339	9321	24971	
1350	9208	25043	
1368	9131	25083	
1358	9164	25072	
1364	9107	24996	
1288	9130	25206	
1337	9206	25036	
1372	9061	25145	
1321	9311	25005	
1311	9247	25126	
1356	9319	24930	
1430	9355	24895	
1381	9140	25118	
1333	9265	25047	
1356	9208	25000	
1363	9174	24983	
1372	9249	25047	
1454	9174	24986	
1306	9226	24963	
1386	9283	24952	
1358	9118	25091	
1404	9091	25000	
1344	9214	25206	
1344	9214	24968	
1381	9150	25102	
1329	9341	24760	
1368	9221	25120	
1379	9180	24932	
1314	9272	24944	
1343	9161	25048	
1420	9226	24979	
1381	9194	24919	
1340	9215	25096	
1340	9282	25045	
1406	9130	24986	
1386	9228	25019	
1394	9162	25121	
1317	9131	25045	
1423	9165	25068	
1366	9189	25067	
1336	9232	25000	
1426	9193	25082	
1366	9178	25062	
1365	9177	25008	
1312	9288	24887	
1376	9284	24917	
1342	9104	25073	
1386	9241	25012	
1439	9122	24977	
1330	9131	25196	
1352	9272	25067	
1357	9330	24950	
1300	8985	25171	
1382	9131	24980	
1276	9242	24901	
1380	9193	25054	
1377	9124	25110	
1329	9080	25170	
1336	9173	25066	
1345	9168	25160	
1415	9180	25057	
1324	9288	25013	
1350	9292	25023	
1424	9231	24929	
1331	9163	25072	
1355	9236	25164	
1327	9089	25133	
1376	9149	25140	
1374	9187	25064	
1405	9218	24940	
1426	9146	25023	
1382	9260	24925	
1338	9177	25091	
1285	9217	25101	
1383	9196	24992	
1371	9413	24739	
1347	9311	24943	
1320	9209	25052	
1397	9221	24914	
1408	9169	24991	
1369	9344	24839	
1420	9246	25010	
1384	9203	25060	
1317	9246	25026	
1382	9202	25017	
1403	9253	24845	
1403	9048	25124	
1395	9212	25025	
1350	9287	24997	
1380	9199	24978	
1410	9160	25107	
1371	9157	25027	
1323	9212	25135	
1372	9198	25096	
1363	9236	25072	
1368	9140	25072	
1365	9243	24999	
1370	9188	25004	
1366	9232	24995	
1405	9154	24975	
1375	9169	25034	
1374	9180	25098	
1364	9226	25060	
1336	9047	25167	
1353	9278	25032	
1365	9246	24982	
1359	9308	24927	
1363	9217	25024	
1316	9178	25166	
1344	9211	25022	
1351	9222	25028	
1328	9238	25020	
1367	9206	25020	
1427	9277	24900	
1237	9316	25042	
1257	9291	25005	
1330	9108	25095	
1434	9099	25094	
1353	9100	25105	
1371	9261	24975	
1302	9313	25005	
1320	9023	25215	
1441	9323	24847	
1372	9363	25007	
1395	9127	25066	
1381	9068	25317	
1358	9233	24968	
1487	9115	25065	
1366	9269	24933	
1412	9075	25042	
1345	9308	25040	
1399	9127	25043	
1362	9077	25071	
1346	9271	24893	
1392	9123	25023	
1400	9093	25115	
1338	9053	25232	
1307	9148	25118	
1332	9035	25328	
1410	9154	25110	
1354	9225	24980	
1337	9185	25152	
1312	9163	25128	
1370	9331	24838	
1358	9121	25266	
1282	9167	25088	
1395	9212	25061	
1394	9142	25106	
1307	9126	25134	
1348	9130	25201	
1324	9141	25074	
1288	9222	25143	
1278	9318	24976	
1269	9326	24964	
1304	9350	24973	
1364	9263	24947	
1422	9163	24982	
1413	9115	25066	
1334	9269	25036	
1355	9017	25283	
1342	9240	25050	
1280	9106	25142	
1324	9099	25251	
1341	9178	25038	
1353	9100	25007	
1434	9317	24918	
1437	9293	24906	
1298	9076	25142	
1344	9288	24903	
1371	9298	25086	
1365	9169	25007	
1390	9237	24896	
1352	9149	25059	
1348	9198	25056	
1382	9273	24974	
1376	9288	24889	
1365	9260	24948	
1350	9331	24928	
1405	9212	24975	
1382	9183	24951	
1404	9269	24997	
1408	9064	25013	
1315	9251	24981	
1395	9315	24871	
1374	9263	24900	
1388	9222	24940	
1270	9115	25098	
1404	9236	24932	
1345	9127	25157	
1364	9241	24929	
1371	9414	24820	
1213	9090	25296	
1391	9293	24943	
1314	9167	25030	
1376	9257	24966	
1416	9352	24904	
1356	9115	25092	
1319	9150	25251	
1341	9222	25112	
1411	9214	25049	
1372	9129	25135	
1333	9278	24902	
1398	9223	24895	
1361	9163	25024	
1393	9260	25013	
1370	9087	25109	
1377	9167	24955	
1328	9242	25036	
1265	9101	25182	
1385	9191	24957	
1425	9239	24985	
1281	9238	24970	
1362	9229	25000	
1338	9180	25058	
1403	9169	25131	
1385	9175	24978	
1385	9121	24948	
1324	9182	24980	
1311	9162	25034	
1360	9238	25008	
1349	9109	25145	
1387	9162	25058	
1387	9275	25010	
1325	9031	25189	
1359	8924	25213	
1339	9247	25114	
1295	9051	25178	
1357	9191	25056	
1385	9188	25089	
1330	9076	25191	
1363	9163	25095	
1383	9055	25199	
1347	9271	24872	
1389	9253	25011	
1332	9024	24980	
1368	9160	24978	
1333	9221	25063	
1267	9218	25068	
1347	9209	25123	
1427	9179	24943	
1329	9162	25102	
1362	9224	25003	
1367	9238	24972	
1418	9083	25076	
1348	9129	25219	
1309	9173	25023	
1395	9093	25092	
1356	9069	25076	
1399	9239	25048	
1392	9220	25102	
1389	9089	25065	
1377	9141	25007	
1380	9264	24972	
1384	9134	25087	
1367	9156	25088	
1318	9143	24847	
1329	9154	25025	
1355	9050	25150	
1381	9188	25147	
1286	9279	25032	
1381	9137	25044	
1341	9106	25175	
1355	9188	25025	
1385	9188	25015	
1326	9153	25042	
1350	9104	25149	
1370	9162	25084	
1323	9307	24975	
1343	9243	25064	
1340	9221	24959	
1311	9069	25159	
1329	9205	25096	
1368	9184	25005	
1376	9109	25010	
1417	9133	25138	
1350	9222	25018	
1339	9145	25069	
1323	9156	25048	
1318	9203	25005	
1425	9007	25277	
1387	9166	25082	
1403	9134	25095	
1328	9136	25098	
1341	9095	25017	
1358	9214	24960	
1447	9157	25005	
1374	9237	24998	
1386	9076	25104	
1381	9115	25124	
1399	9408	24851	
1359	9074	25140	
1331	9289	25066	
1354	9234	24999	
1319	9282	25031	
1413	9182	25079	
1341	9149	25148	
1418	9182	25052	
1307	9101	25125	
1379	9203	24995	
1350	9240	25138	
1324	9330	24904	
1368	9281	24959	
1367	9184	25065	
1367	9289	24864	
1404	9118	24987	
1333	9203	25043	
1463	9229	24938	
1325	9219	25231	
1425	9148	25123	
1353	9102	25083	
1389	9132	25112	
1324	9267	24958	
1291	9166	25102	
1349	9249	24985	
1394	9149	25066	
1339	9238	25035	
1374	9126	25022	
1254	9213	25146	
1275	9274	25118	
1283	9309	25020	
1313	9084	25011	
1306	9294	24945	
1326	9202	25153	
1307	9219	24968	
1340	9133	25093	
1309	9277	25023	
1383	9309	25041	
1417	9287	25009	
1387	9062	25028	
1272	9105	25182	
1363	9308	24950	
1409	9092	25095	
1407	9118	25047	
1415	9126	25089	
1322	9181	25067	
1410	9206	25001	
1332	9334	24953	
1339	9291	25037	
1401	9323	24891	
1363	9112	25074	
1369	9237	24959	
1347	9127	25050	
1301	9286	25019	
1307	9188	25090	
1342	9145	25045	
1348	9080	25144	
1276	9070	25004	
1401	9305	25000	
1291	9277	24928	
1389	9195	25106	
1357	9150	25089	
1345	9145	25091	
1344	9171	24993	
1366	9200	25032	
1299	9168	25068	
1473	9168	24921	
1360	9148	25173	
1260	9012	25292	
1389	9200	24921	
1446	9205	25011	
1407	9324	24805	
1368	9259	24933	
1314	9199	24962	
1343	9173	25060	
1375	9314	25055	
1316	9242	25009	
1362	9267	25042	
1408	9229	24975	
1343	9221	25138	
1396	9246	25000	
1375	9257	24898	
1359	9066	25196	
1343	9161	25072	
1286	9240	24960	
1331	9315	24946	
1289	9140	25129	
1375	9148	25054	
1368	9134	25086	
1356	9082	25132	
1300	9198	24956	
1348	9181	25006	
1443	9172	25010	
1355	9185	25038	
1382	9063	25153	
1379	9278	24948	
1449	9142	25039	
1402	9126	25090	
1303	9211	25144	
1374	9207	25090	
1356	9328	24969	
1387	9161	25058	
1366	9303	25011	
1353	9308	24945	
1299	9295	24960	
1386	9376	24957	
1363	9330	24919	
1414	9111	25083	
1377	9150	25029	
1385	9071	25164	
1376	9182	25087	
1362	9097	25141	
1354	9098	25133	
1348	9447	24754	
1387	9187	25011	
1359	9107	25139	
1392	9139	25048	
1329	9328	24998	
1412	9092	25165	
1334	9185	25062	
1311	9343	24955	
1279	9208	25214	
1374	9226	25001	
1354	9411	24779	
1278	9345	25027	
1272	9083	25070	
1393	9156	25123	
1322	9153	25016	
1311	9197	25035	
1378	9191	25047	
1348	9301	24945	
1396	9153	25106	
1402	9219	24970	
1343	9089	25059	
1372	9264	25025	
1437	9074	25070	
1297	9325	24920	
1374	9348	24865	
1396	9296	25055	
1312	9308	24937	
1335	9236	25022	
1344	9108	25122	
1367	9136	25181	
1372	9196	24994	
1383	9085	25119	
1380	9272	24963	
1317	9172	25054	
1394	9108	25142	
1382	9270	24970	
1388	9113	25064	
1317	9057	25131	
1375	9087	25106	
1348	9103	25052	
1300	9400	24818	
1414	9260	25029	
1440	9105	25194	
1300	9150	25084	
1304	9165	25002	
1366	9301	24936	
1413	9246	25022	
1409	9220	24938	
1371	9261	24920	
1334	9169	25011	
1365	9224	24997	
1275	9245	25001	
1352	9144	25104	
1392	9336	24871	
1419	9214	25017	
1397	9171	25105	
1348	9238	24935	
1318	9292	24896	
1348	9278	24935	
1340	9150	24965	
1311	9291	24980	
1414	9076	25078	
1297	9233	24967	
1403	9255	25074	
1393	9176	24963	
1343	9213	25030	
1356	9049	25179	
1446	9238	24912	
1311	9217	24963	
1358	9234	25037	
1290	9246	25045	
1400	9153	25064	
1319	9127	25239	
1344	9410	24955	
1396	9241	24988	
1306	9190	25162	
1389	9302	24907	
1290	9268	25009	
1332	9036	25172	
1413	9276	25055	
1368	9189	24997	
1358	9179	25116	
1385	9203	25003	
1361	9084	25150	
1345	9079	25096	
1257	9161	25098	
1352	9295	24824	
1289	9307	24922	
1319	9223	24963	
1379	9214	24921	
1304	9170	25091	
1381	9207	24933	
1390	9183	25052	
1425	9248	24938	
1344	9163	25116	
1357	9212	24952	
1324	9183	24990	
1319	9094	25159	
1354	9282	24973	
1349	9113	25091	
1373	9204	24946	
1378	9170	25063	
1420	9151	25067	
1387	9141	25069	
1420	9128	25027	
1354	9188	24977	
1367	9203	25100	
1388	9192	25069	
1406	9187	24998	
1437	9305	24979	
1347	9316	25033	
1359	9111	25191	
1277	9002	25201	
1417	9199	25061	
1302	9255	25026	
1434	9261	24927	
1367	9153	25060	
1337	9258	24994	
1332	9112	25141	
1243	9239	25102	
1391	9106	25027	
1419	9139	25022	
1333	9029	25171	
1365	9007	25310	
1382	9103	25200	
1318	9179	25089	
1402	9244	24941	
1302	9322	24928	
1343	9119	25240	
1364	9222	25116	
1348	9350	24914	
1365	9129	25108	
1360	9283	25037	
1345	9177	25051	
1362	9185	25027	
1312	9216	24992	
1412	9150	25110	
1406	9222	25000	
1369	9240	25017	
1388	9251	25016	
1343	9150	25016	
1427	9228	24903	
1321	9122	25053	
1386	9228	24961	
1384	9009	25194	
1336	9091	25206	
1312	9267	24987	
1384	9195	25067	
1391	9336	24974	
1330	9302	24918	
1379	9158	25183	
1300	9016	25228	
1389	9168	24995	
1389	9142	25084	
1353	9150	25034	
1270	9174	25140	
1290	9358	24811	
1303	9193	25185	
1329	9134	25270	
1301	9243	25130	
1353	9213	25027	
1270	9261	24951	
1372	9213	25085	
1417	9091	25163	
1322	9265	25007	
1347	9281	24985	
1377	9365	24915	
1423	9098	25080	
1321	9225	25067	
1365	9258	24979	
1371	9297	25037	
1263	9240	25071	
1373	9170	25090	
1406	8999	25177	
1320	9222	25006	
1364	9337	25034	
1308	9339	24885	
1466	9082	25122	
1361	9174	25006	
1356	9177	25131	
1317	9402	24911	
1353	9113	25084	
1289	9106	25143	
1365	9170	25017	
1353	9201	25153	
1335	8952	25327	
1348	9308	24967	
1364	9153	25067	
1364	9298	24982	
1330	9080	25142	
1294	9218	25014	
1342	9191	24969	
1362	9170	25002	
1399	9366	24922	
1409	9194	25087	
1398	9146	24999	
1299	9118	25125	
1395	9023	25180	
1294	9186	25170	
1375	9240	25010	
1352	9201	24996	
1308	9161	25137	
1321	9149	25071	
1417	9172	24957	
1329	9121	25172	
1342	9218	24940	
1355	9121	25198	
1330	9368	24909	
1335	9107	25250	
1293	9241	25068	
1351	9320	24970	
1301	9254	25036	
1328	9129	25000	
1343	9043	25204	
1341	9207	25101	
1368	9261	25046	
1405	9193	25054	
1385	9304	24926	
1368	9206	24998	
1303	9235	25037	
1285	9158	25114	
1402	9218	24945	
1365	9212	24927	
1336	9151	25135	
1303	9160	25060	
1390	9286	25062	
1422	9269	24896	
1349	9294	25018	
1369	9200	25003	
1313	9113	25147	
1383	9100	25096	
1323	9269	24877	
1398	9211	24964	
1332	9172	25018	
1352	9123	25042	
1470	9141	25246	
1396	9207	25049	
1322	9232	25015	
1314	9258	25003	
1321	9201	25075	
1337	9210	25114	
1349	9232	24948	
1332	9055	25280	
1295	9054	25236	
1286	9233	24892	
1318	9193	25117	
1334	9255	24950	
1290	9254	24983	
1340	9183	25106	
1300	9167	25136	
1402	9121	25058	
1483	9021	25197	
1364	9221	25104	
1373	9080	25182	
1352	9134	24920	
1335	9255	25045	
1424	9131	25076	
1326	9169	25130	
1320	9335	25042	
1375	9070	25101	
1405	9105	25077	
1372	9110	25052	
1452	9214	24986	
1369	9091	25185	
1399	9142	25093	
1387	9064	25147	
1449	9189	24948	
1340	9182	25074	
1341	9220	25118	
1324	9283	24983	
1412	9073	25116	
1323	9180	25037	
1335	9250	25090	
1397	9226	25084	
1305	9179	25026	
1339	9073	25200	
1385	9067	25049	
1377	9277	24941	
1349	9157	25115	
1369	9198	25035	
1404	9257	24932	
1352	9166	25077	
1305	9179	25131	
1344	9102	25089	
1366	9044	25177	
1378	9166	25112	
1406	9305	24935	
1356	9181	25042	
1435	9136	25077	
1342	9257	25058	
1338	9288	24944	
1370	9208	25083	
1230	9099	25293	
1391	9094	25158	
1382	9230	25038	
1384	9021	25217	
1373	9209	24994	
1381	9255	24992	
1285	9257	25010	
1383	9135	25090	
1337	9122	25216	
1315	9346	25012	
1377	9062	25221	
1402	9291	24924	
1347	9228	25026	
1380	9129	25099	
1389	9063	25129	
1379	9112	24993	
1326	9185	25096	
1331	9296	24899	
1351	9197	25005	
1270	9158	24985	
1337	9212	25171	
1337	9122	25060	
1390	9268	25122	
1360	9167	24986	
1378	9252	25015	
1394	9410	24865	
1360	9132	25131	
1386	9142	24996	
1311	9210	24944	
1349	9155	25069	
1362	9246	24986	
1445	9187	25068	
1288	9082	25092	
1376	9255	25006	
1353	9345	24950	
1290	9234	25073	
1386	9219	24935	
1369	9161	25033	
1330	9189	25049	
1309	9139	25152	
1372	9184	24921	
1378	9040	25078	
1394	9148	25057	
1409	9120	25105	
1354	9118	25165	
1407	9137	25069	
1324	9196	25029	
1349	9230	25057	
1354	9109	25043	
1354	9270	24956	
1363	9317	24905	
1353	9310	25173	
1376	9269	25024	
1304	9285	24987	
1294	9143	25071	
1364	9183	25005	
1338	9207	25010	
1381	9363	24846	
1394	9443	24776	
1289	9190	25088	
1328	9333	24904	
1383	9088	25070	
1302	9249	25089	
1369	9238	25097	
1428	9107	25109	
1270	9180	25073	
1380	9259	25033	
1365	9327	24855	
1384	9078	25196	
1358	9101	25194	
1343	9182	24989	
1252	9257	24999	
1348	9327	24962	
1310	9260	24911	
1399	9221	25015	
1386	9009	25184	
1297	9173	24975	
1309	9047	25116	
1371	9088	25079	
1426	9210	24984	
1291	9205	25150	
1383	9173	25179	
1289	9322	24890	
1369	9314	24981	
1360	9240	24965	
1330	9192	24981	
1392	9097	25156	
1353	9090	25160	
1328	9111	25118	
1402	9136	24965	
1438	9248	25006	
1383	9240	24976	
1352	9135	25054	
1341	9039	25234	
1390	9041	25252	
1409	9066	25258	
1332	9169	25042	
1342	9010	25205	
1389	9361	24884	
1376	9364	24908	
1355	9097	25140	
1373	9129	25060	
1310	9201	24986	
1254	9236	24940	
1401	9036	25131	
1319	9027	25256	
1341	9227	24986	
1335	9175	25009	
1365	9212	24941	
1318	9160	25094	
1342	9114	25044	
1365	9148	25061	
1357	9094	25122	
1411	9306	24873	
1322	9203	25083	
1404	9072	25089	
1349	9135	24983	
1309	9247	25033	
1400	9205	25032	
1390	9011	25190	
1353	9346	24879	
1346	9263	24978	
1409	9158	25088	
1407	9089	25207	
1292	9257	25029	
1263	9220	25004	
1336	9062	25138	
1395	9190	25068	
1363	9300	24969	
1339	9149	24932	
1350	9154	25033	
1371	9244	24988	
1334	9236	25112	
1349	9116	24997	
1372	9023	25217	
1337	9137	25117	
1318	9086	25071	
1324	9084	25165	
1325	9146	25126	
1382	9224	24911	
1376	9196	25021	
1376	9211	24935	
1327	9182	25139	
1363	9293	24882	
1337	9253	25034	
1371	9222	25088	
1321	9086	25168	
1378	9297	25000	
1325	9154	25119	
1358	9099	25105	
1321	9121	25080	
1303	9205	25180	
1348	9074	25254	
1323	9297	25032	
1309	9149	25041	
1386	9101	24995	
1342	9072	25184	
1306	9274	24962	
1355	9191	24978	
1394	9341	24937	
1377	9352	24883	
1421	9246	24871	
1363	9283	24936	
1396	9249	24966	
1354	9143	25159	
1401	9237	24990	
1343	9158	25051	
1399	9326	24898	
1334	9145	25226	
1350	9057	25078	
1344	9148	25054	
1331	9211	25061	
1427	9227	24927	
1328	9151	25183	
1393	9075	25180	
1356	9292	25002	
1313	9142	25206	
1308	9238	25042	
1371	9313	24847	
1369	9156	25092	
1394	9053	25122	
1321	9202	25066	
1308	9190	25128	
1366	9121	25146	
1445	9190	25047	
1368	9185	24943	
1334	9349	25021	
1427	9189	25091	
1417	9107	24983	
1348	9284	25033	
1413	9290	24989	
1385	9116	25156	
1383	9145	25048	
1354	9017	25183	
1260	9328	24994	
1318	9216	25077	
1344	9271	24920	
1390	9190	25146	
1370	9248	24867	
1376	9280	25037	
1326	9188	25071	
1411	9260	24979	
1401	9108	24985	
1367	9217	24996	
1368	9105	25142	
1290	9177	25152	
1428	9088	25050	
1336	9294	24893	
1423	9180	24932	
1332	9165	25113	
1320	9196	25246	
1309	9262	25045	
1354	9309	24941	
1385	9235	25109	
1389	9096	25127	
1418	9134	25188	
1374	9229	25073	
1382	9168	25043	
1255	9279	25065	
1361	9288	24955	
1307	9203	25080	
1289	9134	25130	
1317	9121	25189	
1349	9212	25104	
1310	9229	25009	
1336	9171	25066	
1380	9176	25112	
1329	9210	24930	
1344	9125	25097	
1423	9030	25193	
1293	9277	24948	
1304	9111	25005	
1296	9305	24885	
1362	9276	25112	
1392	9147	24989	
1399	9107	25134	
1307	9191	25047	
1348	9172	24974	
1300	9175	25143	
1362	9319	25046	
1305	9083	25187	
1304	9189	25009	
1389	9402	24874	
1340	9275	25051	
1390	9198	24966	
1351	9179	25030	
1396	9154	25145	
1320	9455	24976	
1414	9221	24932	
1387	9108	25022	
1321	9163	24958	
1328	9144	25081	
1378	9212	24991	
1367	9166	25126	
1427	9372	24757	
1381	9230	24981	
1306	9225	25025	
1423	9264	24882	
1381	9111	25152	
1351	9274	25060	
1384	9130	25075	
1349	9182	25019	
1401	9203	24995	
1365	9385	24751	
1395	9185	25083	
1355	9035	25129	
1327	9139	25162	
1396	9217	24962	
1434	9293	24975	
1349	9262	24984	
1328	9281	25087	
1292	9260	24936	
1446	9237	24958	
1404	9077	25147	
1360	9258	25028	
1404	9083	25123	
1300	9290	24977	
1361	9146	25129	
1305	9185	25044	
1351	9127	25106	
1326	9203	25016	
1359	9193	25043	
1364	9149	25007	
1291	9139	25108	
1341	9342	24977	
1298	9354	24974	
1363	9100	25154	
1354	9106	25045	
1377	9261	24953	
1302	9149	25122	
1374	9140	25124	
1305	9248	25070	
1375	9158	25102	
1311	9183	25021	
1394	9233	25009	
1437	9238	24955	
1337	9285	24949	
1373	9283	25042	
1385	9222	25057	
1406	9083	25107	
1331	9216	24970	
1383	9249	25081	
1355	9125	25149	
1386	9149	25067	
1364	9142	25040	
1297	9155	25203	
1357	9226	24940	
1378	9175	25112	
1340	9161	25028	
1362	9203	25035	
1332	9209	24935	
1398	9290	24852	
1423	9236	25069	
1407	9008	25170	
1324	9119	25125	
1364	9141	25042	
1381	9170	25038	
1328	9155	25250	
1425	9140	25062	
1431	9189	25062	
1373	9258	24932	
1338	9267	24966	
1368	9291	24999	
1306	9231	24998	
1330	9232	25056	
1323	9178	25054	
1265	9291	24995	
1367	9277	24983	
1379	9142	24992	
1391	9262	24963	
1396	9147	25014	
1347	9238	25022	
1395	9309	24970	
1417	9251	25043	
1343	9193	25033	
1349	9286	25026	
1348	9069	25016	
1359	9164	25055	
1437	9280	25056	
1280	9333	24897	
1316	9129	25081	
1315	9296	24863	
1371	9168	25226	
1330	9121	25121	
1307	9335	24926	
1301	9129	25136	
1326	9040	25168	
1387	9228	24986	
1388	9055	25148	
1320	9296	24945	
1369	9090	25218	
1359	9075	25206	
1342	9173	25087	
1344	9189	25001	
1347	9067	25171	
1308	9130	25138	
1403	9237	25036	
1358	9192	25159	
1383	9188	25116	
1374	9190	25102	
1273	9132	25093	
1363	9147	24949	
1361	9292	25068	
1367	9252	24904	
1355	9177	25070	
1269	9276	25058	
1313	9185	25011	
1433	9219	25001	
1428	9061	25149	
1348	9013	25143	
1352	9235	24920	
1378	9133	25068	
1374	9215	24937	
1317	9179	25037	
1355	9115	25111	
1402	9256	24921	
1479	9258	24982	
1402	9200	25013	
1416	9245	24859	
1355	9164	25077	
1302	9243	24971	
1358	9127	25186	
1384	9254	25039	
1303	9241	25097	
1399	9277	24972	
1303	9209	25086	
1300	9110	25162	
1355	9228	25007	
1406	9106	25149	
1347	9283	24906	
1391	9171	24987	
1375	9168	25115	
1333	9234	25035	
1475	9257	24973	
1300	9167	24982	
1310	9144	25088	
1382	9388	24870	
1333	9231	25018	
1347	9143	24965	
1419	9083	25147	
1366	9165	25001	
1322	9253	25003	
1377	9210	24988	
1320	9406	25010	
1353	9253	24989	
1383	9251	24994	
1390	9308	24863	
1301	9129	25084	
1388	9186	24921	
1338	9237	25024	
1369	9227	25096	
1463	9090	25156	
1370	9073	25070	
1347	9025	25286	
1401	9220	24951	
1342	9299	24936	
1308	9270	24998	
1332	9277	25054	
1258	9208	25133	
1358	9329	24936	
1415	9132	24995	
1401	9123	25143	
1247	9224	25061	
1405	9119	25017	
1368	9171	24964	
1340	9236	24954	
1348	9131	25087	
1309	9166	24961	
1341	9097	25276	
1342	9071	25147	
1350	9263	24986	
1300	9072	25245	
1448	9078	25021	
1252	9165	25161	
1339	9036	25313	
1326	9125	25136	
1310	9282	24966	
1373	9203	25102	
1326	9274	24960	
1381	9236	24964	
1325	9190	25064	
1309	9277	25017	
1304	9119	25216	
1400	9118	25075	
1414	9256	24982	
1355	9286	24953	
1342	9264	24954	
1337	9217	25099	
1272	9356	24980	
1298	9155	25016	
1360	9032	25202	
1332	9345	24942	
1361	9278	24964	
1301	9317	24901	
1404	9101	25072	
1338	9203	25048	
1327	9169	25010	
1430	9168	25022	
1320	9248	25066	
1340	9422	24848	
1327	9232	24906	
1332	9098	25190	
1343	9129	25089	
1407	9128	25026	
1403	9046	25226	
1371	9167	25127	
1338	9271	24948	
1389	9280	24956	
1356	9085	25164	
1357	9246	25083	
1379	9208	24959	
1386	9192	25029	
1381	9023	25131	
1372	9161	25011	
1362	9215	24989	
1385	9056	25187	
1301	9156	25027	
1320	9260	24939	
1327	9180	25046	
1325	9146	25072	
1381	9084	25051	
1341	9211	24992	
1409	9257	25012	
1457	9239	25085	
1324	9112	25174	
1371	9324	24947	
1356	9339	24851	
1346	9129	25074	
1325	9234	25016	
1362	9278	24923	
1348	9181	24965	
1419	9162	25004	
1349	9183	25030	
1336	9412	24823	
1380	9154	25006	
1334	9196	25120	
1371	9207	24949	
1351	9117	25017	
1354	9178	25111	
1360	9149	25196	
1364	9070	25349	
1365	9131	25018	
1379	9086	25159	
1407	9030	24960	
1359	9209	25041	
1360	9166	25055	
1359	9153	24960	
1423	9295	24846	
1380	9047	25120	
1411	9235	24971	
1284	9021	25291	
1373	9265	25075	
1372	9250	25049	
1368	9274	25023	
1344	9124	25193	
1324	9099	25071	
1393	9127	25030	
1371	9208	25083	
1287	9225	25067	
1261	9068	25095	
1359	9105	25175	
1304	9129	25103	
1421	9307	24973	
1389	9175	24959	
1343	9096	24975	
1297	9113	25010	
1351	9162	25068	
1358	9121	25050	
1359	9251	25007	
1402	9342	24922	
1319	9289	25005	
1352	9095	25245	
1385	9055	25106	
1363	9306	24824	
1471	9149	25055	
1327	9204	25075	
1335	9340	24965	
1371	9132	25154	
1423	9027	25021	
1390	9059	25115	
1380	9308	24981	
1429	9176	25057	
1374	9193	24998	
1302	9084	25159	
1386	9317	24827	
1380	9133	25101	
1277	9257	25064	
1409	9229	24968	
1359	9183	24960	
1221	9158	25128	
1378	9285	25072	
1325	9333	24938	
1338	8963	25186	
1377	9060	25180	
1266	9166	25090	
1393	9199	25012	
1363	9199	24997	
1373	9150	25122	
1317	9174	24982	
1342	9085	25105	
1301	9327	25039	
1302	9230	25044	
1400	9148	24995	
1382	9298	24857	
1401	9113	25034	
1407	9127	25093	
1370	9210	25138	
1333	9267	24978	
1364	9171	25152	
1364	9207	24987	
1449	9413	24887	
1364	9153	25186	
1376	9133	25072	
1385	8995	25197	
1368	9228	24972	
1395	9139	25041	
1354	9391	24916	
1319	9219	24966	
1331	9237	24995	
1384	9313	24932	
1331	9108	25254	
1354	9233	24969	
1343	9147	25127	
1322	9230	25029	
1297	9264	24996	
1346	9150	25114	
1353	9166	25100	
1381	9066	25121	
1410	9239	25037	
1342	9197	25069	
1396	9115	25032	
1407	9135	24984	
1334	9094	25089	
1349	9358	24970	
1303	9253	24942	
1398	9089	25134	
1351	9181	25018	
1351	9194	25036	
1470	9207	25032	
1361	9108	25143	
1345	9120	25185	
1281	9253	24992	
1320	9259	25175	
1275	9342	25026	
1357	9231	25041	
1419	9208	24974	
1324	9195	25043	
1387	8999	25209	
1312	9238	24995	
1342	9088	24978	
1365	9192	25121	
1407	9077	25145	
1369	9060	25087	
1366	9412	24740	
1356	9188	25240	
1376	9060	25202	
1421	8990	25209	
1319	9185	25044	
1335	9226	24973	
1391	9305	24996	
1349	9391	24907	
1361	9168	25091	
1304	9147	25052	
1395	9202	24992	
1407	9214	24980	
1375	9123	25090	
1419	9081	25077	
1366	9230	25074	
1295	9113	25225	
1393	9366	24815	
1331	9144	25191	
1283	9278	25026	
1401	9177	25060	
1355	9144	25103	
1330	9123	25175	
1382	9299	24916	
1382	9109	24968	
1305	9236	24991	
1450	9222	24940	
1375	9134	25089	
1355	9290	24938	
1353	9287	24835	
1364	9154	25066	
1278	9202	25023	
1354	9271	24950	
1296	9220	25022	
1364	9240	24984	
1357	9315	25025	
1386	9127	25042	
1380	9097	25133	
1402	9107	25123	
1380	9179	25055	
1369	9154	25043	
1354	9194	25069	
1323	9256	25025	
1332	9328	25014	
1344	9243	25109	
1326	9309	24972	
1386	9179	25022	
1335	9292	25005	
1357	9174	25095	
1345	9350	24982	
1340	9248	25012	
1405	9096	25059	
1353	9266	25055	
1357	9238	25088	
1389	9278	24939	
1260	9371	24964	
1344	9300	24997	
1345	9270	24967	
1385	9199	25052	
1290	9216	24966	
1405	9218	25014	
1379	9121	25025	
1375	9135	25205	
1341	9224	25047	
1325	9058	25222	
1369	9330	24904	
1359	9240	24983	
1289	9148	25074	
1345	9171	25165	
1416	9074	25104	
1336	9209	24980	
1299	9148	25031	
1404	9054	25111	
1419	9179	25042	
1446	9163	25100	
1384	9243	24942	
1254	9267	25095	
1345	9237	25023	
1444	9185	24977	
1330	9241	25010	
1405	9112	25126	
1318	9088	25178	
1365	9186	24946	
1373	9218	25098	
1337	9320	24945	
1418	9168	24959	
1351	9066	25175	
1327	9341	24897	
1359	9286	24914	
1398	9211	25014	
1362	9281	24861	
1272	9232	25178	
1386	9235	25004	
1323	9230	25187	
1402	9089	25177	
1333	9173	25058	
1399	9131	25056	
1418	9005	25155	
1363	9324	24824	
1395	9282	24980	
1346	9245	25070	
1404	9197	25027	
1339	9139	25085	
1410	9169	24998	
1370	9228	25046	
1352	9080	25064	
1342	9299	24973	
1371	9183	25084	
1339	9149	25084	
1332	9152	25232	
1354	9218	25139	
1381	9119	25166	
1337	9062	25224	
1397	9194	25095	
1386	9205	25021	
1384	9007	25126	
1327	9421	24978	
1359	9307	24967	
1380	9177	25091	
1399	9167	24944	
1342	9274	24860	
1347	9239	24959	
1260	9139	25133	
1393	9207	24954	
1326	9311	24892	
1341	9240	25012	
1408	9238	24960	
1361	9142	25122	
1387	9147	25054	
1385	9117	25250	
1369	9203	24963	
1398	9174	25163	
1415	9136	25066	
1380	9139	25050	
1398	9046	25046	
1396	9167	25060	
1368	9094	25167	
1346	9115	25081	
1376	9204	25178	
1379	9190	25120	
1297	9297	24983	
1330	9185	25123	
1334	9254	24900	
1230	9166	25116	
1326	9324	24956	
1388	9221	25099	
1352	9190	25042	
1332	9247	24907	
1401	9138	25035	
1362	9162	25023	
1347	9096	25098	
1365	9352	24967	
1298	9155	25165	
1309	9256	25101	
1322	9219	24971	
1372	9298	24918	
1350	9119	25134	
1414	9161	25122	
1309	9305	24923	
1401	9117	25077	
1425	9144	24994	
1328	9172	25150	
1327	9180	25076	
1327	9038	25108	
1341	9195	25000	
1382	9110	25035	
1376	9158	25061	
1305	8921	25231	
1270	9231	24948	
1390	9166	24989	
1378	9201	25069	
1326	9098	25160	
1325	9308	24942	
1354	9268	24909	
1368	9101	25048	
1388	9033	25110	
1370	9220	24906	
1365	8967	25019	
1388	9304	24945	
1386	9207	25003	
1408	9204	25006	
1357	9092	25094	
1328	9053	25208	
1331	9163	25162	
1321	9096	25160	
1354	9204	24936	
1410	9208	24906	
1390	9243	24969	
1347	9390	24963	
1342	9134	25016	
1340	9149	25075	
1351	9347	24970	
1375	9131	25045	
1316	9307	25058	
1314	9239	25134	
1338	9210	25043	
1367	9243	24936	
1289	9255	25005	
1292	9306	24923	
1358	9146	25054	
1369	9117	25078	
1265	9250	24864	
1319	9219	25050	
1416	9200	25058	
1340	9185	25063	
1308	9174	25170	
1293	9236	24986	
1400	9242	24870	
1291	9147	25130	
1425	9187	24966	
1441	9078	25061	
1386	9174	25025	
1331	9127	25082	
1329	9219	24996	
1400	9321	24827	
1356	9060	25220	
1262	9372	24938	
1375	9179	25122	
1330	9198	24913	
1381	9257	24909	
1335	9245	24976	
1367	9263	25068	
1339	9226	25059	
1291	9199	25184	
1380	9264	25001	
1381	9263	24951	
1288	9112	25110	
1362	9000	25220	
1380	9183	24993	
1331	9044	25339	
1320	9206	25121	
1343	9032	25167	
1295	9262	24957	
1296	9357	24913	
1293	9065	25167	
1294	9217	25044	
1333	9227	24980	
1387	9331	24809	
1362	9278	24921	
1412	9236	25017	
1324	9398	24937	
1371	9114	24968	
1391	9296	25073	
1376	9265	24949	
1311	9267	24923	
1318	9187	25136	
1457	9234	25069	
1440	9190	24913	
1379	9142	25094	
1305	9145	25159	
1347	8993	25191	
1391	9299	24813	
1322	9164	25113	
1331	9274	25047	
1358	9320	24919	
1365	9233	25041	
1355	9181	25081	
1334	9204	24957	
1349	9239	24978	
1359	9074	25173	
1358	9149	25044	
1441	9180	25091	
1420	9131	25152	
1397	9167	25042	
1321	9257	24888	
1303	9158	25132	
1293	9071	25238	
1429	9161	25104	
1406	9145	25080	
1364	9279	25026	
1351	9152	25116	
1287	9293	24894	
1405	9113	25038	
1329	9202	25047	
1329	9284	24898	
1363	9201	24980	
1271	9263	24989	
1413	9306	24902	
1462	9175	24944	
1346	9139	25098	
1405	9217	24933	
1336	9255	24961	
1317	9150	25152	
1353	9313	25005	
1381	9150	25119	
1416	9312	25097	
1353	9142	25098	
1367	9315	24947	
1298	9214	25039	
1309	9258	25041	
1313	9147	25184	
1360	9259	25026	
1398	9146	24899	
1306	9219	25213	
1371	9278	24945	
1337	9143	25153	
1291	9292	24921	
1368	9096	25159	
1349	9235	24966	
1362	9128	25052	
1407	9198	25046	
1393	9160	25213	
1415	9173	25087	
1387	9122	25011	
1354	9109	25118	
1381	9141	25139	
1461	9172	25037	
1353	9163	25143	
1285	9293	24914	
1337	9157	25035	
1306	9269	25109	
1445	9107	25059	
1418	9032	25249	
1400	9139	24959	
1413	9169	25087	
1314	9151	25002	
1380	9195	25067	
1365	9173	25055	
1439	9075	25162	
1350	9189	25061	
1365	9179	25136	
1432	9209	25046	
1349	9245	24956	
1357	9173	25164	
1280	9181	25211	
1428	9356	24909	
1333	9319	25053	
1427	9153	25021	
1382	9211	25121	
1323	9102	25105	
1312	9112	25057	
1333	9200	25080	
1384	9165	25054	
1280	9291	24929	
1342	9190	25100	
1374	9223	25039	
1402	9188	24912	
1364	9234	24998	
1354	9219	24969	
1350	9156	25137	
1409	8883	25305	
1335	9241	25058	
1365	9313	25035	
1319	9221	25013	
1360	9161	25091	
1390	9277	24899	
1299	9228	25078	
1322	9135	25205	
1402	9031	25112	
1398	9217	25062	
1375	9217	25090	
1326	9158	25146	
1320	9372	24704	
1354	9172	25255	
1364	9213	25003	
1402	9198	25000	
1353	8964	25154	
1340	9234	25059	
1265	9177	25234	
1318	9131	25158	
1393	9188	25001	
1391	9292	24998	
1352	9207	24992	
1397	9242	25079	
1340	9231	24972	
1364	9106	25168	
1294	9220	25037	
1329	9119	25163	
1377	9282	24904	
1292	9287	24873	
1443	9141	25109	
1366	9199	24969	
1424	9235	24895	
1338	9307	24919	
1376	9091	25121	
1319	9000	25220	
1350	9328	25007	
1318	9205	25049	
1336	9219	24998	
1331	9208	25030	
1337	9177	25195	
1378	9223	25095	
1337	9266	25013	
1373	9219	25064	
1434	9101	25134	
1313	9220	24997	
1353	9224	25067	
1342	9237	25068	
1394	8975	25364	
1358	9294	25017	
1388	9053	25257	
1304	9171	25153	
1299	9079	25069	
1289	9223	25190	
1355	9208	25074	
1359	9184	25087	
1389	9155	25039	
1297	8967	25210	
1290	9416	24872	
1372	9173	25093	
1356	9167	25031	
1392	9088	25055	
1341	9260	25002	
1346	9127	25025	
1319	9179	25013	
1366	9288	24997	
1361	9398	24810	
1312	9189	24964	
1378	9260	24978	
1370	9186	25100	
1351	9182	24989	
1370	9288	24909	
1282	9122	25156	
1336	9303	24974	
1379	9072	25122	
1351	9219	25023	
1345	9111	25032	
1389	9219	24991	
1329	9180	25211	
1302	9171	25108	
1306	9134	25120	
1409	9300	24874	
1312	9038	25239	
1311	9310	25056	
1394	9197	25105	
1385	9156	25031	
1363	9382	24826	
1351	9153	25015	
1354	9230	25000	
1388	9146	25028	
1340	9044	25176	
1430	9233	25033	
1384	9305	24926	
1327	9252	25023	
1317	9223	25020	
1359	9193	25032	
1305	9217	25123	
1365	9237	24974	
1326	9079	25259	
1374	9245	25033	
1309	9129	25092	
1348	9108	25122	
1317	9302	24962	
1391	9098	25127	
1390	9069	25097	
1339	9200	25068	
1347	9145	25225	
1337	9208	25016	
1365	9238	24984	
1358	9190	25135	
1296	9191	25065	
1337	9352	24839	
1417	9184	25092	
1406	9240	24997	
1335	9153	25014	
1363	9189	24958	
1395	9169	25122	
1360	9259	24989	
1358	9095	25185	
1375	9194	24988	
1332	9354	24937	
1359	9192	25018	
1379	9017	25240	
1343	9242	24996	
1241	9212	25092	
1369	9213	25032	
1306	9191	25096	
1307	9231	25044	
1314	9274	25000	
1309	9215	25015	
1341	9200	25015	
1346	9217	25027	
1339	9128	25044	
1368	9227	24920	
1402	9209	25043	
1301	9003	25234	
1341	9032	25174	
1372	9332	25003	
1358	9099	25135	
1366	9216	25026	
1363	9160	25130	
1327	9159	25090	
1367	9189	25078	
1384	9204	25099	
1431	9106	25021	
1308	9339	24913	
1395	9125	25139	
1385	9199	24943	
1325	9139	25057	
1366	9282	25063	
1340	9158	25151	
1295	9152	25039	
1335	9289	25035	
1364	9217	25068	
1322	9350	24986	
1395	9194	25203	
1319	9178	25130	
1400	9247	24931	
1310	9149	25030	
1361	9311	24909	
1433	9100	25030	
1393	9196	25118	
1388	9216	25086	
1351	9024	25324	
1406	9309	24873	
1327	9129	25111	
1364	9241	24946	
1346	9166	25000	
1362	9113	25220	
1352	9186	25096	
1301	9197	25096	
1312	9163	25040	
1391	9132	25129	
1399	9156	25025	
1326	9155	25154	
1420	9165	24996	
1359	9236	25173	
1377	9056	25170	
1356	9150	25150	
1339	9314	24982	
1407	9203	24940	
1354	9148	24983	
1382	9252	24998	
1324	9231	24890	
1333	9263	24931	
1356	9175	25040	
1452	9163	24981	
1359	9163	25059	
1402	9152	24985	
1341	9288	24954	
1378	9275	25021	
1350	9293	24932	
1379	9344	24979	
1335	9218	25099	
1306	9137	25049	
1310	9117	25183	
1372	9248	25005	
1263	9327	24987	
1469	9225	24890	
1358	9136	25097	
1359	9239	24962	
1373	9266	25014	
1398	9188	25071	
1356	9090	25170	
1317	9276	24971	
1359	9142	25053	
1357	9170	25027	
1362	9245	25023	
1347	9105	25071	
1394	9171	25146	
1344	9126	25153	
1374	9117	25233	
1287	9268	25103	
1345	9200	25154	
1364	9134	24967	
1416	9164	25087	
1372	9162	25066	
1449	9109	25004	
1299	9150	25014	
1357	9188	25124	
1336	9211	24946	
1395	9327	24970	
1380	9231	24943	
1273	9281	25166	
1313	9111	25106	
1446	9173	25023	
1336	9140	25033	
1402	9153	25068	
1345	9083	25070	
1366	9133	25041	
1389	9234	24974	
1348	9070	25095	
1419	9292	25035	
1379	9183	25029	
1342	9293	25015	
1376	9156	25021	
1334	9341	24823	
1401	9159	24983	
1356	9187	24919	
1373	9172	24952	
1282	9217	25112	
1262	9186	25083	
1358	9183	25015	
1323	9195	24994	
1370	9110	25027	
1333	9342	24891	
1374	9202	24967	
1330	9071	25115	
1381	9110	25145	
1298	9192	25105	
1349	9173	25083	
1274	9057	25259	
1397	9181	24995	
1335	9170	25095	
1362	9138	25103	
1276	9166	25056	
1378	9119	25157	
1344	9109	24979	
1382	9047	25116	
1372	9225	24921	
1329	9107	25169	
1310	9268	25020	
1309	9190	25054	
1391	9207	25023	
1315	9344	24893	
1435	8999	25191	
1341	9206	25020	
1348	9271	25026	
1352	9112	25101	
1306	9114	25061	
1324	9094	25090	
1318	9191	24859	
1321	9130	25113	
1436	9307	24925	
1369	9319	24973	
1422	9159	25062	
1441	9054	25154	
1326	9143	25134	
1360	9223	24964	
1376	9122	25160	
1318	9177	25141	
1269	9129	25131	
1290	9127	25169	
1345	9101	25067	
1327	9105	25149	
1342	9305	24876	
1334	9206	25059	
1324	9207	25116	
1333	9103	25044	
1350	9232	24959	
1358	9278	24908	
1288	9176	25079	
1366	9161	25057	
1270	9242	24943	
1305	9190	25107	
1393	9194	25072	
1379	9343	24907	
1343	9337	24857	
1428	8996	25097	
1338	9237	25036	
1335	9338	24865	
1345	9243	24993	
1327	9247	24947	
1309	9130	25147	
1288	9119	25164	
1374	9220	25083	
1335	9198	24973	
1320	9066	25209	
1375	9104	25175	
1389	9172	25091	
1396	9019	25196	
1357	9165	25128	
1360	9232	24966	
1376	9339	24914	
1416	9253	24966	
1396	9173	25051	
1273	9200	25066	
1381	9086	25086	
1412	9137	25011	
1360	9228	24891	
1299	9208	24975	
1403	9229	25007	
1279	9244	25092	
1299	9286	24871	
1420	9185	24958	
1362	9177	25028	
1392	9031	25148	
1343	9245	24876	
1298	9293	25050	
1370	9201	25016	
1305	9111	25150	
1374	9293	24885	
1344	9207	24996	
1392	9292	24875	
1337	9365	24946	
1428	9222	24964	
1329	9301	25013	
1399	9115	25127	
1407	9126	25061	
1454	9263	24923	
1330	9248	25111	
1357	9382	24954	
1302	9216	25004	
1420	9205	24937	
1360	9130	25033	
1282	9172	25038	
1302	9238	25116	
1375	9305	24877	
1384	9178	25011	
1431	9102	25000	
1328	9304	24956	
1301	9236	24972	
1375	9263	24975	
1306	9172	25088	
1323	9082	25153	
1338	9151	25054	
1346	9161	25022	
1346	9272	25002	
1317	9102	25188	
1306	9230	24930	
1301	9189	25112	
1409	9303	24947	
1318	9239	25073	
1379	9191	24917	
1297	9117	25053	
1270	9306	24994	
1383	9237	25095	
1386	9204	25022	
1337	9337	24845	
1283	9198	25053	
1361	9123	25150	
1333	9231	25033	
1307	9192	25029	
1402	9095	25013	
1402	9277	24830	
1329	9297	25044	
1336	9235	25038	
1349	9394	24970	
1308	9159	25156	
1377	9237	24933	
1367	9102	25147	
1346	9093	25111	
1410	9264	24920	
1400	9187	25145	
1321	9270	25033	
1396	9061	25127	
1305	9242	25070	
1310	9241	24927	
1329	9214	25043	
1450	9269	24920	
1342	9041	25278	
1384	9005	25174	
1367	9115	25149	
1384	9189	25032	
1335	9195	25023	
1412	9229	24942	
1337	9146	25062	
1353	9201	25057	
1362	9082	25127	
1348	9189	24900	
1317	9148	25175	
1367	9210	24979	
1333	9091	25124	
1375	9197	24992	
1393	9123	25142	
1333	9225	24992	
1307	9081	25004	
1337	9151	25008	
1370	9241	24964	
1411	9241	25029	
1270	8986	25166	
1281	9128	25014	
1350	9242	24950	
1392	9311	24935	
1352	9136	25004	
1263	9094	25208	
1295	9259	24975	
1315	9147	25079	
1460	9268	24993	
1248	9306	24940	
1366	9327	24840	
1298	9152	25051	
1379	9282	24892	
1412	9259	24917	
1312	9309	24902	
1357	9033	25161	
1377	9230	25193	
1267	9162	25080	
1452	9304	25094	
1374	9300	24829	
1316	9297	25010	
1312	9286	24974	
1313	9330	24980	
1334	9157	25115	
1297	9149	25062	
1308	9287	24962	
1378	9207	25058	
1317	9138	25125	
1346	9278	25054	
1337	9306	24912	
1346	9021	25183	
1342	9091	25249	
1345	9099	25202	
1310	9439	24911	
1322	9170	25028	
1410	9186	25091	
1347	9450	24886	
1341	9299	24957	
1397	9139	25049	
1315	9207	25123	
1359	9096	25209	
1395	9108	25090	
1322	9154	25102	
1424	9179	25073	
1382	9322	24860	
1298	9285	24900	
1319	9183	24960	
1322	9139	25191	
1299	9287	24965	
1328	9161	25068	
1337	9326	25027	
1372	9119	25058	
1344	9228	25067	
1399	9080	25094	
1416	9214	24933	
1411	9072	25102	
1337	9254	25013	
1307	9044	25151	
1325	9220	24893	
1396	9194	25000	
1390	9261	24999	
1322	9259	24934	
1353	9288	25034	
1350	9174	25001	
1376	9016	25242	
1293	9202	25112	
1366	9204	24957	
1388	9202	25100	
1286	9152	25220	
1391	9120	25083	
1300	9031	25274	
1456	9315	24923	
1439	9510	24853	
1336	9080	25159	
1280	9136	25163	
1437	9114	25120	
1340	9254	25000	
1398	9066	25212	
1290	9072	25224	
1356	9084	25082	
1367	9135	25002	
1335	9236	24959	
1397	9292	24987	
1354	9288	25018	
1318	9239	24992	
1313	9278	24918	
1360	9171	25021	
1362	9258	24930	
1357	9147	25134	
1391	9238	25014	
1395	9310	24836	
1295	9232	25148	
1302	9120	25157	
1340	9073	25212	
1303	9100	25044	
1301	9265	25043	
1360	9175	25009	
1402	9181	25064	
1351	9350	24869	
1411	9112	25127	
1421	9185	24978	
1369	9314	24884	
1285	9204	25142	
1312	9299	24945	
1345	9024	25251	
1342	9143	25164	
1398	9062	25081	
1365	9242	24919	
1376	9247	24970	
1409	9322	24910	
1429	9154	25061	
1426	9189	25027	
1399	9292	25018	
1413	9230	24960	
1390	9251	24996	
1351	9205	25063	
1425	9365	24868	
1387	9179	24981	
1382	9261	24971	
1319	9153	25043	
1347	9133	24998	
1413	9286	24919	
1362	9111	25045	
1415	9250	24978	
1392	9147	25131	
1426	9245	24995	
1357	9135	25058	
1367	9197	25039	
1339	9236	25083	
1345	9158	25137	
1370	9247	24962	
1343	9260	24954	
1376	9211	25020	
1319	9322	24880	
1377	9161	25112	
1453	9100	25197	
1332	9148	25102	
1349	9172	25099	
1306	9287	24989	
1300	9353	24867	
1346	8970	25096	
1357	9097	25130	
1416	9081	25094	
1369	9077	25154	
1368	9026	25169	
1423	9129	25087	
1377	9160	25015	
1338	9158	25117	
1389	9124	25090	
1394	9164	25104	
1320	9099	25141	
1418	9057	25175	
1329	9284	24976	
1385	9020	25180	
1318	9151	25051	
1340	9302	24904	
1365	9134	25080	
1355	9219	25028	
1361	9183	24970	
1325	9327	24953	
1342	9005	25146	
1331	9263	24935	
1359	9300	25024	
1296	9010	25165	
1388	9048	25157	
1250	9282	24963	
1319	9054	25196	
1227	9315	24983	
1325	9290	24891	
1373	9191	25025	
1368	9463	24841	
1319	9155	25146	
1401	9109	25150	
1348	9106	25208	
1353	9275	24914	
1379	9157	25139	
1242	9041	25191	
1394	9134	25018	
1387	9079	25240	
1411	9232	24964	
1337	9253	24963	
1346	9126	25029	
1328	9211	25050	
1314	9320	25082	
1253	9233	25135	
1380	9026	25304	
1337	9269	25093	
1289	9143	25136	
1334	9158	25139	
1447	9180	24953	
1344	9352	24901	
1416	9200	25081	
1281	9114	25034	
1375	9122	25096	
1340	9314	24980	
1382	9066	25099	
1313	9172	25039	
1415	9178	25091	
1346	9391	24757	
1362	9161	24923	
1359	9183	24946	
1393	9083	24987	
1335	9192	24984	
1425	9128	25063	
1372	9253	25050	
1303	9192	25066	
1431	9293	24892	
1362	9071	25082	
1365	9292	24885	
1370	9196	25067	
1367	9311	24982	
1366	9164	25134	
1384	9094	25073	
1362	9032	25230	
1364	9174	25092	
1349	9293	25011	
1346	9305	24829	
1367	9140	25130	
1360	9033	25278	
1324	9229	25043	
1377	9103	25053	
1343	9263	25065	
1386	9286	24941	
1371	9238	24937	
1301	9072	25153	
1399	8987	25186	
1331	9145	24988	
1307	9063	25105	
1408	9189	25121	
1451	9158	24986	
1388	9184	25122	
1300	9209	24975	
1383	9206	25030	
1319	9207	25025	
1325	9514	24814	
1378	9129	25106	
1342	9216	24982	
1370	9082	25174	
1299	9116	25182	
1297	9098	25085	
1396	9200	25056	
1350	9248	24994	
1364	9263	25057	
1383	9309	24981	
1372	9306	25034	
1377	9008	25187	
1357	9175	25072	
1350	9222	24997	
1274	9102	25275	
1425	9192	25010	
1311	9132	25151	
1395	9172	25056	
1333	9133	25013	
1401	9263	24969	
1316	9252	25065	
1342	9269	24923	
1342	9213	24963	
1334	9370	24862	
1360	9223	24948	
1359	9271	25057	
1369	8992	25241	
1374	9273	25068	
1381	9251	24968	
1332	9096	25139	
1405	9084	25139	
1385	9158	25039	
1432	9011	25167	
1304	9049	25109	
1293	9195	24968	
1356	9115	25126	
1411	9162	25086	
1385	9253	25026	
1354	9027	25214	
1393	9226	24961	
1447	9201	24980	
1355	9070	25223	
1354	9260	24973	
1332	9130	25053	
1299	9269	24997	
1350	9250	25014	
1330	9240	24940	
1393	9241	24953	
1373	9190	25113	
1330	9282	24904	
1290	9297	25069	
1365	9085	25102	
1325	9196	25080	
1286	9186	25104	
1366	9043	25081	
1368	9009	25096	
1383	9267	24911	
1385	9260	25027	
1292	9237	25046	
1438	9232	24916	
1381	9141	25066	
1439	9216	25066	
1266	9130	25165	
1329	9293	25020	
1296	9243	25136	
1402	9108	25095	
1349	9125	25178	
1302	9189	25002	
1337	9235	24952	
1401	9001	25276	
1386	9181	25193	
1329	9200	25017	
1404	9110	24896	
1361	9191	25020	
1281	9107	25159	
1336	9294	24974	
1441	9213	24968	
1359	9226	24990	
1402	9275	24880	
1440	9158	24986	
1327	9259	25022	
1348	9221	25094	
1356	9385	24864	
1306	9147	25059	
1354	9132	25158	
1356	9128	24964	
1368	9197	25024	
1422	9250	24930	
1396	9392	24824	
1373	9156	25099	
1353	9299	24954	
1314	9174	25123	
1324	9212	24999	
1280	9206	25086	
1348	9131	25199	
1400	9116	25091	
1366	9159	25026	
1276	9193	25093	
1323	9243	25080	
1313	9277	25101	
1375	9173	25045	
1371	9192	25032	
1321	9229	25090	
1314	9174	25100	
1375	9116	25134	
1405	8992	25239	
1385	9230	25036	
1258	9002	25201	
1323	9186	25069	
1340	9163	25009	
1389	9229	25034	
1402	9186	25036	
1349	9208	25044	
1360	9112	25040	
1388	9189	24951	
1342	9263	24999	
1391	9214	25045	
1405	8954	25196	
1350	9238	25003	
1309	9107	25170	
1412	9196	25040	
1369	9061	25210	
1410	9248	25029	
1365	9235	24978	
1421	9107	25016	
1291	9237	25056	
1381	9194	25056	
1352	9355	24823	
1368	9119	25068	
1258	9259	24953	
1360	9066	25293	
1337	9286	25033	
1298	9112	25038	
1334	9252	25025	
1379	9072	25139	
1328	9223	25029	
1349	9145	25076	
1355	9148	25130	
1349	9286	24944	
1401	9227	24915	
1328	9175	24993	
1363	9175	24972	
1347	9134	25138	
1404	9113	25116	
1367	9070	25161	
1332	9134	25180	
1388	9095	25097	
1390	9233	24960	
1403	9082	25206	
1346	9153	25009	
1386	9119	25130	
1368	9265	24832	
1372	9026	25198	
1314	9197	25092	
1329	9235	25091	
1358	9161	25102	
1373	9299	24882	
1394	9212	24976	
1300	9241	25078	
1380	9417	24841	
1404	9139	25013	
1359	9087	25234	
1318	9208	25040	
1352	9213	25113	
1279	9114	25248	
1356	9251	25069	
1415	9093	25148	
1341	9083	25126	
1305	9149	25129	
1386	9299	24889	
1324	9162	25174	
1388	9097	25138	
1367	9237	25003	
1328	9127	25031	
1303	9187	25102	
1355	9221	25117	
1345	9346	24909	
1358	9095	25054	
1310	9323	24969	
1367	9129	25068	
1417	9188	24996	
1377	9129	25125	
1409	9125	25160	
1355	9239	25044	
1321	9039	25128	
1294	9305	24988	
1376	9351	24898	
1360	9099	25258	
1342	9183	25112	
1328	9183	24964	
1380	9103	25136	
1342	9188	25038	
1413	9102	25145	
1439	9219	24991	
1310	9252	25086	
1398	9143	25148	
1355	9087	25146	
1349	9328	24898	
1351	9181	24963	
1412	9181	25047	
1374	9121	25040	
1302	9167	25131	
1379	9148	25067	
1374	9166	25239	
1372	9234	24993	
1342	8999	25123	
1358	9153	25077	
1345	9204	24994	
1365	9247	24872	
1345	9383	24895	
1401	9165	24957	
1380	9191	25186	
1314	9191	24971	
1336	9247	25090	
1340	9147	25087	
1333	9028	25267	
1378	9139	25031	
1329	9316	24883	
1408	9134	25071	
1320	9099	25086	
1311	9179	25032	
1328	9183	25074	
1398	9244	25085	
1415	9116	25093	
1324	9228	24980	
1389	9229	24841	
1312	9319	24886	
1374	9097	25219	
1291	9197	24953	
1281	9298	25003	
1331	9262	24861	
1390	9056	25209	
1316	9157	25107	
1339	9325	24946	
1306	9239	25079	
1324	9308	25038	
1379	9135	25120	
1308	9429	24702	
1342	9283	24909	
1370	9195	24986	
1391	9104	24985	
1327	9157	25132	
1367	9212	25039	
1377	9206	25008	
1313	9203	25065	
1301	9092	25010	
1357	9096	25050	
1348	9148	25197	
1379	9179	25056	
1331	9234	24990	
1326	9030	25121	
1447	9217	24919	
1371	9292	24911	
1310	9179	25120	
1326	9321	24907	
1411	9196	25049	
1363	9227	24989	
1336	9044	25200	
1351	9284	25004	
1372	9099	25146	
1435	9243	25028	
1327	9143	25073	
1391	9116	25117	
1344	9200	25022	
1365	9221	25134	
1367	9148	25052	
1340	9145	25148	
1306	9206	25001	
1344	9186	25123	
1383	9287	24959	
1365	9036	25185	
1378	9314	24965	
1360	9249	24952	
1396	9200	24862	
1377	9243	24997	
1345	9038	25098	
1367	9208	25045	
1386	9081	25136	
1344	9291	24971	
1333	9091	25135	
1362	9311	24973	
1327	9162	25182	
1416	9181	24939	
1388	9202	25107	
1258	9251	25068	
1373	9195	25127	
1338	9132	25100	
1268	9230	25115	
1414	9136	25124	
1427	9071	25082	
1353	9215	24981	
1387	9239	25093	
1391	9295	24900	
1382	9371	24931	
1415	9098	25068	
1352	9256	24921	
1325	9192	25067	
1368	9152	25034	
1326	9265	24923	
1358	9263	25041	
1353	9280	24926	
1382	9192	24995	
1404	9131	25045	
1358	9150	25177	
1391	9179	25104	
1330	9363	24969	
1401	9134	25115	
1396	9248	25021	
1320	9213	25069	
1365	9156	25152	
1348	9173	25116	
1311	9266	25028	
1356	9238	25023	
1347	9292	24948	
1390	9210	25070	
1366	9286	24982	
1336	9250	25056	
1368	9192	25164	
1361	9238	24973	
1365	9158	24928	
1348	9152	25117	
1362	9170	25068	
1333	9145	25173	
1301	9234	24974	
1350	9176	25051	
1316	9342	24913	
1308	9360	24876	
1336	9154	25114	
1348	9106	25040	
1337	9233	24902	
1403	9252	25098	
1379	9118	24980	
1351	9256	25039	
1374	9185	25028	
1310	9366	24894	
1296	9293	24988	
1315	9180	25026	
1369	9217	24980	
1338	9360	24915	
1387	9308	24951	
1389	9039	25179	
1431	9373	24965	
1330	9285	25006	
1307	9247	25018	
1353	9169	25096	
1346	9188	25141	
1317	9163	25108	
1342	9111	25116	
1444	9231	25005	
1375	9093	25147	
1337	9212	25045	
1393	9272	24948	
1375	9113	25098	
1338	9127	25198	
1335	9138	25093	
1389	9051	25154	
1326	9188	25090	
1399	9219	25027	
1319	9223	24945	
1472	9213	25074	
1429	9313	24918	
1376	9112	25042	
1393	9210	24933	
1392	9296	25005	
1355	9299	24902	
1392	9239	24862	
1351	9212	25119	
1365	9196	25019	
1393	9277	25055	
1327	9099	25117	
1332	9211	25079	
1423	9284	24853	
1374	9201	25053	
1335	9152	25104	
1322	9402	24764	
1325	9088	25232	
1329	9212	25054	
1336	9179	25007	
1345	9112	24963	
1385	9061	25176	
1359	9214	25087	
1302	9209	25072	
1386	9042	25076	
1332	9239	25001	
1325	9219	25019	
1397	9214	24975	
1306	9185	25068	
1322	9144	24982	
1382	9148	25014	
1370	9245	24974	
1359	9198	25084	
1514	9199	25041	
1317	9233	24977	
1386	9033	25287	
1409	9299	24944	
1346	9368	24860	
1334	9266	24992	
1415	9175	24903	
1349	9127	25076	
1380	9324	24842	
1444	9242	25041	
1354	9234	24990	
1416	9219	25053	
1335	9189	24999	
1341	9278	24974	
1408	9105	25199	
1406	9159	25111	
1323	9322	24933	
1365	9262	25017	
1322	9204	25039	
1353	9046	25128	
1436	9225	24937	
1413	9210	24974	
1357	9080	25183	
1363	9106	25181	
1366	9175	25083	
1392	9253	24899	
1381	9217	25050	
1320	9206	25056	
1339	9080	25094	
1330	9217	25015	
1352	9228	25043	
1373	9227	25016	
1380	9147	25104	
1384	9172	25118	
1306	9191	25031	
1364	9179	24997	
1345	9173	25026	
1334	9194	24951	
1315	9232	25151	
1303	9254	24977	
1367	9313	24891	
1361	9468	24803	
1406	9239	25054	
1310	9083	25123	
1392	9236	25003	
1368	9209	25102	
1341	9108	25236	
1422	9240	25052	
1380	9145	25113	
1368	9154	25127	
1366	9135	25115	
1319	9268	24905	
1315	9405	24846	
1442	9071	25097	
1348	9203	24935	
1415	9133	25079	
1316	9201	25105	
1288	9393	24941	
1383	9194	24989	
1366	9235	25015	
1435	9145	25081	
1347	9293	24889	
1360	9253	24971	
1398	9106	25101	
1372	9039	25176	
1391	9283	24842	
1323	9248	25078	
1378	9282	24950	
1289	9248	25073	
1401	9234	25090	
1334	9193	25131	
1359	9209	24992	
1358	9119	25128	
1322	9198	24995	
1321	9130	25027	
1359	9040	25195	
1437	9260	24953	
1361	9198	25006	
1415	9196	25052	
1396	9211	25043	
1380	9230	24993	
1351	9215	25010	
1385	9031	25158	
1351	9195	25055	
1292	9270	25075	
1305	9281	24926	
1384	9192	25020	
1355	9291	24896	
1340	9298	25077	
1332	9176	25104	
1333	9158	25133	
1438	9162	24935	
1357	9453	24837	
1295	9381	24939	
1384	9270	25014	
1315	9168	25158	
1316	9267	25030	
1408	9157	25160	
1411	9241	25075	
1339	9290	24961	
1353	9188	25040	
1342	9096	25095	
1389	9273	24888	
1354	9292	24958	
1343	9320	24916	
1389	9272	24999	
1292	9127	25186	
1365	9222	25065	
1382	9215	25065	
1326	9325	24977	
1352	9210	24953	
1416	9170	25115	
1310	9287	24885	
1345	9145	25159	
1351	9136	25055	
1381	9018	25216	
1298	9190	25061	
1393	9225	24856	
1334	9065	25212	
1367	9213	25001	
1315	9112	25071	
1313	9164	25115	
1365	9097	25150	
1396	8985	25288	
1363	9248	24980	
1431	9252	24954	
1351	9292	25012	
1472	9264	25090	
1367	9181	24938	
1385	9173	25210	
1285	9127	25090	
1358	9110	25035	
1345	9181	25015	
1342	9421	24784	
1303	9153	25053	
1354	8984	25224	
1381	9214	24996	
1413	8964	25191	
1361	9271	25004	
1390	9426	24916	
1329	9131	24988	
1384	9139	25124	
1363	9184	25036	
1368	9067	25058	
1434	9060	25144	
1317	9284	24951	
1385	9315	25034	
1333	9039	25329	
1368	9148	25045	
1353	9220	25053	
1297	9160	25136	
1362	9201	25033	
1352	9123	25160	
1376	9169	25001	
1365	9324	24964	
1407	9084	25273	
1372	9300	24933	
1344	9235	25004	
1367	9190	25069	
1319	9174	25062	
1391	9144	25145	
1351	9279	24897	
1329	9013	25200	
1319	9237	25090	
1366	9138	25077	
1350	9196	24943	
1386	9168	25141	
1361	9185	25105	
1334	9227	24973	
1375	9166	25095	
1363	9299	25026	
1348	9101	25193	
1279	9203	25138	
1282	9148	25159	
1414	9178	25057	
1316	9187	25020	
1341	9150	25119	
1377	9190	25061	
1328	9198	25018	
1315	9159	25157	
1372	9338	24925	
1330	9214	24957	
1303	9415	24939	
1305	9149	25241	
1344	9201	25074	
1335	9246	25024	
1318	9225	25084	
1360	9055	25189	
1340	9260	25017	
1227	9197	25095	
1407	9313	24878	
1327	9202	25087	
1386	9261	25067	
1328	9140	25098	
1374	9349	25004	
1364	9184	25019	
1273	9137	25209	
1352	9243	25018	
1410	9206	25049	
1404	9137	25071	
1403	9202	25031	
1323	9189	25037	
1375	9168	25055	
1376	9127	24964	
1318	9373	25052	
1346	9249	24981	
1375	9105	25038	
1394	9306	24865	
1407	9227	24987	
1397	9080	25016	
1360	9138	25176	
1327	9055	25128	
1365	9154	25067	
1382	9372	24872	
1371	9347	24929	
1304	9082	25107	
1376	9195	24984	
1365	9192	24992	
1363	9117	24953	
1367	9108	25179	
1369	9234	25021	
1361	9290	24871	
1318	9260	24984	
1322	9242	24978	
1424	9277	24935	
1339	9283	24902	
1322	9235	25051	
1375	9291	24893	
1308	9152	25033	
1329	9144	24976	
1392	9121	25105	
1337	9188	25023	
1354	9234	25037	
1269	9247	25090	
1408	9206	25052	
1337	9150	25115	
1367	9150	25059	
1332	9100	25094	
1357	9045	25097	
1353	9309	24887	
1351	9281	24975	
1469	9148	25100	
1303	9243	25061	
1397	9282	25061	
1365	9109	25149	
1351	9192	25045	
1313	9285	24960	
1375	9161	25100	
1318	9193	25047	
1367	9250	25025	
1370	9229	25049	
1345	9298	25003	
1325	9273	25011	
1377	9276	24853	
1379	9469	24874	
1342	9219	25000	
1397	9390	24848	
1356	9243	24992	
1361	9195	25034	
1410	9280	24961	
1387	9140	25119	
1391	9162	25119	
1360	9329	24906	
1352	9203	25072	
1399	9146	24932	
1291	9186	25140	
1342	9088	25167	
1376	9326	24993	
1377	8991	25183	
1356	9405	24779	
1383	9120	25100	
1370	9149	25071	
1350	9351	24966	
1404	9085	25105	
1364	9252	24998	
1424	9062	25052	
1350	9295	24967	
1302	9080	25149	
1335	9333	24937	
1362	9266	24886	
1376	9186	24978	
1329	9236	25001	
1375	9129	25095	
1351	9287	24863	
1347	9294	25038	
1378	9338	24879	
1370	9159	25156	
1305	9241	25095	
1308	9135	25154	
1401	9344	24947	
1376	9078	25081	
1374	9154	25073	
1339	9205	24995	
1477	9238	25000	
1361	9206	25015	
1337	9177	25087	
1405	9157	24936	
1367	9319	24793	
1366	9044	25109	
1336	9168	25178	
1345	9237	25074	
1293	9187	25140	
1361	9284	24938	
1339	9125	25074	
1367	9207	25024	
1364	9146	25108	
1338	9262	24996	
1371	9137	25013	
1354	9157	25094	
1444	9033	25129	
1384	9224	25092	
1391	9232	25116	
1378	9008	25242	
1397	9260	25046	
1343	9233	25078	
1375	9154	25051	
1314	9216	24896	
1271	9249	24974	
1307	9148	24992	
1325	9198	25092	
1360	9160	25027	
1411	9144	25248	
1379	9148	25116	
1365	9174	24980	
1362	9138	25069	
1342	9164	24941	
1329	9288	24983	
1337	9170	25032	
1345	9122	25172	
1303	9066	25129	
1380	9210	25021	
1304	9137	25068	
1327	9156	25124	
1348	9048	25148	
1363	9220	24998	
1458	9123	25012	
1382	9199	25087	
1293	9284	24958	
1306	9176	24937	
1334	9216	25085	
1365	9090	24998	
1400	9013	25119	
1393	9338	24937	
1310	9138	25129	
1413	9149	25094	
1417	9143	25010	
1366	9104	25120	
1364	9183	24998	
1316	9194	25126	
1311	9244	25019	
1372	9185	25008	
1396	9268	25069	
1280	9110	25201	
1356	9177	25087	
1322	9233	25013	
1323	9165	25021	
1315	9313	25059	
1419	9132	25051	
1276	9326	24911	
1344	9087	25136	
1335	9183	25130	
1371	9145	25128	
1349	9329	24863	
1336	9156	25047	
1382	9319	25001	
1334	9123	25125	
1406	9161	25081	
1393	9298	24812	
1323	9224	25075	
1431	9197	24973	
1380	9134	25043	
1380	9316	24990	
1301	9231	25145	
1263	9199	25057	
1329	9266	24997	
1455	9238	25015	
1385	9162	24997	
1355	9295	24932	
1389	9191	25121	
1312	9082	25242	
1337	9230	24905	
1352	9086	25037	
1346	9137	25179	
1306	9082	25282	
1459	9102	25103	
1322	9124	25099	
1389	9183	24980	
1359	9148	25168	
1316	9026	25200	
1387	9190	25119	
1399	9230	24933	
1403	9350	24944	
1316	9110	25171	
1385	9173	24986	
1417	9083	25142	
1355	9097	24993	
1339	9114	25179	
1327	9134	25130	
1372	9221	24933	
1322	9147	25004	
1357	9140	25086	
1383	9075	25112	
1317	9104	25113	
1406	8958	25204	
1267	9227	25164	
1377	9054	25132	
1390	9101	25054	
1362	9088	25091	
1363	9294	24883	
1328	9229	25027	
1326	9285	25102	
1323	9153	25129	
1283	9044	25244	
1351	9152	25064	
1339	9299	24913	
1334	9245	24961	
1361	9188	25019	
1418	9360	24867	
1358	9125	25058	
1332	9332	24907	
1298	9345	24920	
1418	9086	25102	
1340	9183	25069	
1415	9235	24993	
1363	9291	25054	
1339	9198	25041	
1304	9210	25050	
1358	9082	25113	
1343	9167	25012	
1399	9062	25086	
1369	9237	24984	
1372	9154	25060	
1387	9330	24921	
1388	9254	24947	
1365	9218	25085	
1335	9177	25124	
1381	9200	24986	
1412	9339	24837	
1395	9270	24967	
1307	9127	25123	
1349	9382	24855	
1448	9086	25075	
1427	9142	25106	
1319	9201	25137	
1386	9019	25139	
1444	9214	24930	
1354	9199	25044	
1339	9158	25141	
1359	9366	24981	
1278	9181	25180	
1320	9196	24937	
1327	9243	25097	
1388	9324	24998	
1364	9206	24905	
1369	9132	25173	
1343	9339	24859	
1319	9211	25150	
1348	9231	25085	
1397	9270	24988	
1317	9115	25033	
1389	9174	25021	
1450	9249	24974	
1329	8980	25384	
1343	9241	25011	
1324	9109	25100	
1351	9301	24996	
1402	9236	24942	
1335	9063	25197	
1371	9302	24980	
1342	9266	24987	
1358	9267	24937	
1356	9146	25203	
1343	9097	25133	
1387	9247	25004	
1328	9308	25049	
1341	9264	24959	
1341	9085	25187	
1328	9125	25092	
1285	9340	25001	
1397	9126	25193	
1394	9237	24999	
1403	9070	25033	
1375	9192	25039	
1367	9069	25039	
1255	9239	25055	
1421	9056	25217	
1394	9140	25012	
1360	9235	24969	
1413	9208	24987	
1396	9316	24963	
1386	9342	25052	
1362	9106	25115	
1372	9187	25082	
1389	9339	24866	
1348	9408	24899	
1386	9188	25019	
1349	9158	25015	
1322	9182	25081	
1286	9187	25196	
1414	9236	25017	
1399	9182	25096	
1302	9287	25072	
1357	9131	25123	
1393	9222	25017	
1359	9230	25165	
1345	9140	24996	
1316	9139	25091	
1340	9043	25166	
1272	9286	25011	
1320	9141	25092	
1352	9077	25076	
1389	8954	25261	
1383	9155	24942	
1345	9243	25095	
1383	9170	25073	
1320	9231	24988	
1467	9295	24819	
1307	9216	24976	
1315	9148	25164	
1365	9158	24917	
1330	9140	25095	
1398	9115	25249	
1379	9145	25047	
1394	9208	24981	
1382	9076	24989	
1336	9235	25011	
1396	9196	25000	
1349	9228	24893	
1316	9374	24945	
1341	9171	25108	
1344	9178	25143	
1363	9141	25071	
1382	9258	24894	
1366	9196	25017	
1363	9212	25000	
1377	9133	25000	
1374	9344	24858	
1321	8979	25223	
1321	9275	25056	
1280	9182	25086	
1426	9357	24878	
1364	9006	25138	
1376	9180	25134	
1405	9197	25065	
1299	9073	25199	
1386	9139	25193	
1408	9163	25193	
1403	9161	25174	
1367	9250	25018	
1304	9369	24977	
1380	9186	25150	
1340	9317	24858	
1352	9234	25039	
1412	9241	25038	
1350	9301	25003	
1334	9216	25019	
1369	9161	25090	
1341	9262	25105	
1418	9293	24857	
1400	9210	25014	
1355	9144	25017	
1351	9198	24991	
1366	9213	25059	
1417	9055	25165	
1316	9072	25205	
1298	9216	25009	
1446	9201	24994	
1323	9213	25085	
1349	9163	25101	
1369	9152	25072	
1325	9242	24975	
1409	9328	24966	
1343	9189	25017	
1359	9231	25008	
1378	9213	25071	
1301	9305	24803	
1372	9219	24932	
1320	9268	25025	
1375	9165	24964	
1291	9247	24983	
1342	9294	24874	
1289	9266	25060	
1365	9209	25056	
1374	9283	24981	
1387	9200	24998	
1289	9232	25075	
1385	9194	24992	
1358	9043	25119	
1408	9047	25145	
1365	9076	25094	
1333	9370	24860	
1278	9162	25016	
1369	9089	25065	
1376	9240	25148	
1314	9277	25102	
1326	9252	25029	
1321	9277	25034	
1337	9156	25100	
1355	9109	25223	
1311	9060	25245	
1387	9259	25045	
1332	9291	24844	
1332	9217	24990	
1393	9218	25178	
1340	9282	24960	
1353	9101	25163	
1349	9390	24902	
1338	9174	25173	
1390	9123	25073	
1438	9120	25076	
1387	9184	25016	
1313	9338	24930	
1376	9227	25006	
1327	9372	24793	
1426	9137	25116	
1313	9237	24901	
1350	9267	25039	
1331	9304	25017	
1338	9269	24996	
1320	9138	25054	
1356	9275	24942	
1403	9211	25076	
1357	9004	25132	
1398	9145	25043	
1344	9272	24990	
1336	9143	25066	
1270	9201	24976	
1329	9184	25052	
1362	9274	25097	
1405	9179	24917	
1346	9221	25083	
1334	9167	25134	
1381	9095	25061	
1367	9290	25056	
1396	9149	25053	
1372	9329	24899	
1332	9128	25140	
1386	9139	24951	
1291	9194	24958	
1377	9196	25169	
1350	9189	24985	
1388	9145	25116	
1332	9036	25208	
1403	9140	25058	
1403	9192	25058	
1351	9111	25194	
1315	9205	24999	
1312	9198	24996	
1366	9311	24978	
1347	9347	24955	
1272	9173	25224	
1336	9167	25130	
1374	9294	24998	
1406	9271	25017	
1372	9296	24961	
1328	9143	24963	
1310	9356	24999	
1357	9144	25085	
1330	9141	25035	
1356	9191	25064	
1372	9078	25229	
1396	9109	25150	
1345	9100	25180	
1361	9240	24917	
1370	9179	24960	
1344	9181	25071	
1395	9196	24993	
1304	9171	25129	
1387	9267	25043	
1375	9304	25061	
1370	9194	25058	
1351	9190	24972	
1360	9304	24945	
1380	9227	25036	
1293	9203	25146	
1344	9202	24952	
1399	9169	24964	
1439	9112	25137	
1310	9205	25065	
1375	9031	25139	
1368	9154	25081	
1423	9190	25008	
1362	9309	25072	
1380	9237	24967	
1362	9090	25186	
1376	9143	25179	
1375	9057	25195	
1357	9071	25137	
1318	9169	25110	
1325	9202	24949	
1343	9106	25127	
1346	9231	25008	
1366	9244	24975	
1349	9031	25105	
1387	9128	25149	
1354	9204	25048	
1346	9344	24942	
1386	9220	25042	
1381	9215	24987	
1493	9221	24928	
1387	9110	25131	
1378	9219	25125	
1291	9263	25026	
1374	9101	25189	
1274	9290	25062	
1394	9200	24985	
1368	9197	25009	
1384	9214	25042	
1351	9092	25067	
1282	9255	25007	
1318	9177	25151	
1276	9197	25089	
1403	9292	24917	
1331	9121	25139	
1453	9252	24911	
1383	9105	25080	
1253	9153	25057	
1367	9268	24989	
1306	9199	25056	
1339	9126	25048	
1355	9119	25010	
1315	9243	25045	
1386	9247	24966	
1356	9063	25154	
1307	9157	25030	
1324	9175	25034	
1365	9220	24884	
1251	9194	25201	
1408	9089	25212	
1358	9149	24984	
1337	9236	24853	
1371	9272	25004	
1315	9233	25122	
1381	9231	24993	
1395	9163	25102	
1312	9154	25076	
1378	9021	25107	
1371	9000	25205	
1300	9066	25164	
1404	9112	25053	
1384	9125	25121	
1338	9197	25095	
1317	9289	25001	
1361	9238	24958	
1364	9178	25021	
1289	9112	25183	
1420	9148	25059	
1344	9143	25010	
1322	9262	24953	
1399	9103	25233	
1311	9141	25192	
1307	9184	24960	
1382	9232	24897	
1320	9246	25007	
1356	9194	25053	
1332	9138	25160	
1308	9058	25219	
1388	9126	25105	
1358	9246	24930	
1387	9313	24894	
1341	9265	24922	
1364	9182	25024	
1322	9156	24995	
1337	9060	25243	
1370	9093	25089	
1375	9194	25131	
1446	9228	24979	
1356	9150	25157	
1358	9308	24915	
1382	9340	24817	
1304	9281	25135	
1375	9214	25063	
1284	9234	24939	
1340	9311	25009	
1348	9008	25071	
1331	9157	25034	
1329	9279	25022	
1396	9237	25165	
1379	9173	25078	
1337	9207	25002	
1374	9086	25127	
1418	9093	25093	
1326	9335	24900	
1356	9372	24956	
1379	9111	25082	
1392	9335	24987	
1382	9187	24915	
1467	9056	25133	
1346	9036	25119	
1329	9253	24831	
1391	9217	25106	
1321	9220	25027	
1354	9096	25084	
1354	9227	25058	
1369	9152	24998	
1372	9246	24992	
1290	9144	25063	
1333	9259	24924	
1382	9172	25093	
1398	9270	24927	
1364	9252	24950	
1390	9203	25023	
1404	9213	25010	
1375	9223	25018	
1304	8993	25280	
1358	9258	25036	
1407	9259	25023	
1307	9270	25057	
1324	9122	25159	
1393	9038	25218	
1380	9194	25138	
1343	9200	25099	
1406	9239	24955	
1382	9294	24953	
1392	9211	24988	
1393	9202	25058	
1306	9189	25106	
1284	9128	25242	
1425	9170	24961	
1321	9310	25038	
1292	9113	25122	
1389	9015	25139	
1332	9098	25151	
1330	9179	25098	
1386	9232	25114	
1321	9390	24994	
1380	9207	25136	
1366	9208	25020	
1354	9143	25182	
1332	9111	25146	
1302	9271	24950	
1359	9192	25060	
1388	9229	24957	
1297	9146	25067	
1350	9300	24936	
1437	9143	25073	
1389	9284	24943	
1323	9236	25057	
1376	9273	25032	
1350	9056	25168	
1349	9317	24933	
1322	9404	24798	
1378	9163	25091	
1362	9132	25179	
1295	9113	25104	
1379	9162	24984	
1270	9316	24985	
1326	8951	25422	
1347	9141	25054	
1355	9168	25003	
1404	9186	24994	
1328	9146	25088	
1294	9238	25162	
1293	9162	25162	
1287	9286	25121	
1384	9184	25073	
1388	9172	25122	
1367	9162	24997	
1399	9121	25191	
1314	9183	25100	
1383	9200	25023	
1379	9289	24876	
1351	9208	25016	
1350	9266	24949	
1350	9246	24978	
1389	9294	24901	
1320	9129	25070	
1377	9206	25079	
1348	9308	24940	
1270	9354	24930	
1317	9222	25092	
1390	9200	24966	
1355	9132	24986	
1376	9060	25092	
1398	9196	25049	
1327	9243	25172	
1410	9145	25016	
1373	9220	25061	
1372	9446	24804	
1340	9101	25067	
1328	9189	25090	
1344	9295	24961	
1277	9260	25041	
1383	9101	25295	
1365	9093	25172	
1346	9239	25084	
1356	9279	24981	
1304	9214	24995	
1354	9149	25136	
1411	9025	24945	
1346	9185	25069	
1375	9250	24926	
1346	9194	25031	
1336	9224	25047	
1417	9217	24954	
1300	9134	25077	
1402	8991	25239	
1340	9214	24953	
1405	9197	24900	
1451	9026	25133	
1421	9175	25055	
1352	9200	25002	
1408	9043	25128	
1345	9316	24989	
1364	9376	24847	
1445	9277	25039	
1381	9084	25165	
1386	9228	24997	
1368	9233	25077	
1315	9202	25021	
1361	9054	25040	
1423	9181	25104	
1349	9163	24917	
1401	9041	25133	
1408	9225	25103	
1244	9154	25038	
1320	9290	24975	
1353	9092	25164	
1379	9231	25052	
1371	9190	25044	
1354	9212	24955	
1341	9239	25009	
1359	9160	25020	
1439	9344	24951	
1308	9190	25063	
1370	9051	25194	
1308	9269	25065	
1294	9210	24946	
1414	9191	25121	
1365	9451	24817	
1335	9155	25116	
1320	9286	24955	
1324	9189	25068	
1349	9152	25090	
1323	9124	25092	
1349	9262	24949	
1385	9037	25312	
1371	9075	25109	
1369	9045	25171	
1360	9214	25005	
1316	9136	25154	
1367	9051	25106	
1358	9091	25058	
1257	9085	25142	
1362	9242	24986	
1398	9139	25054	
1355	9179	24966	
1340	9165	25005	
1328	9144	25198	
1424	9112	25011	
1436	9122	25125	
1350	9248	25054	
1385	9148	25065	
1351	9313	24931	
1357	9262	25081	
1410	9177	25022	
1361	9289	24893	
1431	9168	25022	
1379	9142	25076	
1404	9042	25060	
1367	9201	24975	
1309	9264	25046	
1418	9188	25051	
1336	9244	24966	
1339	9165	24943	
1357	9265	25106	
1380	9226	25043	
1350	9030	25209	
1338	9209	25036	
1408	9202	24956	
1290	9128	25128	
1337	9306	24909	
1383	9290	25063	
1384	9189	25021	
1369	9185	24927	
1316	9267	24898	
1366	9097	25162	
1319	9118	25093	
1415	9162	25007	
1382	9151	25055	
1398	9237	24830	
1357	9232	24952	
1322	9135	25142	
1313	9214	24970	
1434	9113	25119	
1324	9260	25108	
1327	9120	25093	
1353	9192	24967	
1370	9141	24995	
1330	9334	24970	
1355	9214	24999	
1402	9118	25049	
1396	9273	25048	
1315	9365	25031	
1371	9170	25048	
1281	9044	25145	
1369	9143	25088	
1438	9135	25086	
1370	9228	25120	
1332	9268	24952	
1364	9162	24998	
1368	9372	24837	
1305	9247	25003	
1350	9142	25111	
1363	9252	25095	
1366	9265	25148	
1338	9054	25169	
1363	9325	24879	
1399	9172	24916	
1294	9170	25201	
1366	9109	25120	
1360	9198	25082	
1352	9260	24955	
1328	9138	25127	
1334	9052	25204	
1389	9082	25153	
1397	9205	25017	
1378	9246	25016	
1303	9507	24864	
1392	9219	24972	
1366	9116	25140	
1390	9171	25075	
1326	9198	24992	
1422	9110	25047	
1402	9162	25110	
1377	9109	25029	
1357	9184	24976	
1358	9221	24930	
1331	9223	25058	
1340	9186	25105	
1368	9210	24971	
1380	9336	25001	
1375	9105	25087	
1341	9237	24957	
1410	9319	24936	
1366	8994	25185	
1318	9086	25136	
1367	9132	25037	
1306	9113	25158	
1400	9237	24941	
1369	9127	25110	
1352	9181	25139	
1428	9244	25026	
1401	9195	25005	
1281	9268	25071	
1438	9207	24970	
1365	9208	25063	
1370	9240	24817	
1275	9239	25116	
1306	9101	25043	
1395	9218	24951	
1376	9168	25193	
1308	9220	25038	
1371	9166	24959	
1339	9134	24917	
1344	9145	25043	
1332	9107	25119	
1352	9217	25106	
1367	9326	24927	
1330	9114	25231	
1267	9214	25061	
1376	9219	24927	
1294	8965	25172	
1361	9028	25218	
1312	9265	25071	
1366	9298	25038	
1388	9080	25055	
1330	9149	25006	
1391	9303	24933	
1305	9111	25125	
1367	9183	24952	
1405	9212	25108	
1329	9290	24881	
1389	9296	24795	
1376	9117	25141	
1354	9274	24871	
1383	9260	24877	
1336	9198	25021	
1388	9220	24970	
1359	9319	24969	
1348	9230	24976	
1355	9143	25211	
1401	9307	24932	
1289	9342	24881	
1372	9222	24952	
1318	9039	25313	
1383	9329	24915	
1310	9296	24969	
1468	9090	25131	
1299	9263	24934	
1360	9278	24975	
1362	9043	25199	
1387	9196	24945	
1302	9196	25104	
1370	9410	24742	
1293	9184	25056	
1310	9097	25085	
1317	9140	25062	
1339	9200	25062	
1416	9203	25085	
1404	9264	24990	
1368	9284	24964	
1388	9190	24981	
1341	9089	25003	
1407	9117	25005	
1387	9290	24981	
1482	9214	24927	
1329	9247	24976	
1343	9189	25067	
1419	9193	24941	
1331	9193	25022	
1336	9365	24882	
1328	9033	25168	
1450	9145	25002	
1326	9321	24960	
1337	9311	24926	
1364	9316	24990	
1474	9273	25022	
1344	9095	25162	
1392	9254	25055	
1257	9191	25036	
1390	9193	24932	
1386	9172	25095	
1351	9279	25050	
1312	9100	25079	
1273	9157	25140	
1350	9229	24926	
1315	9252	24935	
1368	9243	24991	
1346	9222	24975	
1352	9164	25099	
1376	9251	25099	
1308	9122	24990	
1373	9218	25062	
1368	9120	25153	
1356	9365	24798	
1361	9087	25190	
1381	9264	24933	
1466	9078	25074	
1288	9203	25181	
1389	9201	24905	
1363	9251	25064	
1310	9212	25065	
1345	9100	25151	
1368	9170	25011	
1343	9257	24980	
1373	9149	25119	
1353	9252	25017	
1357	9159	25132	
1359	9177	25092	
1381	9143	25135	
1430	9138	25071	
1362	9337	24899	
1319	9299	24889	
1328	9195	24894	
1357	9227	25085	
1354	9233	24979	
1347	9210	24989	
1342	9215	25026	
1374	9028	25164	
1350	9224	25092	
1347	9217	24985	
1346	9232	25037	
1315	9175	25156	
1290	9173	25097	
1328	9211	24994	
1343	9092	25154	
1380	9069	25122	
1418	9271	24924	
1345	9339	24836	
1377	9299	24982	
1279	9369	25014	
1323	9237	25038	
1382	9306	25048	
1354	9434	24809	
1368	9195	25097	
1366	9152	25198	
1412	9135	25124	
1361	9095	25079	
1313	9106	25145	
1350	9199	25052	
1352	9220	25156	
1389	9359	24875	
1335	9303	24754	
1292	9268	25093	
1336	9144	25127	
1398	9125	25136	
1346	9106	25117	
1321	9180	25144	
1448	9184	24921	
1357	9233	25029	
1348	9119	25128	
1368	9191	25041	
1354	9173	25113	
1356	9322	24892	
1313	9318	24904	
1362	9282	24919	
1395	9216	24911	
1392	9219	25006	
1347	9131	25020	
1303	9344	24935	
1331	9435	24866	
1380	9085	25082	
1368	9138	25175	
1384	9115	25128	
1337	9350	24859	
1353	9228	24982	
1376	8962	25285	
1352	9208	25068	
1382	9178	25142	
1391	8976	25041	
1335	9256	24932	
1277	9139	25145	
1370	9170	24981	
1394	9186	25048	
1412	9334	24885	
1301	9202	25094	
1360	9250	24958	
1398	9143	25077	
1284	9230	25084	
1420	9366	24821	
1382	9256	25033	
1356	9281	24917	
1363	9134	25183	
1365	9280	24935	
1293	9186	25017	
1366	9312	24908	
1314	9162	25124	
1371	9143	25096	
1353	9196	25080	
1371	9059	25152	
1400	9187	25010	
1325	9219	24992	
1359	9172	25004	
1299	9241	24965	
1331	9222	24969	
1384	9141	25119	
1401	9119	25093	
1360	9178	25057	
1308	9307	24911	
1365	9208	24972	
1316	9132	25052	
1370	9223	25039	
1411	9105	25130	
1366	9325	24961	
1348	9072	25194	
1374	9243	24877	
1336	9088	25211	
1366	9150	24972	
1382	9093	25041	
1369	9307	24935	
1362	9179	25031	
1308	9290	24875	
1415	9016	25157	
1292	9283	25123	
1399	9139	25024	
1301	9250	25047	
1297	9248	25067	
1406	9204	24993	
1434	9215	24961	
1383	9268	25171	
1315	9307	24982	
1320	9134	25116	
1362	9317	24937	
1404	9199	25081	
1355	9228	24958	
1286	9191	25068	
1332	9117	25058	
1339	9132	25053	
1321	9326	25026	
1317	9205	24991	
1399	9040	25059	
1329	9213	25040	
1417	9233	24851	
1356	9334	24840	
1364	9168	25067	
1406	9143	24995	
1337	9313	24975	
1410	9170	24970	
1300	9043	25218	
1418	9126	25067	
1382	9119	25026	
1407	9268	24969	
1345	9112	25173	
1394	9216	25062	
1364	9298	24951	
1333	9192	24950	
1423	9309	24951	
1357	9115	24911	
1347	9259	24998	
1379	9083	25146	
1481	9135	24995	
1354	9093	25088	
1367	9183	25056	
1378	9208	24991	
1379	9214	25006	
1306	9183	25162	
1367	9103	25059	
1314	9281	25021	
1399	9300	24919	
1388	9166	24979	
1331	9171	25061	
1352	9234	25086	
1336	9355	24950	
1344	9232	25114	
1335	9192	24991	
1312	9227	24970	
1440	9182	25142	
1298	9164	25086	
1417	9262	24971	
1308	9345	24996	
1317	9145	25210	
1356	9075	25091	
1325	9176	25135	
1371	9053	25101	
1356	9154	25070	
1325	9233	24935	
1314	9120	25107	
1337	9157	25120	
1385	9087	25115	
1340	9299	25030	
1342	9075	25158	
1333	9197	25164	
1390	9166	25029	
1405	9089	25124	
1376	9096	25098	
1377	9004	25164	
1362	9301	25079	
1344	9273	24920	
1291	9148	25025	
1293	9352	24970	
1447	9325	24864	
1345	9306	24997	
1361	9311	24969	
1349	9328	24928	
1387	9204	25008	
1217	9229	25096	
1316	9146	25045	
1295	9243	24973	
1407	9192	25041	
1381	9128	25101	
1330	9262	24949	
1368	9239	24996	
1359	9147	24996	
1308	9233	25120	
1353	9180	25127	
1333	9220	25038	
1293	9130	25154	
1365	9346	24914	
1383	9246	24960	
1368	9225	25010	
1333	9219	25057	
1396	9091	25097	
1350	9108	25162	
1331	9274	25002	
1369	9145	25143	
1366	9278	25050	
1396	9128	25043	
1351	9174	25061	
1326	9031	25076	
1379	9133	25096	
1363	9200	25060	
1362	9250	25018	
1284	9184	25116	
1353	9115	25162	
1359	9126	25120	
1336	9148	25159	
1341	9190	24972	
1332	9238	25140	
1323	9192	25125	
1319	9224	25074	
1390	9282	24898	
1382	9250	24957	
1394	9187	24882	
1382	9219	24941	
1363	9328	24912	
1423	9251	25084	
1379	9251	24960	
1399	9185	25032	
1354	9223	25067	
1451	9303	24938	
1334	9230	24970	
1370	9189	25086	
1315	9345	24948	
1313	9133	25194	
1322	9229	25045	
1350	9219	24990	
1367	9142	25147	
1377	9335	24904	
1391	9169	24994	
1321	9298	24810	
1314	9040	25203	
1493	9027	25101	
1314	9101	25058	
1338	9243	25038	
1305	9340	24937	
1384	9170	25059	
1392	9237	25062	
1347	9170	24986	
1391	9273	24957	
1418	9159	24992	
1321	9102	25139	
1319	9203	25009	
1421	9140	25074	
1338	9310	25042	
1332	9281	24935	
1390	9208	24971	
1341	9286	25047	
1301	9379	24932	
1423	9230	25015	
1312	9289	25030	
1257	9185	25199	
1324	9140	25180	
1309	9161	24997	
1415	9349	24892	
1389	9345	24867	
1364	9144	25134	
1386	9182	24981	
1274	9154	25117	
1380	9129	25102	
1287	9310	24991	
1408	9254	25058	
1276	9199	25027	
1360	9067	25210	
1460	9101	25165	
1398	9027	25239	
1299	9284	24988	
1391	9134	25018	
1374	9145	25047	
1334	9104	25107	
1343	9219	25089	
1416	9171	25037	
1369	9242	25051	
1404	9128	25210	
1305	9025	25322	
1295	9143	25085	
1359	9296	24835	
1357	9216	24948	
1379	9181	25069	
1326	9137	25053	
1413	9192	25075	
1404	9080	25112	
1319	9418	24867	
1349	9123	25141	
1326	9186	25022	
1445	9135	25030	
1361	9125	25133	
1357	9013	25149	
1419	9149	25123	
1315	9134	25127	
1368	9294	24963	
1377	9103	25034	
1372	9115	25106	
1337	9181	25031	
1321	9043	25137	
1354	9049	25045	
1348	9294	24969	
1417	9204	24965	
1379	9213	25064	
1314	9333	24948	
1339	9320	24988	
1398	9288	25056	
1312	9220	24996	
1383	9319	24917	
1370	9044	25166	
1411	9280	24944	
1356	9176	25014	
1391	9038	25124	
1297	9361	24914	
1310	9117	25264	
1339	9294	24956	
1362	9196	24965	
1300	9062	25282	
1317	9161	25014	
1372	9094	25171	
1367	9167	25127	
1339	9268	24974	
1355	9163	25136	
1418	9317	24933	
1393	8933	25215	
1361	9250	25092	
1288	9147	25181	
1311	9158	25167	
1443	9393	24837	
1369	9253	25007	
1310	9154	25151	
1279	9388	24883	
1362	9190	25046	
1356	9277	24910	
1303	9127	25145	
1356	9024	25072	
1367	9281	25128	
1346	9228	25005	
1324	9155	25200	
1390	9141	25004	
1360	9113	25120	
1345	9060	25095	
1333	9205	24994	
1340	9111	25051	
1359	9140	25144	
1391	9361	24992	
1350	9052	25169	
1310	9233	24957	
1329	9125	25054	
1387	9327	24858	
1338	9297	24989	
1424	9137	24989	
1324	9176	24972	
1418	9353	24777	
1309	9245	25050	
1324	9188	25087	
1381	9251	24951	
1363	9152	25208	
1284	9091	25191	
1332	9110	25029	
1450	9208	24975	
1404	9212	25042	
1370	9337	24841	
1312	9378	24789	
1378	9195	25009	
1378	9196	25097	
1390	9102	25089	
1375	9193	24976	
1301	9217	25143	
1383	9161	25012	
1308	9205	25127	
1366	9251	25028	
1372	9265	24828	
1373	9218	25047	
1415	9225	25006	
1326	9377	24929	
1414	9086	25145	
1351	9151	25081	
1333	9204	25037	
1301	9231	25049	
1371	9138	25134	
1350	9231	25004	
1413	9281	24978	
1385	9145	25184	
1405	9289	24990	
1423	9184	24997	
1371	9135	25099	
1373	9102	25132	
1348	9114	25134	
1333	9168	25064	
1327	9150	25061	
1428	9059	25182	
1337	9218	25013	
1345	9180	24916	
1352	9149	25064	
1351	9180	24930	
1368	9148	24948	
1413	9171	25026	
1379	9145	25077	
1382	9208	25044	
1352	9118	25093	
1417	9218	24933	
1362	9294	24856	
1358	9210	25147	
1309	9217	25013	
1337	9097	25233	
1396	9056	25180	
1339	9252	25000	
1332	9314	24939	
1388	9216	25086	
1337	9247	24988	
1303	9323	24971	
1328	9299	24910	
1334	9306	24977	
1354	9064	25202	
1373	9158	25080	
1424	9112	25085	
1389	9154	24998	
1399	9078	25148	
1382	8902	25192	
1397	9156	25059	
1342	9145	25136	
1405	9196	24962	
1351	9062	25151	
1396	9189	25009	
1342	9265	25071	
1426	9087	25019	
1351	9259	24884	
1395	9141	25039	
1365	9148	25174	
1388	9164	25112	
1364	9229	24986	
1325	9306	24951	
1365	9341	24886	
1386	9101	25169	
1296	9194	25114	
1302	9192	25160	
1358	9200	25059	
1338	9109	25114	
1438	9004	25157	
1365	9166	25006	
1379	9215	24959	
1379	9315	24995	
1407	9229	24932	
1377	9083	25088	
1391	9139	25058	
1406	9179	25015	
1281	9227	25034	
1422	9220	25098	
1315	9160	25118	
1381	9144	25134	
1398	9163	25081	
1311	9272	24993	
1423	9282	24909	
1318	9167	25156	
1386	9224	25089	
1295	9229	25075	
1302	9134	25199	
1310	9247	25048	
1370	9334	24827	
1353	9205	24922	
1380	9227	25053	
1325	9342	24907	
1445	9220	24998	
1383	9259	24921	
1343	9104	25121	
1378	9115	25118	
1330	9240	25023	
1277	9204	25058	
1379	9189	24895	
1324	9333	24968	
1315	9284	25008	
1363	9105	25031	
1403	9196	25006	
1333	9284	25014	
1352	9179	25000	
1397	9159	25073	
1334	9285	25030	
1347	9055	25082	
1287	9124	25106	
1335	9242	24954	
1417	9174	24998	
1343	9097	25053	
1360	9117	25076	
1392	9112	24999	
1454	9156	25103	
1298	9090	25119	
1355	9189	25185	
1342	9346	24919	
1377	9135	25058	
1303	9091	25216	
1450	9156	25010	
1332	9126	25108	
1316	9187	25025	
1350	9228	25048	
1319	9124	25045	
1410	9091	25122	
1372	9301	24853	
1333	9158	25069	
1342	9198	25037	
1290	9223	25144	
1355	9138	25093	
1402	9206	25019	
1307	9276	25058	
1441	9140	24976	
1374	9218	24945	
1405	9098	25111	
1326	9058	25095	
1373	9231	25049	
1346	9171	25036	
1396	9065	25166	
1325	9232	24998	
1383	9067	25169	
1354	9140	25170	
1323	9181	24949	
1332	9399	24762	
1305	9339	24920	
1309	9280	25020	
1282	9281	24948	
1272	9304	25006	
1283	9195	25031	
1345	9133	24992	
1351	9262	24972	
1344	9084	25078	
1372	9257	24967	
1378	9058	25153	
1331	9175	24986	
1357	8997	25249	
1376	9233	25026	
1359	9087	25235	
1416	9305	24933	
1327	9291	25074	
1405	9189	24935	
1370	9191	25121	
1327	9067	25175	
1329	9169	25097	
1302	9175	25080	
1337	9232	24944	
1325	9081	25231	
1361	9126	25120	
1427	9081	25200	
1357	9266	25119	
1336	9371	24908	
1341	9197	25128	
1337	9204	24895	
1322	9308	25021	
1296	9151	25183	
1340	9209	25058	
1331	9156	25132	
1422	9039	25124	
1317	9255	24996	
1355	9284	24973	
1317	9287	24887	
1351	9308	24989	
1348	9048	25111	
1339	9144	25111	
1400	9017	25141	
1364	9211	25064	
1353	9296	25003	
1369	9137	25039	
1357	9231	24944	
1324	9275	24938	
1397	9281	25041	
1355	9236	25052	
1332	9208	24906	
1309	9101	25147	
1339	9118	25118	
1365	9204	25122	
1363	9272	25000	
1354	9132	25210	
1395	9225	25036	
1369	9134	25124	
1385	9167	25123	
1348	9125	25100	
1342	9089	24976	
1294	9237	25094	
1349	9336	24952	
1384	9084	25115	
1316	9148	24962	
1340	9109	25102	
1348	9142	25045	
1422	9098	25086	
1356	9274	24950	
1280	9243	24913	
1381	9187	25023	
1293	9109	25234	
1286	9364	24986	
1397	9236	24987	
1365	9153	24972	
1324	9191	25126	
1340	9213	25081	
1340	9261	25060	
1351	9203	25051	
1302	9224	25166	
1403	9254	24887	
1321	9304	24861	
1402	9192	24981	
1338	9232	25089	
1343	9334	24841	
1304	9321	24921	
1399	9084	25097	
1366	9225	24948	
1369	9211	25085	
1343	9072	25185	
1352	8985	25229	
1372	9027	25272	
1419	9275	24886	
1371	9182	25056	
1353	9139	25022	
1360	9275	25008	
1436	9363	24767	
1374	9227	24956	
1307	9199	25024	
1296	9143	25004	
1354	9190	25068	
1347	9200	25091	
1314	9211	25028	
1231	9249	25076	
1467	9010	25239	
1428	9269	24975	
1327	9103	25145	
1392	9173	25082	
1376	9238	24997	
1345	9085	25193	
1366	9301	24946	
1379	9108	25081	
1377	9163	25049	
1359	9225	24926	
1426	9127	24971	
1349	9194	25060	
1300	9260	24900	
1350	9114	25090	
1394	9240	25009	
1317	9224	25052	
1353	9196	24963	
1356	8998	25194	
1369	9253	25015	
1345	9276	24956	
1326	9303	24846	
1375	9318	25029	
1344	9166	25139	
1321	9229	24940	
1392	9243	25149	
1323	9145	24958	
1337	9097	25177	
1355	9359	24924	
1347	9094	25050	
1335	9206	25039	
1368	9339	24900	
1339	9240	24928	
1399	9117	25093	
1336	9153	25054	
1369	9173	25048	
1364	9348	24813	
1351	9241	25125	
1338	9336	24980	
1392	9278	25004	
1294	9365	24943	
1349	9438	24800	
1391	9131	25117	
1364	9212	25149	
1371	9187	25106	
1409	9191	25023	
1338	9073	25275	
1284	9130	25149	
1300	9180	25072	
1394	9220	25121	
1364	9171	25014	
1301	9229	24927	
1337	9129	25054	
1387	8996	25243	
1338	9364	24862	
1295	9175	25110	
1318	9289	24990	
1342	9184	24975	
1418	9228	25012	
1314	9143	25027	
1381	9164	24953	
1336	9359	24835	
1412	9127	25068	
1351	9140	25093	
1475	9216	24801	
1409	9219	25018	
1330	9282	24892	
1371	9188	25051	
1351	9354	24873	
1373	9256	25045	
1365	9102	25057	
1317	9061	25152	
1442	8999	25223	
1372	9118	24981	
1402	9318	24964	
1323	9085	25248	
1368	9213	25026	
1374	9205	25011	
1411	9264	24843	
1375	9060	25145	
1374	9164	25100	
1420	9156	25091	
1342	9195	25067	
1337	9305	25068	
1333	9203	25139	
1373	9281	24981	
1394	9197	25066	
1376	9239	24966	
1324	9158	25071	
1417	9165	25095	
1376	9277	25008	
1378	9198	24989	
1325	9292	24843	
1314	9352	24938	
1382	9127	25009	
1387	9182	25097	
1382	9266	24973	
1327	9093	25127	
1433	9043	25153	
1407	9102	25029	
1397	9130	25138	
1342	9249	24956	
1411	9134	25031	
1380	9183	24990	
1381	9093	25157	
1394	9085	25048	
1325	9191	25047	
1366	9182	25060	
1286	9174	25122	
1255	9448	24842	
1353	9059	25171	
1358	9251	24962	
1335	9124	25075	
1360	9212	25003	
1316	9207	25073	
1430	9254	24929	
1333	9163	25100	
1356	9191	25105	
1314	9112	25044	
1382	9182	25082	
1373	9162	25026	
1331	9084	25171	
1329	9210	25085	
1340	9189	25134	
1399	9156	25007	
1338	9255	24963	
1395	9067	25197	
1365	9177	24897	
1399	9171	24917	
1305	9129	25226	
1309	9251	24966	
1367	9205	25050	
1334	9292	24979	
1351	9224	25031	
1384	9127	25089	
1300	9318	24937	
1354	9243	25006	
1345	9209	25084	
1352	9245	24891	
1362	9185	25076	
1373	9180	25051	
1357	9180	25242	
1359	9200	24991	
1453	9224	24993	
1410	9205	25061	
1393	9224	25041	
1398	9192	25018	
