252	79	207	
250	88	220	
252	71	214	
250	69	216	
251	82	209	
254	84	214	
251	81	205	
253	74	215	
251	78	211	
260	93	219	
251	81	207	
253	73	220	
254	74	213	
256	92	212	
256	84	198	
241	65	236	
252	82	218	
254	82	215	
259	75	210	
250	69	213	
255	72	218	
240	64	207	
259	85	202	
254	75	208	
252	82	222	
252	85	213	
254	96	208	
246	64	222	
247	79	217	
251	73	206	
243	66	215	
251	80	212	
259	82	211	
244	71	211	
248	77	219	
252	71	228	
244	71	239	
249	64	216	
257	78	211	
245	73	227	
248	74	210	
251	72	214	
248	80	204	
253	73	205	
239	73	215	
246	74	223	
251	75	225	
248	82	212	
253	78	206	
251	78	205	
251	77	210	
255	71	205	
248	72	220	
250	78	204	
255	78	214	
252	76	201	
252	77	228	
248	69	211	
242	68	216	
247	59	212	
253	86	214	
260	93	216	
249	82	207	
245	76	215	
249	74	208	
256	70	214	
250	73	223	
249	82	219	
256	85	207	
249	81	215	
249	73	204	
253	77	215	
259	76	205	
252	75	206	
250	79	228	
255	72	220	
244	67	211	
247	62	209	
250	83	230	
245	71	219	
251	80	222	
255	89	222	
251	79	214	
247	77	209	
244	81	243	
255	78	215	
246	76	218	
253	78	210	
256	84	222	
256	83	197	
260	83	207	
254	74	210	
255	86	220	
248	69	211	
249	89	211	
251	76	206	
249	80	208	
250	69	210	
251	82	221	
250	78	207	
248	74	222	
253	76	205	
255	74	211	
254	67	212	
242	87	223	
245	75	217	
255	74	202	
264	93	206	
258	83	217	
253	79	205	
248	79	215	
250	74	203	
254	78	213	
258	81	215	
256	76	202	
257	78	220	
251	76	206	
248	72	222	
251	78	213	
251	81	211	
253	76	214	
253	78	213	
262	87	221	
258	82	204	
251	70	218	
251	72	214	
244	69	228	
247	81	210	
264	92	213	
244	67	217	
253	84	219	
258	74	223	
245	76	200	
250	86	218	
246	72	206	
252	68	208	
245	70	206	
260	93	214	
257	76	206	
263	89	219	
249	78	200	
244	70	214	
257	81	196	
255	71	211	
260	87	205	
246	71	211	
250	71	206	
245	72	214	
247	75	207	
255	80	210	
247	79	214	
252	70	216	
247	74	215	
241	71	215	
253	81	219	
252	80	220	
243	76	228	
238	64	223	
249	78	223	
256	80	218	
257	77	207	
261	82	207	
259	88	226	
250	83	206	
248	76	203	
250	70	211	
245	66	226	
252	75	224	
246	90	214	
251	82	218	
249	77	220	
251	78	211	
249	64	219	
253	78	207	
253	73	199	
247	85	202	
253	75	231	
248	72	214	
248	77	219	
257	85	211	
253	73	217	
252	84	215	
249	88	225	
252	73	207	
251	79	203	
248	71	227	
257	85	209	
259	85	211	
257	85	215	
250	74	215	
248	56	204	
256	74	212	
250	71	203	
248	73	224	
256	85	216	
249	85	218	
252	73	216	
256	72	210	
249	72	211	
242	72	220	
244	67	208	
254	77	201	
256	78	219	
250	81	219	
261	95	202	
250	76	211	
246	78	220	
250	77	209	
261	88	212	
250	85	228	
255	79	222	
252	82	213	
251	72	211	
249	77	220	
245	65	210	
258	75	203	
259	87	207	
246	83	202	
254	72	217	
261	85	210	
246	78	212	
254	74	231	
254	81	211	
259	79	205	
254	83	219	
259	78	212	
260	86	219	
250	74	203	
247	75	210	
248	82	218	
250	79	219	
255	80	199	
249	76	210	
249	74	205	
246	68	213	
255	76	219	
261	89	211	
255	85	207	
247	78	218	
242	75	223	
244	70	211	
253	79	211	
248	76	215	
250	77	206	
248	66	211	
246	72	215	
256	77	208	
255	67	207	
248	70	218	
253	76	211	
245	75	208	
248	76	232	
260	93	202	
240	74	211	
254	84	214	
253	80	218	
251	81	220	
253	79	202	
253	69	225	
254	91	212	
248	69	223	
252	70	210	
239	76	218	
252	77	214	
261	85	210	
252	89	220	
252	74	209	
247	78	210	
256	84	213	
254	80	210	
258	90	209	
244	71	224	
253	82	216	
259	82	210	
252	86	211	
258	75	214	
250	78	213	
257	88	209	
248	69	211	
250	79	208	
249	71	214	
255	78	220	
252	75	212	
250	82	208	
252	84	212	
261	85	219	
255	75	218	
255	94	219	
250	75	216	
249	85	210	
260	83	204	
245	65	207	
247	80	221	
251	67	222	
247	73	223	
259	88	202	
255	86	220	
252	68	219	
251	79	218	
254	82	212	
242	70	227	
251	73	215	
259	87	221	
245	79	212	
252	78	212	
246	75	239	
261	86	214	
257	81	205	
254	74	207	
252	76	207	
252	77	202	
252	80	232	
251	76	209	
251	82	203	
250	75	207	
252	75	206	
258	70	207	
249	72	218	
245	75	214	
262	81	210	
258	82	201	
250	75	222	
258	79	209	
257	80	204	
252	77	214	
253	87	215	
251	78	214	
246	83	216	
249	76	222	
249	68	217	
252	84	215	
253	66	206	
260	83	211	
245	74	215	
252	76	219	
251	72	222	
243	79	228	
253	75	207	
250	74	226	
249	73	219	
251	86	204	
246	78	206	
255	82	219	
252	82	210	
252	76	215	
251	68	207	
251	69	208	
250	68	206	
249	77	202	
254	70	203	
258	83	208	
255	73	207	
255	79	217	
251	81	217	
254	75	208	
252	76	207	
257	79	206	
248	70	211	
261	91	222	
249	77	202	
251	77	210	
250	73	208	
249	73	210	
251	81	202	
254	88	197	
247	70	223	
251	69	214	
249	67	219	
252	71	208	
260	80	213	
250	68	215	
238	66	222	
250	73	208	
248	69	223	
251	77	231	
253	91	208	
254	76	206	
249	75	206	
262	80	209	
246	69	218	
255	72	203	
254	88	212	
257	82	215	
260	87	199	
250	76	214	
252	81	215	
246	80	211	
253	77	227	
260	76	205	
250	71	235	
253	80	209	
250	78	207	
249	62	208	
250	76	223	
260	82	218	
247	78	228	
253	73	219	
252	81	227	
250	76	207	
257	81	208	
250	71	209	
257	79	215	
262	88	204	
253	82	223	
249	74	223	
254	79	206	
251	67	214	
247	74	227	
252	90	215	
258	85	204	
250	67	208	
242	63	211	
254	75	211	
247	76	211	
254	84	220	
250	78	218	
255	70	209	
248	82	211	
255	90	230	
249	72	212	
258	83	211	
253	71	212	
252	72	219	
253	74	214	
249	67	222	
255	80	214	
259	82	217	
250	68	221	
255	77	226	
253	79	202	
244	80	227	
258	77	214	
253	85	223	
253	75	204	
258	92	214	
250	71	214	
249	82	210	
256	82	222	
261	76	204	
255	76	210	
246	76	210	
249	71	208	
259	78	207	
246	73	207	
255	79	209	
252	81	226	
258	85	216	
253	77	203	
251	80	216	
247	75	212	
258	83	211	
259	91	223	
247	81	216	
254	78	216	
255	77	211	
261	82	210	
249	68	214	
255	76	212	
252	80	207	
252	76	212	
251	86	204	
248	73	212	
249	84	206	
251	77	213	
250	74	224	
252	84	212	
259	79	211	
251	78	219	
254	73	212	
246	67	216	
257	78	211	
246	77	226	
239	75	214	
249	59	205	
250	71	212	
262	84	204	
251	80	219	
248	79	211	
257	88	212	
252	76	218	
249	69	212	
248	70	203	
252	69	203	
248	82	224	
243	58	207	
234	72	230	
248	78	228	
247	70	214	
251	76	212	
257	82	203	
261	85	213	
262	85	220	
257	84	196	
247	72	207	
255	79	213	
252	80	220	
250	77	197	
245	73	214	
252	87	215	
246	64	219	
259	95	211	
244	70	211	
249	76	212	
252	77	213	
245	78	211	
251	82	218	
251	75	232	
250	78	209	
263	91	203	
246	69	224	
256	73	225	
254	86	201	
247	80	206	
258	82	207	
258	75	203	
253	69	204	
251	87	226	
247	72	207	
243	65	223	
256	77	203	
251	84	220	
250	76	223	
247	72	219	
253	77	212	
257	86	198	
260	82	203	
253	76	214	
250	79	205	
239	64	230	
252	79	206	
253	64	222	
257	83	204	
250	76	214	
258	81	209	
248	83	219	
260	85	208	
259	73	199	
258	92	217	
245	64	203	
253	86	228	
255	88	216	
249	91	216	
252	64	207	
244	78	207	
260	90	217	
248	80	210	
249	70	201	
246	87	215	
249	69	218	
255	75	212	
252	72	211	
245	82	221	
257	81	214	
247	84	198	
252	73	207	
251	77	207	
253	79	214	
258	85	209	
257	89	215	
250	67	204	
255	88	219	
256	86	218	
257	88	212	
252	76	228	
251	76	209	
254	84	202	
258	86	211	
254	72	219	
245	67	209	
254	80	222	
260	76	215	
258	77	208	
261	81	215	
254	81	223	
248	79	215	
242	72	214	
254	75	211	
249	70	210	
250	71	212	
260	74	207	
253	81	212	
259	92	203	
253	78	222	
250	82	208	
253	77	222	
251	77	213	
261	94	210	
248	71	207	
257	74	222	
251	65	213	
254	78	214	
256	86	206	
253	79	211	
254	81	216	
249	79	218	
250	72	228	
256	81	212	
246	68	216	
257	88	226	
248	76	224	
251	89	216	
262	88	214	
254	75	202	
252	76	207	
250	70	211	
255	92	196	
260	95	210	
251	67	212	
262	83	206	
251	66	202	
249	76	210	
238	75	216	
250	77	212	
254	84	205	
245	69	208	
247	74	211	
252	74	205	
249	79	222	
248	67	212	
255	82	210	
252	68	208	
255	71	211	
249	69	209	
249	65	205	
253	69	215	
252	78	227	
244	75	212	
252	77	213	
244	75	219	
246	80	226	
250	80	203	
259	86	215	
254	72	205	
254	78	221	
250	74	206	
256	79	214	
257	79	211	
256	84	222	
250	82	211	
253	78	207	
254	74	210	
258	84	224	
257	77	213	
252	77	220	
260	79	220	
254	84	223	
254	83	210	
254	95	201	
253	84	207	
249	73	224	
253	85	217	
245	63	211	
255	75	222	
266	85	206	
251	70	206	
259	84	209	
245	68	219	
255	76	212	
252	78	206	
256	72	201	
261	85	204	
248	75	214	
253	80	203	
247	74	206	
248	78	220	
253	70	211	
255	89	211	
254	81	202	
245	69	202	
247	78	228	
251	78	214	
238	67	223	
249	78	200	
257	82	209	
247	77	215	
253	81	207	
244	65	209	
258	90	206	
250	71	229	
249	69	210	
247	71	224	
250	73	214	
251	73	208	
246	87	227	
258	82	213	
253	76	196	
254	84	202	
258	77	204	
251	74	201	
250	74	220	
254	77	204	
241	65	215	
252	68	205	
245	61	215	
252	73	216	
254	82	212	
251	85	220	
246	68	214	
256	79	204	
250	67	214	
261	78	197	
248	62	215	
258	76	207	
247	73	223	
247	70	199	
257	87	202	
253	69	210	
252	77	202	
251	72	217	
247	75	228	
253	80	215	
253	78	212	
260	80	207	
254	78	228	
250	70	205	
255	82	216	
249	79	219	
248	68	210	
265	85	208	
257	70	221	
253	73	205	
256	78	209	
241	78	224	
256	78	198	
252	85	204	
251	76	203	
249	66	218	
255	78	215	
259	74	209	
240	67	218	
249	81	220	
249	81	236	
249	69	215	
251	73	236	
247	85	208	
253	82	211	
242	70	224	
245	88	211	
248	72	211	
259	82	208	
249	73	236	
251	73	215	
240	65	223	
242	70	217	
253	70	213	
254	69	213	
252	83	214	
244	76	211	
248	79	218	
251	89	225	
252	87	215	
248	69	199	
256	76	202	
247	74	215	
250	82	211	
256	79	211	
250	72	207	
255	84	212	
250	74	212	
248	84	205	
251	67	206	
245	71	219	
258	77	196	
244	64	214	
256	87	219	
251	69	202	
247	74	221	
252	72	212	
245	68	219	
254	73	206	
252	83	217	
252	75	209	
253	73	226	
253	70	202	
241	63	231	
253	78	207	
247	75	215	
255	75	224	
252	85	222	
253	87	210	
245	70	215	
251	76	221	
251	73	206	
245	73	224	
251	69	220	
256	70	208	
253	70	211	
247	60	204	
251	75	223	
249	79	210	
255	84	206	
249	64	210	
247	80	226	
249	90	229	
250	77	208	
245	73	227	
254	71	210	
248	72	223	
255	74	202	
243	61	216	
256	81	207	
250	80	230	
251	71	210	
255	79	215	
248	73	218	
244	67	223	
251	88	215	
257	82	197	
253	78	216	
246	73	215	
248	81	217	
256	84	204	
257	85	203	
247	71	212	
252	88	207	
254	82	218	
256	86	211	
252	91	219	
250	87	204	
248	76	209	
243	70	210	
246	69	227	
253	76	208	
261	99	214	
251	80	207	
262	93	201	
242	77	210	
246	61	209	
246	63	212	
243	66	223	
247	70	214	
253	82	214	
259	84	213	
250	74	218	
249	78	212	
254	74	222	
256	80	218	
256	90	204	
259	72	215	
253	79	205	
258	78	215	
252	65	202	
244	82	205	
253	82	214	
250	74	218	
244	72	218	
251	85	212	
250	74	236	
251	73	215	
253	58	202	
244	72	226	
253	72	201	
252	64	210	
247	83	232	
247	69	222	
253	69	216	
247	73	220	
255	91	212	
257	94	209	
253	68	224	
255	79	207	
241	64	214	
252	71	211	
256	77	212	
259	85	202	
252	86	223	
259	81	227	
249	81	212	
248	72	208	
256	87	216	
257	84	225	
253	75	201	
246	66	215	
251	75	223	
256	74	218	
254	86	216	
246	70	219	
252	79	216	
256	74	218	
250	74	227	
247	74	230	
256	82	217	
246	71	208	
248	72	228	
241	66	216	
262	84	209	
248	73	215	
252	85	216	
245	68	216	
246	66	218	
257	79	207	
258	87	215	
253	91	214	
254	80	218	
252	74	202	
252	79	219	
249	72	211	
244	73	220	
254	75	216	
260	78	213	
246	70	219	
250	74	208	
247	69	219	
250	80	218	
250	55	221	
247	60	218	
247	79	232	
254	83	204	
250	79	205	
248	81	211	
253	70	212	
253	86	197	
260	84	199	
256	75	222	
249	74	220	
257	84	199	
255	80	219	
248	65	211	
257	78	210	
255	80	217	
255	83	205	
249	58	219	
247	79	208	
250	79	208	
252	79	210	
260	83	204	
251	86	216	
248	65	210	
252	74	211	
254	74	213	
246	76	216	
255	85	216	
247	70	219	
248	67	209	
246	81	209	
248	80	219	
246	80	223	
248	80	219	
248	67	215	
246	70	207	
249	84	212	
246	65	222	
249	71	211	
246	72	215	
243	73	207	
248	75	223	
248	68	207	
262	80	208	
252	69	215	
256	78	207	
248	80	216	
255	94	210	
253	76	196	
251	87	232	
255	78	215	
247	79	223	
255	79	216	
252	70	218	
249	75	209	
251	71	204	
248	72	223	
259	91	208	
256	83	218	
254	74	210	
237	83	223	
258	86	208	
244	74	212	
258	96	212	
257	87	213	
252	73	210	
255	82	198	
250	68	206	
252	84	218	
254	81	204	
245	68	204	
252	82	219	
250	76	208	
257	73	203	
259	90	215	
252	73	204	
246	78	206	
254	81	211	
256	81	215	
255	82	210	
251	79	223	
251	72	220	
257	73	214	
250	77	215	
254	68	222	
251	88	220	
253	73	211	
262	90	213	
242	77	210	
257	80	198	
253	80	206	
249	72	203	
245	78	228	
246	73	204	
251	68	210	
243	68	229	
252	72	218	
253	74	215	
242	74	219	
253	81	219	
257	76	215	
251	82	209	
255	75	206	
252	69	214	
258	88	219	
252	75	205	
238	66	222	
259	81	240	
249	67	213	
251	75	226	
250	71	215	
249	75	206	
246	80	208	
251	75	205	
256	86	209	
251	72	214	
250	70	218	
259	89	209	
253	66	223	
246	64	222	
248	77	231	
255	75	218	
251	84	222	
245	65	207	
255	78	214	
254	76	211	
252	69	212	
252	80	223	
253	84	225	
256	81	213	
247	73	208	
253	72	218	
256	77	227	
247	73	226	
249	68	219	
254	85	224	
254	82	221	
250	71	203	
251	79	215	
252	67	216	
245	68	227	
252	74	211	
250	72	212	
248	72	229	
254	78	208	
247	74	215	
250	81	216	
255	79	210	
252	76	221	
254	79	224	
247	82	223	
255	75	203	
257	76	221	
244	67	219	
249	70	221	
247	75	204	
263	80	201	
249	69	203	
256	84	212	
250	77	212	
254	87	199	
250	80	212	
258	81	209	
254	79	215	
249	75	227	
247	73	225	
258	83	210	
245	69	232	
257	69	202	
253	82	202	
250	75	228	
251	75	220	
258	84	218	
246	75	212	
251	79	212	
256	75	216	
258	82	216	
259	78	209	
249	85	210	
245	75	211	
251	76	206	
252	77	211	
251	77	210	
245	78	214	
254	75	208	
253	72	216	
257	80	204	
260	85	209	
245	71	230	
258	84	215	
247	74	212	
246	75	212	
249	75	206	
259	88	222	
247	74	200	
253	80	218	
258	83	214	
252	77	226	
251	76	224	
247	77	206	
259	79	222	
250	76	211	
256	82	205	
248	75	219	
257	81	211	
248	73	212	
252	71	208	
251	63	211	
249	70	216	
255	77	220	
247	85	219	
258	80	205	
252	76	204	
254	84	217	
252	81	218	
247	69	210	
253	70	210	
251	81	223	
258	77	213	
247	80	217	
248	66	217	
257	73	206	
250	84	201	
248	65	210	
254	70	218	
255	73	222	
253	72	204	
252	69	212	
253	73	208	
252	76	219	
249	70	219	
252	69	220	
241	73	211	
251	75	214	
251	72	208	
251	83	219	
247	74	212	
249	68	219	
247	87	225	
252	62	211	
253	75	210	
249	81	214	
252	77	219	
251	72	205	
250	72	201	
242	74	215	
255	80	205	
248	71	210	
248	72	219	
248	75	216	
249	75	206	
254	80	215	
256	70	202	
253	69	210	
259	82	202	
253	76	214	
254	74	210	
249	67	207	
249	78	212	
254	81	226	
243	67	198	
250	67	234	
252	80	220	
253	82	211	
247	72	213	
249	76	201	
249	73	216	
255	81	218	
253	86	212	
258	79	212	
243	61	210	
249	69	203	
258	86	207	
251	87	211	
253	81	201	
258	93	209	
252	82	204	
248	67	203	
248	72	228	
256	80	209	
258	75	206	
242	66	208	
253	76	205	
249	72	218	
254	74	204	
249	67	219	
253	85	223	
251	70	215	
259	83	205	
247	83	215	
255	74	214	
256	76	204	
259	89	223	
255	80	214	
247	72	228	
251	71	215	
251	66	223	
252	78	203	
260	81	207	
248	84	217	
253	83	206	
254	73	203	
257	86	198	
252	78	214	
251	76	212	
253	71	211	
249	71	210	
247	75	219	
256	73	215	
244	71	224	
255	93	221	
258	99	206	
253	80	215	
243	74	211	
261	95	202	
241	64	232	
251	83	222	
248	68	227	
247	68	215	
258	80	202	
260	84	205	
257	85	212	
250	76	211	
247	85	223	
258	79	201	
245	68	231	
245	76	215	
255	79	216	
260	79	214	
250	80	211	
249	71	220	
251	70	206	
250	74	206	
258	85	213	
260	90	219	
250	73	220	
242	80	219	
247	77	208	
252	81	206	
243	68	211	
250	72	204	
251	72	211	
252	77	211	
246	78	206	
248	80	231	
250	72	201	
261	79	209	
242	73	212	
256	81	204	
256	78	216	
258	81	218	
253	81	215	
249	66	212	
254	85	212	
245	57	199	
250	64	225	
252	75	218	
255	77	202	
251	80	207	
251	73	221	
259	79	211	
259	85	214	
245	62	204	
258	77	217	
254	76	200	
246	73	204	
248	79	224	
247	73	210	
257	72	211	
248	81	219	
248	75	214	
247	64	214	
253	76	217	
257	83	228	
252	84	214	
248	73	223	
254	78	214	
253	79	217	
257	81	202	
251	81	220	
247	69	219	
243	75	215	
250	72	210	
262	89	203	
258	90	212	
254	76	217	
251	76	215	
260	85	200	
248	72	211	
258	85	218	
251	73	212	
252	68	216	
247	90	216	
253	75	198	
258	77	208	
249	75	217	
252	71	205	
251	65	198	
254	71	222	
249	71	214	
258	92	226	
252	81	218	
253	77	209	
249	66	206	
252	76	210	
255	72	203	
255	75	215	
243	68	220	
255	81	215	
257	74	210	
254	88	224	
250	80	227	
260	86	209	
257	71	216	
252	76	219	
254	75	205	
252	76	231	
248	86	210	
240	58	210	
247	77	227	
251	82	200	
248	65	212	
245	64	212	
252	92	217	
256	84	204	
247	71	218	
260	86	219	
252	78	212	
250	80	224	
258	79	207	
248	76	224	
245	69	223	
246	73	240	
255	74	207	
249	81	206	
254	82	218	
251	71	213	
258	85	215	
256	75	212	
252	66	215	
243	71	232	
249	68	211	
261	85	204	
254	74	204	
251	76	206	
250	88	205	
255	80	211	
249	76	219	
255	80	199	
254	73	215	
243	73	216	
250	73	211	
253	71	209	
251	78	205	
246	77	216	
250	70	202	
250	80	211	
258	72	206	
250	78	213	
260	77	207	
259	82	214	
259	96	216	
254	70	200	
247	64	214	
244	75	212	
255	76	210	
247	77	212	
251	73	218	
241	70	214	
258	76	204	
258	90	203	
250	76	205	
258	81	202	
244	66	210	
253	78	213	
257	83	201	
249	83	211	
251	76	215	
254	75	216	
249	76	216	
255	80	205	
251	67	227	
246	71	226	
259	82	214	
247	76	214	
249	70	207	
251	77	210	
246	69	215	
257	82	218	
249	80	211	
246	70	204	
254	86	216	
240	60	212	
255	85	212	
256	75	207	
248	58	217	
256	83	206	
249	77	220	
255	86	223	
243	68	223	
255	75	209	
255	69	206	
256	85	226	
255	82	207	
256	83	215	
251	73	212	
253	85	220	
248	73	218	
256	69	203	
253	78	216	
241	65	209	
257	80	219	
247	77	212	
254	86	216	
250	72	207	
257	78	202	
252	80	214	
250	80	209	
253	72	204	
246	81	208	
249	72	203	
248	82	212	
241	76	226	
248	76	221	
252	85	207	
258	90	212	
253	88	219	
259	80	217	
257	85	200	
251	73	215	
254	87	208	
261	88	198	
254	87	214	
246	72	218	
246	64	216	
252	72	215	
247	69	219	
253	76	223	
257	84	199	
254	87	208	
250	64	211	
251	81	208	
248	77	213	
246	73	228	
254	85	209	
251	78	223	
251	77	204	
252	78	215	
253	72	218	
254	78	214	
251	66	223	
256	83	203	
248	73	209	
251	72	211	
253	82	217	
253	77	218	
254	74	234	
256	86	206	
251	86	213	
249	78	197	
258	81	206	
257	81	211	
256	81	204	
251	77	201	
256	84	221	
251	77	222	
254	78	208	
254	89	219	
254	73	203	
256	80	215	
246	76	219	
249	69	200	
246	72	218	
234	66	218	
255	87	218	
243	74	216	
257	82	203	
248	67	211	
251	76	224	
254	81	211	
247	76	223	
248	83	216	
253	72	216	
249	74	220	
256	76	211	
255	69	212	
254	85	209	
253	68	227	
247	83	224	
254	75	208	
250	71	200	
252	73	204	
253	82	208	
246	73	204	
242	65	222	
244	65	206	
256	77	209	
248	68	198	
251	68	216	
249	67	210	
249	73	222	
253	83	221	
250	76	223	
250	63	219	
253	83	221	
258	91	216	
252	74	208	
256	72	204	
252	82	201	
248	71	222	
250	85	211	
252	84	212	
249	74	208	
256	80	230	
251	73	218	
256	77	212	
248	69	228	
245	72	202	
258	81	215	
255	69	206	
248	69	202	
253	68	203	
254	84	211	
255	83	211	
247	74	206	
258	91	224	
250	73	211	
256	85	211	
258	84	206	
259	84	218	
252	79	219	
249	88	207	
252	76	216	
251	71	213	
242	70	218	
244	77	215	
254	76	209	
258	71	211	
252	76	219	
255	84	218	
259	78	210	
256	79	205	
252	74	220	
258	92	214	
251	74	216	
256	86	236	
251	73	223	
249	75	227	
259	83	229	
258	83	211	
253	81	216	
253	86	215	
244	68	224	
254	81	214	
243	65	247	
252	79	207	
257	76	209	
258	77	208	
248	66	211	
249	80	208	
251	78	208	
247	79	214	
249	82	216	
251	78	213	
251	78	220	
250	81	209	
254	77	216	
245	59	219	
253	75	207	
253	79	216	
252	81	206	
255	83	227	
248	82	212	
245	64	215	
254	74	210	
254	79	215	
255	78	218	
247	79	208	
249	85	204	
252	82	201	
251	72	202	
248	73	215	
246	73	219	
255	87	224	
260	76	214	
251	70	200	
252	76	231	
255	76	201	
248	75	213	
250	76	199	
247	75	222	
256	83	227	
245	54	219	
252	77	208	
258	89	222	
248	84	219	
248	71	219	
249	83	214	
246	63	214	
250	73	208	
248	74	207	
246	81	227	
253	81	212	
253	79	211	
255	88	210	
256	84	219	
252	73	207	
252	76	210	
256	76	214	
257	95	221	
243	68	211	
252	70	198	
256	75	219	
257	77	207	
253	87	219	
254	81	207	
247	80	209	
250	73	214	
241	69	228	
246	86	232	
250	77	218	
250	83	203	
252	80	217	
256	82	223	
248	72	211	
250	79	208	
250	65	200	
250	69	225	
252	83	211	
242	81	223	
247	90	213	
254	80	210	
251	65	216	
246	71	223	
254	77	204	
256	85	238	
248	75	214	
255	81	203	
249	69	215	
261	83	211	
255	67	210	
252	73	224	
256	78	210	
246	74	210	
253	78	207	
259	86	206	
254	81	205	
246	70	207	
263	86	204	
253	79	205	
255	79	207	
249	80	223	
244	70	211	
249	76	207	
244	74	218	
249	66	212	
253	91	211	
261	82	209	
251	80	231	
248	67	206	
257	76	218	
250	73	210	
263	90	207	
250	74	211	
256	79	214	
252	81	218	
251	75	214	
251	72	219	
254	77	216	
240	65	208	
254	74	210	
250	84	198	
251	73	220	
256	87	213	
255	71	217	
250	84	207	
249	68	216	
246	82	204	
251	77	201	
247	81	207	
258	86	219	
257	74	207	
261	92	202	
257	82	203	
259	82	208	
250	76	214	
258	80	202	
250	80	218	
250	73	226	
250	65	218	
257	80	207	
249	72	206	
253	80	215	
254	71	210	
248	88	218	
253	80	206	
252	76	216	
244	70	223	
253	73	202	
255	76	207	
254	70	217	
253	82	214	
250	72	207	
256	78	210	
249	79	219	
246	79	222	
244	83	227	
254	68	207	
255	74	218	
245	64	236	
247	78	222	
254	80	210	
248	79	224	
254	72	201	
255	83	223	
257	90	202	
255	70	222	
238	66	231	
253	74	224	
254	70	218	
253	85	213	
253	73	222	
254	74	224	
247	72	222	
247	71	212	
252	64	210	
247	73	208	
245	79	215	
256	83	209	
249	72	203	
258	80	213	
249	71	229	
256	82	199	
254	83	207	
256	78	222	
242	65	216	
247	62	224	
254	73	224	
256	80	212	
262	84	210	
250	77	218	
244	66	213	
248	85	230	
258	85	204	
239	71	219	
249	70	207	
242	76	239	
253	81	212	
252	81	206	
255	84	218	
253	80	233	
256	73	202	
248	78	220	
248	71	216	
261	80	211	
251	72	211	
246	61	210	
251	72	222	
254	78	214	
254	82	212	
249	84	224	
250	72	204	
242	77	210	
247	75	216	
252	80	223	
249	93	215	
261	99	206	
259	81	222	
242	71	219	
253	79	214	
251	87	223	
256	74	203	
258	82	213	
246	71	211	
259	80	208	
256	85	214	
250	70	232	
256	83	209	
248	66	202	
249	68	205	
249	69	206	
251	84	208	
255	81	220	
252	84	203	
252	80	214	
252	78	212	
247	83	220	
257	76	211	
253	75	219	
255	82	222	
254	76	215	
256	79	220	
249	83	219	
247	74	209	
253	82	208	
255	68	217	
252	74	217	
251	67	215	
248	76	209	
254	73	215	
252	72	212	
242	79	229	
250	76	217	
256	66	218	
251	80	228	
249	67	222	
248	72	208	
249	69	212	
258	91	207	
258	75	209	
252	70	215	
248	72	208	
246	61	224	
237	72	212	
256	81	219	
252	78	215	
247	78	210	
246	76	219	
259	88	214	
251	86	207	
252	78	203	
249	85	222	
253	80	227	
250	79	211	
250	84	210	
253	84	216	
262	82	205	
257	80	207	
247	69	219	
252	75	208	
253	74	206	
258	90	220	
256	87	204	
244	71	227	
242	69	220	
245	69	220	
252	69	215	
252	75	212	
244	72	219	
246	75	215	
251	84	205	
247	59	214	
252	71	219	
258	82	207	
255	84	215	
255	78	209	
258	76	216	
246	76	228	
243	74	226	
248	70	206	
249	73	218	
251	76	214	
245	88	200	
253	80	203	
254	79	226	
251	67	212	
252	82	230	
252	90	206	
250	78	222	
252	86	214	
253	74	208	
256	83	223	
252	85	216	
253	74	203	
249	67	215	
254	77	219	
252	75	215	
250	76	214	
245	74	219	
250	81	201	
248	70	215	
245	77	210	
249	65	229	
256	77	203	
250	72	216	
246	73	216	
259	88	208	
259	81	215	
249	83	218	
241	63	215	
251	68	215	
250	65	218	
260	92	206	
249	75	214	
263	85	203	
248	72	211	
247	75	231	
244	66	207	
249	75	206	
255	78	206	
251	71	207	
261	84	203	
254	78	199	
249	80	223	
256	77	215	
260	91	232	
251	76	224	
257	73	206	
252	84	203	
249	77	220	
261	84	200	
259	79	214	
252	78	212	
252	81	212	
258	85	201	
254	81	208	
255	87	206	
247	77	206	
256	99	222	
249	82	219	
256	75	218	
255	76	210	
256	88	211	
256	84	213	
251	78	214	
246	74	211	
255	68	208	
249	75	220	
250	73	220	
249	77	214	
256	97	211	
245	85	203	
251	71	219	
251	75	220	
255	79	210	
251	75	211	
245	74	222	
252	78	206	
245	76	230	
252	75	223	
254	76	209	
252	70	204	
257	78	207	
245	64	209	
245	85	221	
258	78	212	
249	74	211	
248	73	212	
251	78	208	
251	79	200	
251	83	204	
254	84	214	
250	76	219	
256	79	214	
254	78	202	
249	73	207	
237	65	220	
244	66	227	
239	65	219	
264	87	199	
251	71	207	
258	84	206	
255	75	203	
240	84	215	
252	85	207	
250	76	214	
244	69	210	
251	71	210	
248	78	220	
245	78	219	
247	77	208	
251	73	218	
243	70	225	
242	69	214	
253	86	227	
254	78	211	
240	63	206	
250	78	222	
253	70	202	
245	68	216	
255	79	207	
251	78	211	
252	79	231	
247	80	206	
247	77	206	
250	79	208	
253	79	196	
251	68	210	
245	76	212	
256	78	207	
245	60	217	
262	83	206	
257	87	199	
248	66	210	
252	81	218	
253	73	214	
248	75	211	
247	78	222	
254	87	211	
253	72	207	
254	80	210	
252	70	212	
248	75	220	
257	79	203	
259	77	209	
256	79	220	
264	89	217	
257	89	212	
249	90	206	
258	87	209	
253	75	219	
243	63	226	
254	74	204	
259	88	214	
257	85	215	
243	72	206	
245	76	227	
254	80	212	
251	76	224	
256	89	212	
251	75	208	
257	78	220	
257	69	202	
253	75	219	
258	86	220	
254	84	217	
255	84	212	
253	77	218	
243	70	204	
263	94	215	
250	75	234	
257	75	214	
248	73	212	
250	71	211	
252	81	217	
248	80	219	
254	73	218	
260	81	208	
253	87	207	
256	84	204	
243	61	216	
251	76	215	
256	84	216	
259	80	209	
254	75	202	
252	64	216	
258	79	207	
254	78	214	
252	72	212	
254	80	207	
255	81	212	
258	78	215	
253	81	219	
253	77	220	
248	69	211	
253	77	215	
251	84	214	
248	75	219	
250	71	223	
258	84	218	
255	75	206	
247	76	226	
252	76	207	
249	64	207	
249	80	214	
246	69	223	
254	80	206	
247	73	210	
254	72	208	
251	70	227	
247	76	213	
253	77	224	
244	79	214	
249	81	220	
245	71	221	
247	68	226	
253	80	212	
251	71	230	
255	75	215	
251	86	215	
252	66	206	
251	83	206	
249	72	215	
249	74	214	
254	81	211	
256	90	210	
255	82	207	
260	86	218	
251	77	219	
253	73	223	
244	64	217	
253	78	222	
253	74	206	
247	80	215	
253	81	204	
249	68	213	
257	90	217	
249	72	217	
250	81	204	
249	70	210	
248	77	210	
246	70	216	
267	92	208	
250	69	233	
246	73	207	
248	80	207	
251	76	218	
257	76	200	
248	74	231	
256	80	203	
258	77	214	
253	75	212	
255	80	219	
250	71	218	
249	77	216	
252	70	207	
257	76	203	
242	71	210	
262	81	207	
255	80	202	
254	87	208	
250	74	206	
250	62	212	
253	64	214	
250	77	215	
253	84	210	
251	72	219	
250	71	206	
253	76	207	
251	71	219	
257	89	210	
241	57	219	
248	70	206	
254	76	224	
260	73	208	
257	82	212	
246	73	240	
263	87	202	
243	67	204	
246	64	212	
254	70	214	
252	77	223	
253	82	226	
245	75	210	
251	67	203	
257	77	204	
249	74	232	
257	85	212	
261	80	210	
245	70	224	
251	66	214	
247	81	219	
248	72	208	
256	76	208	
256	81	219	
256	81	207	
253	81	204	
250	68	207	
250	78	204	
246	81	208	
250	84	204	
255	84	200	
248	68	223	
248	71	212	
254	75	214	
253	68	212	
254	86	207	
259	86	223	
261	79	203	
255	77	202	
258	84	209	
248	80	216	
255	87	223	
252	81	229	
256	87	209	
250	79	205	
253	74	218	
255	80	208	
249	82	222	
248	79	218	
251	73	227	
242	69	214	
248	71	204	
248	73	215	
255	79	213	
254	81	211	
251	66	211	
244	70	231	
251	84	214	
241	65	212	
255	83	211	
252	73	207	
248	71	204	
252	65	202	
250	71	224	
255	79	204	
253	78	207	
249	67	213	
251	85	206	
260	83	207	
250	85	214	
250	77	220	
243	73	215	
248	68	207	
259	75	227	
250	68	206	
253	74	226	
251	78	217	
250	66	222	
250	76	199	
249	84	212	
254	77	201	
256	79	220	
250	73	205	
250	77	206	
249	74	214	
250	79	230	
247	86	209	
254	83	216	
253	82	223	
255	90	206	
248	84	214	
252	83	211	
250	72	227	
259	87	207	
253	77	206	
249	76	207	
251	62	218	
250	75	201	
247	83	230	
253	70	202	
255	72	212	
255	73	207	
245	83	219	
252	63	215	
249	67	219	
243	72	211	
250	72	198	
245	75	220	
245	72	214	
250	69	204	
250	75	207	
253	89	215	
254	83	207	
243	73	210	
259	81	203	
254	81	209	
249	86	214	
253	69	210	
252	72	218	
256	76	211	
248	81	232	
251	81	217	
252	81	218	
251	83	218	
247	78	198	
251	72	199	
252	84	209	
250	69	210	
248	75	220	
260	84	199	
251	78	226	
244	59	224	
238	65	227	
250	84	222	
249	68	208	
247	86	218	
245	79	218	
252	80	216	
250	73	220	
254	72	208	
260	82	215	
254	74	212	
252	79	216	
253	76	199	
254	80	224	
255	86	216	
251	78	205	
250	76	208	
258	75	218	
254	81	202	
256	85	214	
252	76	207	
249	73	222	
253	80	223	
242	70	235	
253	78	213	
252	77	214	
249	64	210	
249	64	210	
251	72	214	
259	80	206	
260	86	212	
255	79	210	
248	65	219	
244	67	214	
250	73	205	
247	82	231	
244	67	214	
252	70	210	
257	81	211	
251	79	203	
255	99	200	
257	76	197	
249	69	203	
253	64	226	
252	77	214	
242	74	206	
255	79	216	
252	69	224	
245	74	216	
245	62	204	
252	85	210	
250	79	211	
246	78	224	
246	78	203	
252	78	215	
241	68	209	
248	67	212	
257	89	207	
253	87	219	
249	69	212	
247	75	204	
253	69	207	
251	74	207	
250	83	215	
253	78	210	
245	72	235	
257	84	220	
253	73	208	
251	81	211	
249	67	207	
251	70	215	
255	80	214	
253	78	213	
250	70	219	
253	74	206	
245	76	226	
242	74	228	
252	87	215	
258	85	207	
258	83	211	
256	87	210	
249	71	222	
253	78	216	
253	83	203	
257	84	211	
253	69	216	
253	80	205	
253	75	218	
252	74	220	
253	68	203	
247	74	212	
261	88	207	
245	71	218	
254	79	221	
248	76	209	
249	77	211	
247	67	205	
254	76	209	
243	70	225	
260	86	207	
254	76	208	
246	67	216	
248	79	206	
250	70	211	
248	80	210	
251	68	219	
251	79	208	
254	70	209	
262	86	202	
245	73	212	
254	85	205	
255	76	215	
257	85	215	
247	72	207	
258	74	210	
245	65	221	
255	82	222	
250	70	211	
252	85	216	
244	73	217	
251	67	215	
244	69	210	
250	76	211	
242	60	211	
246	77	234	
245	81	214	
247	73	216	
247	63	212	
259	80	209	
246	86	210	
257	64	209	
250	77	217	
244	81	231	
252	81	215	
249	67	216	
257	77	219	
247	77	218	
254	87	217	
257	79	211	
247	74	215	
247	73	211	
252	73	207	
247	78	222	
257	85	212	
251	77	222	
251	85	218	
261	86	213	
245	71	216	
244	70	210	
248	72	211	
251	67	217	
249	68	223	
249	71	199	
256	81	204	
252	70	219	
248	70	206	
255	74	217	
249	82	216	
250	73	214	
262	80	218	
249	71	223	
255	79	207	
248	62	207	
250	77	224	
250	84	228	
252	77	208	
258	88	216	
249	76	210	
261	83	211	
256	82	211	
259	85	202	
254	87	227	
253	78	210	
250	81	222	
246	77	214	
253	74	206	
252	72	206	
255	78	200	
251	75	226	
249	66	218	
254	67	209	
244	68	215	
249	74	202	
253	71	227	
246	69	212	
256	76	205	
250	75	219	
257	85	218	
246	73	222	
261	75	211	
255	83	222	
253	76	202	
257	84	205	
251	79	230	
253	72	213	
251	76	221	
253	88	207	
257	82	228	
240	75	223	
246	63	230	
252	86	214	
252	72	215	
249	75	206	
248	75	214	
253	82	207	
245	66	208	
259	86	218	
243	71	229	
256	72	201	
248	76	214	
256	75	204	
255	77	208	
255	81	214	
250	72	219	
256	87	222	
247	70	214	
249	65	223	
250	68	215	
252	69	221	
256	82	223	
252	76	207	
256	70	202	
249	72	215	
250	88	199	
256	80	215	
256	86	215	
240	79	228	
248	73	206	
252	77	208	
252	80	208	
256	75	207	
255	76	213	
248	83	215	
248	67	203	
240	75	212	
257	76	203	
253	71	212	
249	73	204	
255	79	215	
258	82	207	
251	65	204	
254	79	218	
250	75	218	
252	76	216	
258	90	218	
253	79	211	
250	77	212	
259	93	207	
250	82	205	
252	85	213	
255	77	211	
250	84	222	
258	70	207	
247	69	216	
253	82	211	
253	78	210	
256	74	215	
237	75	214	
253	80	209	
259	79	216	
254	77	231	
246	77	214	
257	80	210	
247	74	206	
250	74	212	
257	81	214	
244	74	226	
244	65	226	
252	73	210	
249	77	228	
251	83	217	
250	72	219	
251	81	217	
257	81	205	
250	76	207	
255	72	224	
248	71	236	
250	83	212	
256	72	201	
243	75	203	
251	76	212	
250	66	213	
250	78	222	
253	75	210	
254	79	208	
248	82	220	
250	75	222	
254	72	220	
261	92	205	
257	77	219	
255	87	212	
252	73	224	
252	82	207	
249	69	203	
254	74	207	
253	74	203	
255	74	202	
244	85	217	
255	78	218	
255	87	212	
248	75	223	
256	74	205	
240	70	225	
248	70	222	
253	83	215	
250	79	211	
245	61	224	
252	79	207	
244	75	207	
244	71	206	
254	73	203	
259	81	207	
246	67	213	
244	65	230	
252	82	198	
244	76	222	
262	82	213	
257	81	211	
242	69	220	
251	73	211	
245	78	214	
250	78	219	
256	81	201	
254	80	222	
256	77	226	
254	90	232	
252	79	212	
260	92	207	
254	73	218	
251	76	203	
248	73	218	
253	70	205	
249	70	210	
248	73	218	
252	73	228	
258	86	202	
257	84	216	
252	74	210	
251	71	210	
256	92	215	
249	70	222	
257	85	212	
253	75	216	
250	80	203	
252	77	217	
251	81	216	
256	82	202	
249	71	231	
250	65	218	
251	75	199	
254	77	219	
241	60	210	
252	80	220	
253	74	212	
253	80	215	
252	71	211	
248	82	212	
252	73	204	
256	80	203	
257	69	202	
244	64	208	
255	66	222	
254	77	207	
250	72	218	
246	70	228	
253	86	212	
255	83	223	
254	84	214	
255	79	207	
246	66	209	
243	77	229	
251	78	208	
251	81	208	
250	75	228	
249	83	234	
253	71	209	
255	78	214	
252	79	207	
257	87	202	
250	83	209	
248	75	211	
242	65	219	
246	72	228	
258	85	216	
256	78	222	
245	77	223	
247	86	227	
249	62	211	
256	73	211	
258	79	216	
256	90	207	
259	88	219	
248	76	218	
251	72	208	
253	69	207	
256	79	214	
252	67	223	
247	79	219	
249	70	207	
253	74	212	
244	77	230	
250	69	215	
255	77	205	
252	76	201	
249	76	210	
248	76	214	
257	82	206	
245	65	225	
254	77	210	
253	68	206	
257	68	219	
252	78	215	
249	77	222	
257	77	213	
244	69	207	
243	69	206	
253	71	206	
257	76	212	
248	69	220	
252	83	222	
249	75	221	
262	81	204	
248	74	212	
249	73	222	
253	83	212	
254	81	208	
245	63	223	
256	77	206	
251	87	214	
248	72	211	
248	67	215	
263	91	206	
255	88	213	
252	74	208	
250	83	203	
253	81	207	
249	70	219	
242	75	223	
247	83	212	
257	78	211	
253	81	204	
255	85	213	
247	67	208	
248	76	212	
248	65	210	
253	83	206	
245	74	213	
247	81	213	
263	90	211	
261	83	208	
251	75	214	
260	86	219	
248	75	220	
253	81	215	
250	78	219	
261	78	203	
253	84	201	
256	79	210	
250	69	201	
251	65	213	
253	83	203	
252	76	207	
247	78	207	
253	83	219	
251	69	214	
244	66	231	
250	90	210	
254	89	213	
260	85	205	
248	72	217	
248	77	222	
248	87	201	
255	86	214	
255	83	214	
243	62	220	
253	91	208	
251	66	205	
246	76	210	
252	80	205	
257	79	215	
246	95	214	
255	85	215	
253	83	212	
254	74	210	
254	72	222	
252	68	202	
248	74	228	
244	70	235	
247	74	226	
244	74	218	
257	84	211	
253	79	216	
249	76	219	
246	84	206	
251	77	213	
249	84	206	
250	70	199	
255	70	221	
250	85	208	
256	80	211	
254	84	202	
253	81	207	
246	70	227	
251	78	214	
253	71	215	
251	80	216	
249	72	215	
250	69	228	
248	71	238	
252	90	214	
251	83	213	
247	68	224	
246	80	217	
252	75	221	
254	74	206	
242	78	219	
250	83	215	
250	72	225	
252	84	211	
245	71	228	
250	72	219	
252	85	216	
255	74	211	
241	66	219	
245	69	220	
256	77	203	
251	74	225	
245	84	211	
259	85	202	
256	81	228	
252	92	220	
250	77	211	
249	87	206	
246	81	221	
249	77	220	
252	67	210	
250	81	222	
258	80	210	
259	80	218	
258	85	204	
259	90	216	
253	78	219	
253	79	216	
252	77	214	
256	88	220	
250	72	210	
252	82	222	
244	68	218	
256	71	206	
243	62	223	
248	83	213	
249	82	222	
251	85	211	
254	71	228	
253	76	208	
249	75	215	
239	71	228	
253	74	209	
252	76	210	
251	68	215	
258	77	214	
254	80	213	
251	65	198	
255	87	212	
252	67	204	
255	70	210	
247	72	216	
253	75	218	
258	83	202	
253	72	213	
245	73	218	
252	79	222	
252	70	210	
256	85	202	
248	80	209	
259	75	221	
257	83	210	
257	74	210	
254	86	210	
251	81	208	
245	67	212	
251	77	207	
247	59	211	
245	78	214	
248	75	213	
251	77	216	
253	75	219	
257	83	210	
255	83	211	
256	83	212	
253	70	232	
249	71	211	
256	81	222	
251	83	239	
251	73	211	
264	94	204	
251	78	205	
254	81	220	
251	76	224	
253	73	211	
250	72	225	
259	82	205	
249	69	209	
256	72	204	
247	74	209	
252	80	213	
249	76	216	
250	75	213	
253	82	211	
255	81	215	
258	85	201	
257	92	201	
259	81	207	
253	70	211	
257	90	211	
253	66	216	
250	79	208	
246	68	217	
248	72	223	
255	74	214	
246	74	223	
251	70	203	
249	76	219	
260	93	208	
254	84	214	
249	75	218	
248	72	211	
252	78	215	
257	77	213	
259	84	204	
243	78	215	
250	84	219	
250	86	224	
248	68	223	
246	68	217	
254	84	223	
251	80	222	
253	78	210	
252	75	215	
245	61	218	
250	71	206	
255	86	214	
255	74	211	
252	89	222	
260	89	212	
247	67	211	
255	86	217	
251	76	212	
251	78	208	
250	76	208	
254	85	206	
248	75	228	
252	76	220	
243	70	225	
247	76	223	
251	63	207	
243	69	206	
260	80	215	
253	81	204	
250	74	211	
256	73	202	
259	88	214	
244	74	205	
249	64	216	
265	93	207	
250	75	210	
248	81	205	
259	91	202	
260	87	202	
256	72	198	
247	79	223	
252	78	229	
256	77	224	
250	71	221	
249	71	223	
239	62	212	
255	80	208	
249	72	209	
242	71	219	
254	75	217	
252	89	223	
252	81	220	
251	71	207	
257	82	215	
247	74	215	
252	78	206	
252	75	206	
250	77	215	
251	73	221	
248	65	204	
247	80	227	
249	78	224	
250	77	230	
247	74	236	
250	74	212	
254	75	211	
250	68	215	
248	82	232	
255	77	214	
252	89	226	
259	72	214	
254	80	204	
263	81	210	
251	79	209	
259	77	215	
250	94	211	
255	72	215	
252	72	223	
252	82	219	
252	91	210	
248	74	206	
249	74	226	
245	68	216	
259	82	220	
252	81	215	
250	70	208	
255	65	196	
250	75	198	
250	72	204	
242	76	206	
246	72	209	
255	78	212	
260	90	214	
251	76	215	
256	75	204	
246	78	215	
260	90	229	
256	87	220	
247	72	219	
247	70	202	
249	79	225	
251	76	215	
259	89	206	
252	78	214	
249	81	224	
254	78	214	
259	83	203	
246	80	217	
260	94	210	
257	75	214	
239	70	215	
251	78	217	
253	84	227	
255	82	224	
256	85	214	
248	69	210	
257	69	202	
255	79	225	
256	77	209	
251	83	210	
252	67	212	
249	79	222	
247	69	204	
251	81	202	
254	80	201	
250	82	220	
248	78	211	
254	77	210	
249	80	214	
254	67	206	
249	75	206	
259	86	202	
244	84	228	
249	69	203	
247	75	224	
258	74	217	
249	72	203	
252	71	223	
259	80	197	
250	78	201	
258	75	215	
256	80	212	
258	91	211	
242	55	227	
250	73	219	
241	70	223	
247	73	223	
250	79	214	
250	77	215	
254	83	198	
246	87	215	
255	77	202	
256	77	223	
254	74	213	
254	77	210	
251	77	216	
256	75	213	
257	71	213	
246	71	238	
244	73	223	
252	70	207	
248	68	216	
247	79	214	
251	69	234	
252	77	210	
257	77	212	
249	72	221	
245	68	210	
243	68	220	
246	66	203	
247	76	205	
252	73	213	
255	86	205	
251	90	208	
252	77	216	
253	74	211	
250	85	211	
251	88	218	
255	71	220	
251	75	205	
256	83	224	
250	77	206	
251	71	212	
259	83	218	
256	73	220	
251	75	208	
243	69	227	
252	92	226	
256	80	211	
246	85	210	
252	70	215	
251	75	214	
259	77	209	
248	72	216	
257	87	202	
248	70	212	
249	80	199	
250	74	212	
250	74	218	
255	81	211	
251	78	220	
250	77	218	
249	69	215	
248	74	215	
248	77	213	
253	83	206	
248	70	215	
252	72	215	
257	85	206	
250	74	206	
250	67	214	
247	72	222	
252	75	211	
249	69	220	
251	74	210	
245	69	229	
254	85	218	
255	78	223	
252	80	234	
254	72	202	
249	78	218	
258	84	209	
254	73	218	
249	74	208	
256	74	206	
249	87	203	
250	67	208	
252	90	203	
253	78	204	
249	70	210	
259	85	223	
247	72	198	
243	61	237	
255	86	220	
253	77	218	
252	67	215	
244	78	216	
257	87	208	
250	74	218	
251	73	212	
252	79	204	
251	81	236	
251	64	203	
253	79	219	
247	76	223	
247	70	214	
242	66	223	
248	78	220	
254	78	208	
255	82	216	
248	69	207	
254	76	206	
247	69	216	
256	73	221	
259	77	209	
253	76	206	
253	78	198	
253	83	221	
257	78	213	
253	75	224	
259	79	223	
246	67	216	
244	72	222	
260	85	221	
255	78	215	
257	82	229	
253	81	204	
252	67	219	
248	81	226	
255	68	205	
251	76	212	
250	79	223	
254	83	204	
255	72	214	
261	95	202	
249	71	208	
247	84	207	
252	82	213	
239	61	212	
250	78	216	
252	80	214	
244	78	207	
259	85	211	
259	87	221	
253	87	213	
248	82	218	
253	85	222	
250	67	214	
257	72	225	
253	80	203	
246	77	220	
248	85	220	
248	67	227	
250	76	223	
254	78	222	
256	78	203	
245	74	219	
250	76	214	
246	73	221	
254	95	207	
245	76	223	
254	82	224	
252	73	210	
254	81	211	
256	82	214	
252	76	212	
254	87	202	
255	68	205	
260	87	202	
252	68	225	
255	92	225	
251	81	202	
240	71	214	
257	81	211	
248	80	210	
253	77	206	
248	85	223	
257	81	202	
250	72	210	
255	78	197	
255	83	214	
257	83	210	
250	74	215	
242	57	228	
251	73	209	
247	75	212	
253	76	222	
255	80	217	
252	70	216	
256	79	211	
251	79	206	
250	75	216	
255	77	213	
247	68	206	
252	80	226	
251	83	216	
257	71	204	
250	72	225	
249	86	220	
256	81	221	
253	89	208	
244	74	215	
252	75	206	
258	85	207	
250	75	231	
252	73	210	
244	70	211	
247	79	211	
254	78	226	
254	73	208	
244	73	205	
252	76	216	
249	70	210	
253	90	222	
254	84	208	
245	68	217	
262	88	222	
247	74	215	
249	81	223	
253	76	210	
255	75	214	
252	78	236	
251	89	222	
248	70	205	
249	75	206	
255	78	206	
252	71	208	
248	84	211	
246	67	219	
248	71	228	
246	80	202	
259	89	211	
252	78	214	
250	89	208	
250	82	214	
239	65	215	
256	74	206	
249	77	217	
251	72	211	
261	93	215	
244	62	212	
247	71	200	
242	71	216	
252	76	222	
242	70	215	
252	80	205	
250	81	219	
253	93	201	
249	72	227	
253	82	208	
244	76	207	
258	87	218	
259	75	210	
256	75	229	
249	66	206	
256	81	218	
255	81	212	
246	76	228	
256	81	215	
246	72	215	
255	74	211	
256	86	212	
248	74	207	
250	76	223	
258	88	222	
251	73	212	
255	82	230	
259	85	208	
247	63	210	
249	77	219	
247	72	213	
255	86	208	
252	75	220	
253	74	228	
255	77	211	
251	70	212	
249	73	213	
252	65	202	
249	92	225	
252	79	219	
254	82	203	
257	91	227	
257	80	210	
249	82	219	
257	85	211	
249	75	212	
246	78	218	
245	71	216	
247	70	211	
248	67	220	
256	77	205	
251	82	226	
250	76	217	
251	79	209	
251	76	209	
255	79	216	
242	63	219	
253	89	218	
253	73	210	
255	80	214	
253	77	223	
253	72	207	
260	82	206	
251	74	219	
248	78	208	
260	87	208	
246	73	213	
258	92	208	
252	87	224	
261	87	200	
254	73	218	
249	69	206	
254	95	215	
256	90	210	
243	78	220	
250	69	204	
245	67	218	
254	78	208	
264	95	202	
253	80	215	
260	88	220	
249	74	220	
251	69	208	
253	77	218	
254	67	206	
251	72	208	
252	76	227	
255	84	215	
247	75	213	
254	85	206	
249	75	223	
259	94	226	
255	86	205	
249	77	208	
258	72	203	
249	74	202	
249	83	214	
252	72	206	
243	71	223	
250	90	225	
261	96	215	
251	78	205	
246	62	202	
252	74	208	
252	85	222	
257	78	214	
252	75	203	
253	75	207	
252	77	211	
253	90	201	
248	81	216	
252	75	215	
259	81	216	
253	82	231	
256	91	217	
257	77	210	
239	66	220	
255	79	228	
250	72	219	
255	84	215	
252	59	196	
250	68	218	
248	73	227	
254	81	214	
250	75	207	
256	72	201	
251	73	218	
243	71	223	
248	81	208	
249	64	219	
253	76	226	
253	76	231	
254	85	206	
249	76	210	
247	73	220	
256	71	203	
237	63	224	
253	75	207	
256	81	216	
252	75	203	
251	76	214	
243	71	220	
252	82	231	
249	77	211	
256	78	219	
256	85	205	
253	79	213	
252	76	207	
251	65	219	
252	83	202	
249	71	219	
246	70	222	
248	81	211	
250	68	209	
248	62	207	
254	76	227	
245	75	234	
244	85	220	
252	79	216	
255	85	210	
250	85	204	
253	75	207	
258	81	203	
255	75	212	
251	76	212	
246	70	210	
258	90	206	
252	80	220	
250	83	215	
243	66	206	
253	76	211	
259	75	212	
248	84	226	
253	70	211	
243	67	222	
252	78	206	
250	83	227	
246	84	212	
259	84	207	
244	82	214	
246	65	208	
244	73	214	
247	68	206	
259	77	203	
250	73	235	
255	74	208	
252	78	217	
243	80	211	
256	88	222	
251	75	225	
242	76	215	
254	79	206	
254	85	206	
254	76	209	
256	79	231	
256	77	209	
256	78	215	
254	74	210	
259	78	213	
254	74	222	
248	78	211	
249	79	210	
249	78	209	
254	76	211	
255	86	214	
259	77	221	
253	69	226	
252	74	208	
250	76	214	
252	73	210	
251	64	215	
254	81	217	
258	81	212	
257	81	216	
250	71	203	
256	81	216	
256	72	198	
250	71	223	
248	74	207	
256	80	212	
254	83	219	
250	80	224	
249	67	212	
248	77	213	
254	76	215	
244	62	208	
246	67	207	
251	72	208	
261	91	219	
257	76	215	
257	87	211	
247	69	230	
248	79	203	
258	71	205	
250	76	208	
257	83	222	
249	72	215	
257	76	209	
249	72	239	
246	70	206	
245	72	223	
250	76	204	
253	77	212	
244	74	215	
251	82	203	
261	92	205	
251	74	219	
252	77	214	
262	96	219	
263	85	203	
252	76	207	
248	77	207	
248	78	211	
258	86	211	
252	76	219	
252	88	210	
245	80	224	
249	86	214	
257	81	216	
244	67	211	
243	71	232	
254	75	223	
251	84	220	
252	75	223	
248	70	215	
250	79	211	
251	76	218	
252	74	217	
260	78	202	
248	69	211	
256	86	211	
252	74	205	
250	77	212	
251	77	222	
251	70	214	
248	68	216	
262	85	196	
245	75	232	
246	75	202	
259	91	211	
254	79	220	
257	69	205	
253	78	198	
252	81	223	
262	84	216	
253	77	232	
250	79	219	
248	87	211	
257	73	209	
254	74	222	
257	78	202	
258	81	208	
251	79	215	
252	79	219	
257	77	210	
250	81	216	
257	74	213	
256	93	213	
248	76	206	
254	81	211	
248	82	221	
253	72	210	
255	92	223	
251	81	220	
250	78	210	
254	86	222	
247	75	228	
254	70	218	
257	83	219	
255	81	219	
250	79	217	
260	84	202	
252	88	219	
254	75	211	
249	70	234	
247	66	216	
260	89	225	
246	72	209	
257	87	211	
253	80	215	
258	80	199	
248	76	212	
245	60	223	
257	78	214	
249	81	211	
253	71	212	
251	83	207	
257	74	204	
248	76	209	
244	68	215	
252	86	208	
246	78	232	
247	76	220	
244	72	227	
256	78	201	
254	69	199	
245	67	215	
246	75	215	
251	77	207	
251	77	219	
248	75	222	
250	79	223	
250	75	215	
250	74	227	
246	65	210	
252	69	215	
245	69	229	
254	73	215	
261	92	222	
249	77	202	
249	75	212	
245	67	203	
252	75	206	
251	77	210	
253	74	215	
247	79	208	
254	67	213	
248	78	207	
253	82	208	
256	82	213	
256	80	211	
253	76	202	
257	75	213	
250	78	210	
247	73	199	
257	79	211	
254	79	209	
256	91	214	
245	64	215	
252	84	224	
256	82	214	
257	83	210	
249	70	228	
248	77	207	
252	93	209	
256	81	207	
250	82	230	
255	81	206	
250	83	224	
250	73	205	
255	75	206	
252	73	219	
255	79	204	
254	93	214	
255	76	227	
254	79	209	
244	84	213	
245	77	228	
244	59	203	
239	62	219	
246	72	203	
252	80	214	
251	68	198	
248	74	219	
249	69	203	
248	79	215	
254	77	207	
246	87	211	
244	78	207	
254	73	203	
247	80	212	
251	77	207	
245	82	230	
249	72	212	
245	72	205	
252	82	201	
250	84	204	
250	70	211	
254	75	223	
250	78	206	
262	85	217	
252	75	215	
249	72	206	
251	70	215	
255	78	218	
243	82	209	
246	63	206	
261	82	218	
248	70	224	
252	79	216	
258	82	204	
251	75	214	
257	80	210	
249	65	220	
255	84	203	
250	73	214	
246	65	211	
249	86	211	
248	68	219	
249	74	202	
250	70	211	
251	65	212	
253	74	223	
246	76	210	
247	78	228	
251	72	211	
251	77	231	
259	87	216	
243	73	210	
253	88	213	
251	74	209	
255	83	202	
244	73	220	
248	78	211	
250	74	224	
249	70	227	
251	71	216	
252	75	212	
258	77	211	
255	79	219	
246	70	222	
249	76	216	
251	68	204	
255	79	207	
240	82	236	
259	77	206	
247	67	214	
251	71	219	
254	79	206	
255	74	217	
250	70	211	
250	82	220	
251	80	210	
252	82	216	
241	72	222	
244	69	219	
257	81	210	
245	84	211	
255	82	222	
250	79	211	
251	81	199	
256	82	208	
258	77	202	
249	76	210	
251	75	207	
247	69	201	
250	82	211	
247	81	207	
258	89	202	
247	70	219	
247	72	204	
259	83	212	
248	82	218	
253	62	203	
247	73	208	
254	69	214	
249	78	211	
252	86	220	
255	76	213	
263	85	212	
258	87	205	
251	71	207	
252	71	214	
244	79	231	
252	70	219	
246	70	225	
252	73	225	
252	68	205	
244	65	215	
249	74	207	
248	76	227	
252	68	210	
252	75	212	
250	86	209	
249	75	224	
252	82	218	
250	68	221	
245	73	224	
243	72	228	
252	85	222	
258	85	219	
251	72	222	
251	84	223	
251	69	205	
244	69	219	
256	94	202	
238	72	219	
247	71	218	
257	79	214	
247	77	209	
243	72	226	
243	70	210	
256	83	212	
242	69	220	
250	73	223	
250	67	208	
246	69	215	
252	75	214	
264	81	206	
260	86	198	
256	75	210	
255	81	203	
251	74	207	
261	83	205	
254	69	202	
249	67	209	
252	67	222	
255	75	203	
248	75	208	
258	81	212	
245	84	231	
252	76	216	
250	93	201	
253	73	208	
255	75	200	
252	73	207	
261	79	198	
248	73	224	
260	72	199	
254	79	215	
252	75	238	
251	81	220	
253	87	213	
261	78	203	
252	86	214	
250	74	215	
257	79	212	
252	76	209	
249	87	216	
241	69	207	
254	69	208	
245	74	216	
251	81	211	
252	62	208	
251	85	236	
257	84	208	
252	68	217	
250	73	220	
256	79	211	
251	78	214	
251	81	208	
251	76	212	
247	72	224	
255	77	214	
249	73	210	
257	88	221	
250	74	211	
249	78	218	
255	86	217	
253	88	208	
252	83	208	
248	65	213	
250	69	222	
256	80	212	
251	84	211	
256	84	198	
244	71	227	
254	88	206	
245	70	221	
254	82	215	
250	81	206	
250	80	206	
247	70	202	
253	72	227	
244	69	210	
252	80	226	
252	79	216	
255	79	215	
255	80	202	
247	66	219	
253	75	210	
251	72	202	
246	78	206	
257	82	215	
254	67	203	
258	78	218	
244	75	227	
253	78	207	
250	82	214	
243	83	223	
256	66	219	
246	81	227	
257	78	214	
247	78	210	
244	65	212	
252	77	211	
251	77	209	
252	70	210	
256	82	208	
257	78	204	
252	85	207	
255	84	209	
255	73	207	
254	63	214	
246	68	217	
246	74	213	
251	84	211	
252	75	206	
254	82	211	
257	84	208	
253	71	214	
251	69	214	
256	79	202	
252	81	203	
256	79	211	
244	80	227	
256	75	213	
248	69	208	
256	72	209	
255	75	206	
252	76	221	
251	63	207	
246	79	209	
253	88	208	
249	79	209	
261	84	214	
258	88	207	
249	78	203	
249	76	216	
253	72	201	
253	86	218	
256	83	215	
254	71	219	
253	71	205	
250	73	211	
246	71	223	
248	70	217	
247	64	216	
253	75	219	
250	81	210	
250	75	222	
245	76	224	
250	65	203	
247	74	218	
249	84	215	
255	73	210	
253	80	215	
252	77	214	
247	63	219	
252	82	222	
247	71	203	
245	78	214	
247	62	215	
250	79	232	
251	73	214	
255	76	228	
253	88	217	
252	78	215	
246	65	210	
251	75	208	
247	67	220	
250	73	216	
252	84	218	
259	87	198	
253	78	219	
254	77	216	
251	90	223	
247	72	219	
254	76	200	
251	69	202	
250	81	207	
255	76	204	
251	72	220	
254	78	223	
250	71	206	
254	72	211	
256	82	220	
250	70	219	
246	70	216	
258	90	215	
261	84	212	
254	78	220	
249	73	219	
250	76	214	
249	83	214	
245	83	215	
253	79	208	
249	80	211	
254	87	214	
251	74	216	
248	68	219	
251	82	229	
258	88	222	
249	83	211	
249	68	214	
259	86	200	
257	77	210	
256	76	211	
246	75	206	
251	80	222	
246	69	206	
248	74	210	
254	79	215	
247	79	205	
258	79	210	
246	87	232	
245	71	215	
254	77	213	
244	65	221	
251	75	217	
252	76	206	
240	69	236	
252	73	207	
251	71	216	
253	80	223	
255	75	218	
255	88	207	
254	79	203	
241	71	215	
253	67	229	
247	77	215	
250	82	214	
250	80	217	
247	72	219	
252	68	208	
246	66	206	
249	84	212	
251	89	210	
255	73	231	
249	83	214	
249	83	223	
246	73	210	
249	67	225	
245	100	221	
257	85	206	
251	82	215	
252	69	206	
255	82	209	
256	83	212	
249	82	207	
252	78	226	
252	70	207	
250	70	220	
253	78	216	
240	70	216	
255	82	221	
246	80	220	
255	82	210	
251	82	220	
256	78	210	
259	81	221	
261	83	199	
248	71	225	
244	73	214	
247	71	215	
252	72	212	
261	93	218	
251	74	210	
248	75	211	
259	83	218	
250	79	234	
254	73	212	
253	64	217	
255	78	206	
252	83	202	
249	80	211	
248	79	203	
251	69	208	
253	89	215	
252	88	207	
256	80	206	
250	74	227	
248	71	222	
246	76	210	
253	81	216	
250	67	211	
253	71	211	
258	78	206	
246	72	215	
259	79	205	
246	76	215	
247	80	203	
254	87	211	
251	80	207	
245	81	217	
256	88	202	
245	76	230	
249	85	215	
246	74	211	
254	79	212	
244	78	216	
248	70	214	
244	75	210	
253	80	200	
253	80	206	
247	76	220	
251	74	212	
260	93	207	
254	86	207	
246	76	213	
249	73	219	
249	80	220	
260	88	197	
254	67	212	
242	62	228	
249	79	210	
247	66	213	
254	84	205	
254	72	207	
252	70	210	
252	82	219	
238	73	211	
242	73	226	
250	68	227	
261	79	203	
248	74	210	
254	75	217	
251	82	209	
257	78	226	
251	76	212	
259	87	227	
248	69	211	
247	80	215	
251	66	214	
254	74	210	
257	82	221	
255	81	203	
252	77	214	
259	85	205	
256	78	215	
248	74	206	
251	76	224	
247	73	220	
248	76	218	
253	76	220	
247	68	208	
256	76	217	
243	89	208	
258	77	208	
252	76	214	
253	84	216	
247	74	224	
245	80	210	
250	66	212	
256	76	214	
248	81	220	
250	68	212	
257	80	219	
253	84	219	
249	63	200	
248	77	210	
256	83	208	
248	65	213	
251	90	219	
259	80	209	
252	72	228	
252	82	221	
254	81	205	
249	76	212	
252	67	207	
253	96	218	
244	63	240	
250	69	204	
245	81	216	
249	71	237	
248	71	224	
253	73	214	
251	68	210	
256	84	207	
252	70	212	
247	68	215	
251	79	222	
247	81	223	
256	75	213	
257	85	206	
247	64	217	
246	70	251	
255	89	214	
262	80	209	
246	77	223	
260	82	223	
247	75	210	
245	59	204	
246	78	211	
252	79	222	
247	76	220	
247	71	215	
248	71	210	
259	74	206	
250	75	212	
248	80	210	
251	81	208	
254	84	211	
257	81	229	
249	79	215	
255	88	210	
255	80	208	
250	68	211	
253	87	239	
251	75	236	
254	79	206	
247	74	226	
244	66	219	
247	64	235	
261	85	216	
250	79	211	
250	70	217	
248	70	203	
255	77	205	
258	88	227	
252	80	228	
254	84	205	
250	70	211	
252	77	232	
249	78	212	
250	77	221	
251	76	215	
262	81	210	
257	86	210	
254	80	216	
247	71	232	
256	74	206	
252	82	209	
253	75	210	
256	83	209	
257	85	215	
247	72	221	
246	61	227	
253	80	206	
245	72	211	
251	67	221	
247	75	219	
252	79	222	
259	81	222	
253	77	215	
253	74	209	
253	79	208	
251	86	210	
255	80	211	
251	77	212	
257	76	209	
246	83	216	
258	81	222	
254	76	223	
253	62	212	
251	75	211	
252	88	213	
252	70	210	
253	71	215	
253	82	219	
249	74	214	
257	71	215	
251	68	207	
251	90	216	
251	75	228	
249	79	216	
253	82	211	
266	89	201	
251	75	202	
260	81	199	
250	78	204	
257	81	205	
256	87	207	
251	73	212	
257	87	211	
253	80	215	
254	72	220	
252	72	212	
251	75	211	
251	86	213	
255	84	217	
260	89	213	
244	67	210	
253	75	210	
254	77	207	
252	63	212	
249	84	211	
249	90	215	
250	78	221	
254	82	213	
249	87	236	
260	80	210	
254	78	205	
249	70	210	
258	86	202	
254	77	219	
253	80	217	
248	79	215	
255	69	212	
254	78	214	
252	82	216	
246	72	212	
247	74	212	
251	81	211	
248	90	220	
261	82	201	
257	92	219	
254	74	222	
254	78	226	
242	76	218	
250	76	208	
241	74	212	
249	87	212	
251	84	217	
257	84	208	
256	76	208	
252	70	209	
255	87	218	
252	87	203	
259	79	211	
261	81	197	
244	71	226	
252	82	228	
254	73	220	
251	77	216	
238	67	210	
250	76	211	
259	78	207	
257	78	208	
245	70	212	
257	77	206	
245	79	208	
255	76	201	
255	79	216	
261	84	209	
251	79	229	
253	69	215	
251	76	211	
256	82	220	
254	82	209	
249	77	217	
249	86	223	
251	70	206	
254	72	199	
249	59	219	
251	82	214	
252	74	208	
255	73	206	
255	74	207	
249	72	206	
257	85	217	
246	68	211	
243	76	219	
255	63	200	
253	74	212	
250	87	222	
251	87	211	
251	80	210	
243	67	216	
252	74	223	
248	81	213	
246	76	219	
251	68	228	
250	84	222	
257	85	209	
255	73	224	
251	74	216	
255	78	203	
253	73	211	
251	79	227	
257	74	204	
255	70	207	
246	75	214	
256	76	211	
257	86	234	
250	83	212	
248	73	203	
256	76	199	
248	72	210	
249	74	202	
253	87	222	
253	77	212	
248	74	213	
262	91	214	
252	75	226	
247	70	208	
246	72	209	
247	77	215	
250	74	217	
251	93	220	
257	81	211	
246	75	214	
252	69	206	
254	82	219	
245	67	218	
244	83	200	
257	79	218	
249	76	219	
257	74	218	
255	74	208	
246	72	226	
252	85	213	
257	78	199	
250	73	235	
251	76	230	
252	79	224	
255	81	211	
250	77	206	
260	78	222	
246	67	222	
252	83	220	
249	72	215	
251	74	222	
244	64	234	
245	64	203	
244	68	200	
250	74	225	
255	75	203	
251	76	215	
248	82	230	
250	70	220	
258	74	217	
262	84	207	
250	79	211	
248	69	223	
249	73	213	
246	75	218	
250	73	217	
251	75	214	
249	79	216	
253	90	219	
250	68	206	
246	74	216	
260	75	202	
254	79	215	
258	82	207	
253	88	214	
248	73	223	
256	70	217	
246	80	211	
251	66	223	
252	81	215	
246	78	218	
251	83	207	
255	85	227	
247	69	219	
257	87	208	
246	70	216	
244	67	210	
251	80	219	
255	87	218	
253	89	205	
253	70	211	
254	76	215	
250	80	212	
253	75	213	
248	84	208	
249	86	210	
254	69	210	
261	89	214	
252	68	211	
247	76	208	
251	73	203	
253	76	214	
255	80	223	
250	79	211	
251	80	222	
247	71	223	
246	69	212	
244	83	215	
254	87	202	
246	77	214	
247	71	218	
260	85	211	
246	75	227	
259	83	200	
252	80	214	
255	79	209	
246	73	222	
248	73	206	
246	78	239	
262	82	199	
254	67	203	
259	84	219	
250	71	223	
248	82	215	
249	68	214	
252	64	203	
248	70	212	
257	86	207	
246	79	231	
251	81	226	
249	74	214	
256	81	216	
252	84	203	
242	78	220	
250	76	208	
256	78	201	
257	81	199	
249	71	211	
256	81	219	
261	82	198	
247	60	219	
249	67	234	
250	76	208	
247	84	204	
251	86	204	
253	73	211	
257	83	210	
247	70	232	
246	76	219	
248	67	212	
253	84	210	
256	73	229	
255	90	200	
246	59	211	
254	79	212	
242	72	211	
254	77	207	
248	81	211	
250	68	218	
254	82	224	
245	69	210	
255	84	209	
248	64	215	
250	78	219	
253	89	211	
255	78	212	
248	64	211	
252	75	212	
249	71	216	
251	84	205	
247	73	228	
256	85	222	
256	67	205	
251	75	214	
246	70	219	
257	87	208	
249	72	227	
255	75	206	
258	85	207	
255	80	214	
251	71	231	
244	79	211	
252	80	202	
250	72	216	
251	77	207	
255	84	203	
257	77	228	
260	89	210	
253	71	215	
256	80	215	
254	80	213	
252	79	210	
249	75	220	
246	79	236	
246	79	245	
253	78	207	
249	74	223	
248	78	213	
252	69	212	
251	69	207	
253	67	208	
256	76	211	
242	67	227	
251	79	215	
258	82	210	
253	80	215	
253	74	215	
258	79	204	
254	88	205	
247	83	227	
249	62	208	
253	84	207	
259	91	205	
253	74	212	
251	79	220	
256	72	219	
252	80	223	
254	85	203	
256	78	215	
260	90	214	
249	67	204	
242	59	219	
251	76	203	
242	64	215	
251	75	210	
246	70	210	
260	77	207	
250	77	209	
255	76	207	
257	93	219	
250	75	210	
254	76	218	
254	77	216	
254	77	222	
257	78	220	
240	61	236	
254	68	213	
258	82	204	
250	72	216	
253	73	209	
248	79	227	
260	81	222	
248	64	211	
259	76	202	
251	73	212	
253	63	218	
264	93	212	
245	74	213	
253	80	238	
247	75	222	
254	73	211	
251	68	221	
250	74	203	
251	74	207	
252	88	204	
251	74	204	
248	74	225	
260	82	209	
252	72	218	
256	81	209	
252	82	212	
255	76	204	
249	74	208	
256	74	208	
246	59	211	
251	83	210	
251	84	211	
245	65	219	
262	90	210	
254	76	209	
254	87	211	
251	72	202	
250	82	210	
252	78	227	
254	75	208	
248	69	211	
247	75	225	
255	75	212	
253	84	207	
246	84	215	
246	65	208	
254	74	227	
257	86	210	
254	76	215	
258	75	209	
244	62	212	
244	71	220	
260	79	209	
260	76	212	
252	78	224	
256	77	206	
250	77	203	
252	68	216	
244	60	212	
252	79	207	
257	86	213	
253	79	211	
249	77	202	
257	82	214	
254	73	209	
253	86	218	
258	79	218	
252	71	208	
257	74	218	
251	79	218	
248	66	213	
253	91	214	
256	86	206	
254	76	215	
249	80	216	
248	81	228	
262	87	210	
248	77	231	
250	81	216	
251	67	211	
255	75	215	
249	76	222	
243	69	212	
256	73	216	
259	81	207	
252	83	223	
257	76	202	
249	71	210	
245	70	206	
248	70	218	
245	69	205	
250	77	203	
253	77	209	
256	79	202	
253	74	224	
257	79	218	
252	84	217	
260	78	202	
250	70	211	
259	83	203	
256	86	224	
251	77	225	
251	77	228	
250	83	212	
254	83	207	
248	75	205	
249	67	215	
258	86	225	
253	74	212	
252	80	222	
252	81	208	
258	78	206	
246	75	215	
256	83	214	
249	71	217	
254	83	219	
243	64	221	
255	82	213	
252	78	200	
259	73	210	
242	71	219	
244	65	209	
258	80	202	
252	68	205	
251	74	210	
252	72	211	
262	78	204	
248	83	228	
258	95	205	
253	78	216	
242	75	231	
249	77	217	
245	76	230	
253	90	234	
256	84	207	
252	79	236	
261	78	212	
248	62	215	
246	80	223	
247	68	211	
248	70	224	
247	76	211	
246	66	212	
250	68	212	
251	76	206	
258	90	215	
239	65	207	
256	81	207	
247	73	202	
246	71	222	
250	64	211	
257	90	199	
248	71	207	
254	78	211	
249	65	208	
248	72	220	
257	78	208	
248	83	231	
250	83	227	
248	66	214	
254	69	214	
255	74	220	
256	70	220	
253	73	218	
257	78	211	
251	84	226	
243	71	211	
256	68	215	
253	80	224	
248	69	216	
257	82	197	
256	82	205	
252	83	208	
256	78	210	
257	78	214	
261	89	202	
256	81	225	
252	70	204	
248	72	202	
256	80	215	
252	73	204	
253	79	208	
252	81	218	
246	65	220	
247	80	218	
251	73	206	
247	77	231	
252	78	212	
243	77	211	
250	67	208	
259	81	235	
247	75	215	
251	71	219	
254	78	219	
256	76	215	
253	72	231	
250	87	213	
246	78	200	
258	72	215	
249	78	212	
252	72	212	
248	82	218	
253	75	216	
243	69	218	
253	73	208	
241	71	233	
249	76	212	
250	76	226	
256	88	205	
256	80	209	
253	82	210	
253	77	203	
247	81	231	
243	82	210	
245	79	215	
252	70	219	
252	72	215	
250	78	210	
245	73	206	
253	78	210	
261	87	212	
250	79	211	
251	72	208	
255	75	215	
244	64	220	
256	75	216	
253	77	209	
250	78	218	
247	74	227	
250	92	206	
249	69	202	
249	68	202	
251	64	208	
247	76	211	
257	86	209	
248	74	207	
257	82	218	
259	76	214	
250	69	210	
260	82	215	
254	87	214	
260	70	210	
253	88	199	
257	79	220	
254	79	206	
254	92	218	
252	72	222	
261	80	199	
249	67	219	
258	78	205	
247	68	206	
257	82	223	
252	70	207	
255	82	210	
259	82	214	
256	72	225	
254	83	201	
252	69	220	
254	71	213	
246	80	211	
257	88	224	
249	78	215	
255	88	218	
254	74	207	
249	81	227	
252	85	219	
246	69	214	
262	85	205	
251	74	210	
241	75	224	
248	73	209	
246	70	210	
255	81	212	
249	76	204	
250	67	214	
242	65	215	
250	70	208	
251	69	217	
251	74	213	
248	69	214	
253	85	211	
252	78	218	
252	67	226	
250	71	206	
251	72	214	
246	66	215	
246	81	212	
243	68	214	
251	76	215	
260	93	208	
252	79	210	
252	76	210	
254	84	223	
253	80	209	
249	81	215	
255	75	223	
239	57	220	
250	70	202	
246	62	220	
253	85	202	
254	76	194	
251	77	219	
252	80	211	
245	66	235	
250	85	207	
254	73	214	
261	99	200	
255	82	213	
251	79	220	
251	66	211	
256	76	211	
247	71	218	
259	86	206	
245	64	212	
249	70	212	
260	89	213	
253	78	210	
248	77	209	
248	75	199	
249	71	220	
250	70	214	
251	72	220	
259	84	204	
243	56	226	
247	61	237	
255	71	202	
249	74	199	
247	81	204	
254	74	207	
250	75	207	
253	64	211	
260	86	207	
242	68	219	
251	81	211	
254	84	216	
235	60	222	
249	73	213	
250	79	222	
263	84	205	
250	73	211	
256	79	214	
256	79	223	
248	69	210	
251	78	211	
258	82	203	
250	70	214	
251	74	215	
248	71	219	
255	85	210	
250	81	219	
254	78	208	
255	70	207	
259	75	198	
252	70	207	
255	77	223	
248	71	222	
256	84	198	
256	87	207	
247	79	228	
257	74	203	
252	77	216	
252	77	211	
253	76	211	
253	74	200	
248	69	214	
257	83	210	
248	62	204	
256	79	220	
255	79	231	
246	69	202	
251	76	232	
252	76	210	
252	80	199	
254	90	211	
247	72	204	
258	92	201	
247	73	223	
251	80	209	
247	72	207	
256	82	219	
258	86	202	
257	76	211	
253	82	205	
253	71	218	
256	78	207	
256	84	213	
255	87	224	
252	73	219	
246	75	215	
252	72	212	
259	89	209	
244	82	211	
253	76	213	
252	72	220	
255	77	211	
256	74	211	
253	86	212	
254	84	202	
251	77	219	
249	70	219	
244	74	218	
250	75	210	
247	77	212	
256	84	237	
260	90	208	
249	72	218	
247	74	212	
251	85	218	
251	77	207	
250	84	219	
249	63	212	
254	74	218	
250	75	219	
254	77	216	
249	80	220	
252	73	216	
257	78	208	
247	84	222	
248	91	227	
254	81	217	
250	72	210	
250	79	214	
248	69	216	
250	59	208	
245	68	219	
251	80	219	
247	81	210	
255	80	214	
241	70	216	
249	73	223	
260	79	220	
253	78	210	
257	81	220	
252	80	204	
247	71	218	
251	75	222	
257	76	218	
247	62	203	
250	73	226	
257	78	204	
250	81	228	
255	74	202	
250	78	216	
254	77	210	
257	81	208	
255	77	208	
252	74	223	
247	64	249	
254	78	214	
252	70	207	
251	73	215	
252	79	210	
252	81	215	
250	70	222	
246	73	219	
254	74	213	
249	72	212	
256	81	210	
252	85	222	
257	77	201	
254	80	215	
250	67	219	
248	69	228	
250	73	214	
265	96	201	
250	77	212	
250	73	219	
246	65	208	
246	71	211	
258	86	220	
252	68	202	
252	70	207	
259	84	222	
252	73	210	
251	83	216	
247	69	204	
254	81	208	
256	75	219	
244	64	216	
257	81	214	
257	86	198	
255	84	212	
257	81	220	
257	78	226	
250	70	220	
247	73	211	
256	76	211	
243	69	227	
248	75	220	
251	80	198	
252	77	214	
253	82	217	
247	79	219	
246	76	212	
249	63	224	
261	88	213	
254	81	213	
249	77	208	
247	92	224	
244	74	212	
246	83	208	
244	76	232	
259	88	211	
257	84	214	
246	70	219	
247	67	226	
250	86	215	
247	78	219	
239	70	212	
254	82	200	
246	63	215	
250	76	217	
255	76	219	
253	71	209	
247	80	209	
255	77	211	
253	82	231	
255	81	232	
251	67	206	
250	80	215	
256	84	230	
248	65	216	
251	88	215	
254	84	211	
247	73	211	
248	78	205	
252	70	210	
253	60	207	
248	77	207	
253	83	215	
248	74	222	
250	89	215	
246	70	216	
257	85	206	
250	69	216	
244	71	212	
254	78	222	
238	80	227	
257	85	206	
248	87	223	
254	77	210	
245	54	202	
255	75	203	
253	75	210	
252	70	213	
251	76	215	
253	74	220	
249	69	214	
258	89	210	
251	74	222	
252	76	213	
252	67	207	
254	83	210	
249	69	224	
250	71	221	
250	72	209	
242	77	222	
249	71	214	
256	92	208	
236	74	218	
254	83	222	
252	70	210	
253	82	205	
265	91	199	
255	81	227	
254	80	207	
250	78	219	
258	85	219	
254	80	218	
246	57	212	
247	77	206	
256	86	215	
252	86	219	
257	78	211	
250	71	218	
248	72	223	
267	87	214	
246	69	223	
250	86	214	
259	83	212	
253	78	221	
249	74	214	
247	82	211	
248	72	214	
256	86	215	
252	76	210	
252	79	206	
253	84	216	
249	74	220	
260	89	216	
258	82	201	
253	68	215	
246	80	220	
249	62	202	
242	63	220	
252	75	227	
250	70	223	
255	79	216	
254	77	213	
250	74	223	
243	70	207	
248	84	208	
251	79	209	
256	78	206	
256	77	217	
248	79	224	
250	72	227	
254	75	214	
252	75	203	
255	79	207	
254	74	220	
245	63	234	
255	68	199	
258	80	214	
257	84	202	
244	70	217	
252	82	213	
254	72	226	
246	72	218	
247	70	220	
253	71	206	
260	82	212	
253	80	227	
258	81	212	
258	80	219	
254	86	207	
251	80	201	
247	71	212	
257	83	209	
250	76	223	
258	76	207	
255	74	202	
253	67	217	
249	64	204	
248	85	212	
248	66	211	
255	82	210	
254	77	207	
255	76	210	
255	78	215	
251	74	222	
257	79	200	
251	76	215	
245	73	212	
254	85	203	
255	84	212	
251	75	226	
251	78	220	
243	73	207	
247	69	219	
252	75	212	
260	77	213	
247	75	238	
256	75	201	
253	74	214	
253	70	220	
251	71	218	
254	83	207	
251	91	209	
250	70	220	
256	72	210	
251	75	208	
254	81	216	
253	78	210	
254	82	215	
246	75	203	
234	68	211	
255	80	211	
253	82	214	
252	78	215	
257	88	218	
251	76	215	
252	73	216	
244	67	214	
256	82	214	
249	79	210	
252	67	198	
255	81	215	
256	95	218	
259	88	205	
253	82	219	
253	76	202	
248	79	209	
257	90	202	
264	85	210	
248	79	215	
256	82	208	
251	86	210	
237	66	223	
247	76	223	
243	80	214	
250	73	211	
255	81	215	
255	76	210	
256	85	214	
257	80	207	
248	78	208	
243	79	228	
247	75	216	
258	81	206	
258	67	206	
252	77	220	
253	80	206	
261	80	199	
258	99	209	
251	79	200	
251	81	223	
254	91	216	
252	82	216	
254	92	203	
257	75	211	
245	73	212	
253	81	228	
254	85	203	
249	81	215	
254	77	224	
253	78	210	
256	82	202	
257	73	203	
261	93	200	
250	71	206	
247	70	214	
257	79	206	
245	80	210	
244	68	206	
240	58	210	
254	74	210	
257	89	219	
248	78	208	
255	89	222	
245	71	216	
255	79	213	
252	74	210	
246	62	220	
248	69	232	
245	68	218	
244	64	223	
244	69	219	
254	80	218	
247	70	219	
250	68	230	
252	74	208	
250	65	223	
254	80	216	
258	76	213	
250	81	223	
250	80	206	
256	63	201	
252	78	215	
255	79	210	
255	81	212	
255	76	207	
245	66	232	
257	87	202	
250	79	202	
251	68	207	
257	89	219	
256	83	218	
251	63	235	
253	76	220	
251	80	225	
257	88	205	
249	78	227	
247	76	234	
251	70	206	
245	70	224	
255	76	212	
252	79	207	
250	73	217	
253	81	228	
254	80	222	
247	73	211	
250	68	215	
249	86	211	
253	73	211	
249	66	218	
252	78	215	
253	73	208	
251	73	217	
250	81	212	
253	79	207	
251	66	218	
249	76	215	
260	87	214	
257	82	211	
249	76	213	
256	76	202	
250	79	222	
256	87	222	
249	79	227	
256	83	203	
244	62	230	
245	77	201	
254	72	214	
254	85	220	
248	84	205	
249	74	226	
249	71	204	
244	84	222	
253	72	210	
257	73	206	
250	68	223	
258	83	214	
247	69	207	
256	82	211	
253	80	203	
258	85	216	
252	71	223	
252	82	227	
247	66	219	
258	88	221	
256	79	211	
257	81	225	
247	66	219	
253	88	214	
252	82	216	
245	87	212	
244	83	236	
252	75	206	
257	83	216	
253	73	211	
257	78	220	
254	80	219	
248	71	213	
258	87	217	
242	69	220	
259	80	209	
248	82	226	
257	84	223	
242	77	219	
253	79	205	
250	77	197	
252	71	220	
253	76	210	
252	72	200	
252	72	206	
256	93	201	
246	75	212	
249	73	210	
250	75	207	
255	89	208	
241	67	208	
246	76	219	
250	77	220	
254	81	223	
247	70	211	
256	68	223	
255	77	211	
256	71	226	
252	81	227	
257	88	215	
258	73	201	
250	66	225	
250	70	214	
246	75	223	
251	83	207	
252	84	212	
245	65	204	
262	84	207	
246	65	211	
260	79	209	
251	87	216	
248	75	214	
244	77	218	
250	72	216	
251	74	228	
251	79	205	
249	65	214	
244	71	215	
255	76	225	
252	67	198	
250	80	208	
257	73	206	
258	85	210	
254	84	211	
256	82	202	
250	78	216	
248	73	218	
257	82	215	
253	91	205	
257	76	203	
257	77	210	
246	74	208	
256	84	216	
253	77	212	
251	83	207	
252	78	215	
248	72	205	
252	70	207	
246	60	212	
246	75	218	
256	77	215	
261	81	203	
252	75	209	
250	72	204	
246	67	219	
251	70	218	
254	73	206	
254	76	203	
255	80	223	
257	83	210	
254	81	202	
241	64	199	
250	81	215	
259	83	227	
257	81	205	
251	74	213	
245	60	199	
248	70	226	
253	82	199	
257	86	212	
251	90	214	
251	83	219	
251	72	211	
246	71	228	
247	81	219	
258	85	216	
252	77	211	
251	84	214	
266	91	203	
249	76	207	
256	84	216	
248	69	208	
250	71	206	
251	75	214	
253	60	210	
246	77	214	
255	73	218	
250	78	207	
248	72	208	
253	89	212	
257	92	203	
251	72	217	
256	83	212	
262	90	210	
250	73	223	
249	91	210	
253	84	212	
247	73	205	
254	84	226	
247	76	211	
257	72	208	
252	67	198	
248	66	208	
257	83	213	
252	71	217	
245	83	216	
253	74	209	
253	90	216	
250	80	218	
247	73	223	
254	81	211	
256	86	203	
245	74	216	
251	72	214	
252	76	210	
251	68	219	
254	80	210	
252	69	215	
247	78	204	
249	82	207	
250	76	211	
251	78	199	
253	90	219	
259	69	198	
248	74	207	
261	76	218	
251	76	206	
247	79	211	
250	82	214	
244	75	204	
258	86	211	
247	76	205	
254	74	210	
254	83	201	
249	85	207	
241	80	212	
250	77	221	
247	82	223	
249	83	222	
253	73	214	
254	77	207	
248	74	210	
245	72	208	
245	70	227	
261	83	214	
255	81	209	
251	77	207	
260	84	205	
253	76	208	
257	80	216	
252	80	214	
259	76	220	
250	74	212	
248	68	222	
256	73	205	
252	81	215	
252	83	220	
255	80	208	
252	75	203	
262	82	208	
252	77	208	
247	78	213	
256	81	207	
248	73	218	
253	83	212	
246	77	231	
254	92	207	
250	80	212	
250	81	218	
245	67	203	
258	85	210	
245	74	219	
246	75	206	
253	78	201	
250	65	230	
253	71	211	
247	72	219	
249	82	219	
255	74	214	
252	69	206	
250	81	219	
254	81	217	
244	65	215	
253	77	220	
247	73	226	
256	82	208	
254	78	214	
245	67	212	
247	73	214	
246	65	202	
252	74	208	
255	72	223	
249	70	225	
258	78	210	
249	58	219	
254	80	209	
261	90	209	
259	77	209	
247	84	210	
248	75	208	
255	73	204	
249	66	212	
253	80	215	
251	74	210	
254	77	204	
251	81	211	
260	82	211	
242	71	219	
253	82	220	
256	82	219	
250	74	206	
251	69	205	
253	87	227	
251	71	207	
252	81	206	
248	78	220	
250	77	218	
255	71	202	
246	79	219	
257	78	234	
250	70	210	
251	68	213	
243	79	222	
250	71	227	
247	72	216	
254	85	215	
246	72	215	
251	76	203	
247	77	218	
248	77	207	
251	88	218	
246	64	222	
247	79	211	
254	84	205	
249	71	217	
243	74	202	
254	76	214	
249	75	212	
249	72	224	
252	69	215	
245	70	200	
242	60	228	
254	76	215	
255	86	211	
248	85	206	
253	79	211	
251	75	208	
245	74	219	
253	75	204	
253	67	214	
244	67	208	
242	71	207	
245	72	199	
255	78	219	
250	68	212	
247	80	216	
251	74	208	
250	70	214	
240	66	227	
256	80	221	
247	66	239	
238	84	219	
241	62	215	
249	76	204	
246	80	208	
252	78	218	
253	85	219	
251	81	214	
254	79	215	
240	73	224	
254	78	211	
244	71	232	
255	74	211	
253	72	216	
254	72	211	
260	85	203	
249	76	207	
250	75	213	
256	79	205	
252	81	206	
255	84	215	
257	83	213	
251	83	210	
236	68	231	
257	87	214	
258	81	203	
246	77	228	
249	81	206	
253	79	223	
256	81	207	
252	77	219	
246	80	223	
246	68	216	
251	78	211	
250	82	210	
256	66	212	
249	71	205	
255	96	203	
256	79	205	
258	75	214	
249	69	206	
260	79	211	
253	74	206	
249	75	215	
260	79	203	
251	76	200	
257	84	205	
254	71	207	
247	74	209	
244	65	224	
257	86	207	
254	84	214	
252	71	219	
245	73	215	
246	61	207	
262	80	208	
259	83	206	
254	80	216	
248	79	212	
248	71	204	
252	76	222	
247	70	205	
257	85	214	
250	68	215	
250	73	229	
251	74	210	
254	75	211	
246	89	220	
246	65	213	
250	67	205	
252	76	216	
250	79	220	
243	78	211	
248	63	199	
243	75	220	
246	83	226	
247	76	211	
257	94	218	
250	75	210	
246	67	239	
252	80	204	
246	70	201	
252	79	213	
256	98	206	
251	75	208	
248	71	221	
254	70	221	
248	68	219	
254	89	210	
251	81	223	
255	75	208	
250	73	223	
254	76	209	
256	90	218	
256	81	207	
251	86	210	
252	84	206	
251	74	207	
250	70	214	
247	79	214	
249	73	221	
258	82	215	
250	86	223	
255	78	212	
260	89	222	
255	81	209	
245	62	219	
254	80	212	
239	60	211	
247	69	221	
246	66	218	
250	78	207	
255	81	218	
239	65	207	
252	77	208	
248	73	215	
245	62	216	
258	83	208	
254	75	208	
248	75	222	
250	75	219	
260	80	210	
252	66	215	
249	67	206	
250	81	222	
255	87	215	
242	71	216	
252	79	228	
252	71	223	
256	85	211	
254	81	211	
244	74	203	
248	81	208	
252	76	216	
256	78	213	
242	74	216	
253	75	219	
256	71	215	
255	96	214	
255	76	213	
254	91	215	
252	78	212	
254	73	206	
253	75	210	
255	78	211	
255	81	221	
245	63	211	
249	74	211	
252	78	200	
258	82	215	
249	68	214	
248	61	215	
256	81	213	
255	88	219	
261	88	207	
249	67	207	
253	75	218	
254	73	209	
258	85	207	
248	79	209	
253	72	198	
252	68	214	
259	88	211	
249	79	216	
253	77	226	
257	81	211	
252	83	223	
256	80	215	
257	81	223	
250	76	214	
250	84	222	
249	68	211	
253	84	227	
244	69	210	
258	79	207	
263	89	201	
253	70	219	
248	71	207	
258	81	217	
260	88	206	
257	90	217	
240	76	237	
247	69	216	
251	85	224	
256	91	238	
245	71	207	
253	80	218	
249	68	214	
256	82	208	
251	79	215	
245	84	210	
254	78	208	
250	87	222	
251	74	207	
248	67	214	
248	74	212	
248	80	207	
250	71	203	
254	78	207	
251	80	222	
250	75	201	
255	68	214	
255	82	216	
249	72	206	
254	83	198	
246	72	214	
255	80	211	
256	85	208	
258	84	217	
254	78	223	
257	74	215	
252	71	199	
245	61	206	
247	74	224	
249	74	243	
252	78	221	
262	80	206	
250	82	214	
251	69	219	
257	77	213	
245	69	208	
257	83	198	
252	74	222	
253	80	209	
251	75	208	
253	85	220	
259	70	202	
247	75	216	
256	76	214	
261	87	211	
252	71	219	
250	65	220	
256	85	217	
254	78	204	
255	79	213	
247	72	213	
251	72	208	
253	78	212	
250	67	211	
252	94	207	
251	82	212	
250	80	209	
248	70	218	
252	82	213	
252	82	210	
258	75	214	
254	79	203	
251	88	229	
244	73	211	
250	77	203	
249	89	225	
258	73	210	
254	82	206	
254	71	218	
246	81	227	
250	73	220	
257	80	210	
255	80	207	
244	73	220	
248	85	215	
250	72	222	
244	74	215	
245	85	206	
253	70	202	
255	89	214	
250	74	206	
255	78	222	
250	75	210	
243	67	210	
251	82	212	
245	61	203	
259	80	209	
248	69	223	
247	68	208	
259	87	219	
253	81	216	
252	72	212	
241	85	199	
248	82	209	
252	77	214	
246	79	207	
258	87	209	
250	67	211	
249	79	216	
250	74	214	
243	64	210	
250	76	220	
250	86	211	
246	78	221	
244	85	211	
249	79	207	
257	85	206	
240	65	211	
251	81	217	
254	80	216	
255	78	209	
254	69	220	
247	77	215	
253	81	219	
245	71	207	
257	98	218	
252	70	216	
251	68	222	
257	86	219	
250	69	207	
244	68	214	
251	74	209	
251	80	207	
252	87	215	
247	71	215	
252	81	212	
251	82	200	
253	75	222	
243	87	215	
251	80	210	
252	70	215	
259	77	214	
244	70	220	
251	57	205	
250	69	222	
252	80	220	
248	69	226	
255	77	214	
261	93	215	
241	57	219	
256	83	206	
256	84	204	
254	77	228	
247	80	206	
251	79	203	
260	89	221	
255	73	216	
255	69	203	
249	75	218	
253	81	219	
244	75	219	
253	81	219	
257	74	213	
249	73	210	
255	76	201	
261	81	206	
254	83	207	
256	78	207	
248	75	235	
258	83	220	
254	71	207	
255	84	218	
250	80	215	
258	85	210	
251	73	215	
254	81	220	
247	76	214	
248	82	227	
246	74	211	
252	80	214	
246	80	220	
257	82	206	
251	86	210	
247	82	219	
258	79	218	
251	75	211	
242	68	207	
249	75	218	
254	81	211	
251	78	211	
257	88	209	
255	83	223	
252	70	207	
251	80	216	
253	76	220	
246	71	235	
246	68	223	
244	64	211	
254	76	209	
247	75	213	
248	71	219	
252	79	225	
252	81	203	
248	73	218	
247	65	218	
247	75	216	
241	68	215	
249	76	224	
248	70	215	
251	75	201	
261	85	216	
253	68	203	
253	80	212	
250	71	211	
257	75	214	
248	75	211	
250	69	219	
251	75	202	
257	82	218	
256	68	203	
256	80	200	
254	84	217	
250	84	222	
252	79	210	
243	77	220	
252	83	208	
248	69	208	
254	70	215	
252	69	212	
255	74	223	
249	81	221	
255	85	216	
253	77	218	
248	59	210	
249	79	222	
251	82	218	
252	74	223	
255	73	207	
252	86	214	
255	81	214	
250	70	210	
249	76	216	
250	79	211	
255	86	214	
253	75	222	
258	87	215	
250	89	212	
253	83	212	
251	79	212	
251	71	216	
254	85	223	
254	80	218	
250	74	212	
247	75	216	
257	77	219	
253	81	207	
248	78	211	
249	59	211	
253	85	207	
254	79	209	
252	75	215	
253	71	212	
250	72	219	
256	94	199	
258	80	208	
257	80	210	
248	73	220	
252	67	207	
242	80	210	
254	69	208	
244	67	202	
261	73	201	
249	74	211	
252	72	221	
249	86	217	
251	76	215	
255	75	215	
247	74	206	
252	69	206	
253	84	216	
250	75	219	
256	81	216	
245	81	220	
253	77	215	
252	91	225	
253	76	226	
248	70	212	
254	85	200	
252	69	221	
254	92	230	
250	75	201	
249	69	215	
258	82	210	
250	72	215	
246	67	207	
255	67	198	
251	85	208	
244	67	211	
249	79	218	
260	80	204	
254	76	214	
251	84	214	
251	84	217	
245	64	203	
251	78	210	
244	73	220	
250	69	207	
263	85	206	
252	84	224	
249	69	215	
242	71	219	
247	69	222	
248	71	231	
245	70	227	
259	86	221	
247	76	228	
255	79	207	
255	79	204	
251	77	210	
256	73	214	
264	88	207	
246	65	220	
250	82	208	
256	84	207	
250	77	234	
257	73	206	
247	75	218	
251	74	204	
247	72	213	
245	66	241	
256	75	212	
246	65	208	
254	78	214	
250	71	212	
251	93	202	
252	80	232	
248	76	220	
247	77	212	
253	73	214	
257	72	211	
246	71	223	
244	70	211	
239	65	235	
250	61	214	
253	79	219	
249	72	215	
253	80	206	
254	82	215	
246	69	218	
248	77	215	
254	79	214	
254	87	226	
254	79	209	
249	80	217	
248	77	207	
249	80	217	
249	75	215	
254	86	213	
252	84	218	
247	79	223	
255	92	205	
262	89	215	
246	67	213	
254	75	205	
253	86	226	
252	87	223	
262	85	211	
247	75	213	
254	76	206	
253	74	214	
251	74	219	
256	82	207	
249	75	230	
253	77	220	
243	79	222	
248	78	223	
240	72	227	
251	80	207	
252	74	216	
249	68	223	
256	78	207	
249	73	234	
252	85	198	
251	63	216	
252	80	217	
247	62	218	
249	77	225	
253	72	213	
254	83	198	
254	71	207	
246	76	218	
251	83	218	
257	85	215	
251	69	202	
255	74	199	
260	90	208	
251	72	217	
251	77	207	
252	85	219	
251	70	203	
256	77	209	
253	85	208	
252	80	238	
253	78	221	
252	81	218	
248	71	207	
260	86	201	
254	92	216	
257	75	211	
254	68	219	
252	76	207	
254	93	217	
255	83	214	
258	79	219	
255	75	217	
243	76	219	
250	77	212	
253	72	222	
255	77	214	
246	74	214	
254	87	220	
255	77	214	
252	76	218	
252	80	214	
259	88	211	
246	68	208	
247	75	225	
249	79	207	
250	67	211	
255	75	211	
247	74	227	
252	88	231	
252	76	207	
255	82	206	
246	73	207	
244	80	214	
258	79	210	
249	69	224	
251	82	212	
256	84	201	
256	74	206	
251	79	215	
258	80	211	
251	73	212	
257	71	213	
253	77	215	
252	71	211	
246	71	223	
252	71	208	
250	63	212	
247	72	231	
253	79	217	
254	72	211	
248	81	213	
253	73	205	
250	67	205	
246	79	219	
244	72	220	
260	86	219	
245	69	210	
254	72	211	
250	80	218	
257	74	209	
253	74	209	
251	83	213	
260	95	219	
257	85	220	
254	88	215	
255	88	222	
250	80	218	
260	83	210	
247	75	216	
254	80	204	
252	82	215	
250	73	234	
247	82	202	
253	87	210	
255	86	223	
255	81	212	
247	81	210	
253	74	224	
246	65	213	
249	73	216	
254	77	216	
252	73	207	
249	83	213	
248	75	208	
254	75	199	
249	72	212	
255	83	219	
261	91	212	
253	78	215	
255	75	215	
254	70	224	
257	79	200	
251	84	214	
256	71	206	
246	75	211	
254	88	209	
253	76	210	
245	76	203	
257	77	207	
255	70	210	
251	68	222	
255	75	227	
254	74	204	
256	79	202	
260	87	225	
261	78	206	
252	70	216	
247	78	212	
256	74	214	
243	86	214	
250	80	228	
247	68	218	
257	80	221	
258	84	215	
249	77	223	
249	63	220	
244	68	224	
246	60	223	
249	77	217	
254	75	213	
249	78	206	
246	64	219	
250	72	210	
248	77	222	
244	75	219	
251	77	225	
245	77	213	
249	71	211	
252	84	218	
252	76	213	
253	70	202	
253	68	218	
255	85	219	
254	82	220	
250	69	204	
251	74	215	
249	74	223	
261	87	206	
256	77	215	
248	77	207	
256	78	210	
247	67	208	
254	71	204	
244	81	216	
250	84	204	
256	83	206	
254	82	226	
252	84	212	
251	87	223	
258	77	214	
254	84	217	
253	83	221	
254	66	211	
247	78	220	
249	70	210	
253	74	206	
258	78	209	
252	82	207	
251	80	198	
251	79	206	
249	68	217	
253	77	212	
243	68	202	
252	74	220	
245	76	215	
255	82	225	
249	77	202	
255	73	212	
250	70	211	
258	83	205	
254	76	217	
244	65	230	
253	77	230	
248	70	215	
241	75	201	
250	75	210	
255	88	213	
237	67	228	
248	82	206	
260	91	212	
252	76	221	
256	80	208	
258	78	209	
253	74	203	
258	80	213	
251	76	212	
255	81	206	
252	84	211	
248	60	211	
245	74	207	
250	68	228	
253	82	216	
256	79	212	
246	79	216	
246	61	207	
250	69	210	
242	71	210	
247	74	206	
248	82	218	
259	76	205	
249	72	221	
253	76	211	
252	73	219	
251	78	202	
256	75	204	
243	79	216	
249	82	207	
256	75	210	
252	80	214	
253	78	209	
248	67	212	
260	92	207	
246	67	234	
256	79	205	
251	89	216	
245	63	214	
252	67	207	
255	76	207	
246	72	203	
248	79	200	
253	77	212	
247	63	198	
249	74	207	
247	71	218	
243	66	215	
252	82	228	
253	74	217	
245	64	200	
243	68	222	
239	69	219	
252	64	216	
260	78	202	
259	86	203	
254	72	210	
247	78	207	
254	84	211	
245	76	212	
243	69	227	
250	77	206	
247	65	203	
248	70	200	
258	86	214	
253	69	215	
248	77	219	
248	76	211	
248	71	237	
254	79	209	
252	69	211	
252	78	209	
250	82	215	
242	72	211	
260	83	219	
252	75	220	
246	80	223	
251	80	222	
255	73	207	
248	74	204	
249	66	223	
254	73	215	
248	76	215	
254	77	219	
252	78	215	
258	68	208	
255	82	204	
256	92	215	
255	76	207	
253	73	217	
242	64	215	
257	77	210	
253	86	218	
247	66	225	
260	77	213	
259	86	205	
249	83	211	
250	82	220	
250	75	206	
240	61	231	
250	84	221	
247	79	223	
246	78	215	
251	69	214	
255	77	223	
255	83	225	
250	79	223	
250	73	199	
251	73	221	
248	74	216	
253	74	206	
247	75	221	
245	72	229	
247	65	206	
252	80	217	
259	84	207	
257	71	198	
254	84	214	
254	74	207	
254	83	213	
252	69	219	
250	65	203	
257	87	214	
255	86	210	
249	66	209	
250	83	215	
257	82	206	
249	69	214	
244	71	227	
247	70	214	
254	78	220	
254	77	207	
251	78	214	
244	65	224	
253	72	218	
252	78	214	
252	74	202	
247	75	219	
250	69	210	
254	81	208	
260	88	224	
252	71	208	
255	71	208	
254	76	209	
251	75	214	
250	66	207	
251	74	204	
261	86	211	
255	76	210	
249	83	231	
253	76	211	
252	77	214	
258	82	207	
257	82	221	
252	77	208	
259	93	219	
253	67	202	
251	71	204	
255	78	206	
254	84	211	
247	73	208	
253	85	205	
250	61	214	
248	77	216	
252	69	215	
250	73	208	
259	79	210	
253	75	210	
256	74	206	
244	70	226	
249	71	205	
244	72	216	
246	79	215	
257	72	211	
248	78	211	
258	77	227	
257	75	208	
253	82	214	
245	72	207	
247	70	219	
247	67	223	
248	76	216	
246	69	203	
253	78	222	
247	68	215	
250	75	210	
250	72	209	
251	75	204	
252	89	208	
255	79	204	
252	81	197	
251	74	204	
256	78	216	
255	85	219	
256	89	206	
245	86	201	
262	98	206	
256	74	197	
252	77	226	
250	71	215	
257	78	214	
254	83	223	
250	74	225	
255	78	226	
254	67	215	
245	75	235	
249	72	203	
246	70	206	
255	77	208	
258	81	233	
260	85	206	
256	93	219	
249	78	209	
252	81	232	
246	74	220	
262	96	212	
243	74	211	
253	80	212	
250	89	223	
252	72	206	
245	69	208	
254	87	214	
256	73	211	
256	78	201	
240	73	216	
257	82	205	
244	66	218	
250	72	210	
249	81	221	
251	78	211	
252	86	208	
246	73	222	
249	66	215	
256	72	213	
256	78	204	
252	75	218	
253	75	210	
241	74	226	
250	78	210	
254	77	204	
246	74	211	
254	83	216	
254	73	235	
264	95	211	
258	81	200	
249	75	214	
248	65	214	
244	78	219	
250	80	223	
253	84	204	
247	90	219	
247	75	210	
250	76	226	
255	76	220	
243	80	211	
249	70	210	
251	87	220	
252	77	219	
256	82	202	
249	81	212	
248	73	215	
257	71	214	
254	77	203	
254	78	211	
250	66	210	
249	79	216	
255	79	215	
253	75	213	
258	74	211	
246	74	214	
254	78	220	
244	84	231	
249	72	215	
254	73	218	
249	72	212	
251	67	209	
254	80	210	
244	73	219	
252	84	206	
252	70	213	
251	74	207	
250	73	208	
249	71	211	
250	69	215	
242	72	226	
259	83	220	
252	92	214	
251	75	199	
242	70	220	
252	75	218	
245	69	219	
256	77	209	
250	73	208	
247	79	210	
244	75	216	
250	81	222	
254	82	227	
245	76	206	
251	74	221	
250	78	219	
254	85	224	
253	78	207	
247	74	203	
260	79	215	
253	78	216	
251	74	221	
250	78	210	
263	93	202	
251	75	213	
251	70	203	
252	78	218	
247	70	214	
252	72	200	
250	80	218	
257	78	199	
243	77	208	
250	85	211	
253	81	227	
257	92	210	
241	66	204	
253	82	208	
246	75	206	
249	71	211	
251	80	228	
252	78	224	
250	65	224	
246	81	226	
257	88	218	
255	72	208	
251	77	213	
249	73	210	
257	84	223	
255	72	212	
253	73	211	
255	81	218	
245	69	226	
256	79	214	
261	92	217	
259	76	207	
259	83	215	
252	85	222	
243	75	218	
253	79	205	
251	66	211	
248	71	207	
248	70	218	
256	77	221	
256	73	217	
256	78	207	
250	75	216	
253	85	202	
249	70	216	
256	76	211	
246	72	215	
241	70	211	
251	67	212	
260	86	222	
254	84	211	
256	79	208	
261	91	207	
251	81	223	
245	70	212	
249	75	218	
260	93	213	
256	78	219	
249	79	215	
256	86	203	
255	77	210	
247	82	223	
252	81	231	
255	87	212	
255	79	210	
256	80	215	
252	84	212	
237	69	215	
249	84	227	
242	66	208	
253	75	209	
251	69	202	
248	70	212	
253	93	216	
256	85	208	
256	80	212	
248	80	207	
258	83	213	
249	73	219	
248	76	215	
247	74	224	
252	74	211	
259	84	216	
253	76	202	
250	84	210	
252	83	214	
255	81	212	
250	80	218	
250	76	208	
255	81	215	
253	77	215	
253	80	215	
252	72	212	
248	83	207	
248	70	224	
257	80	215	
247	67	202	
257	81	214	
253	91	223	
248	76	200	
258	74	202	
262	86	206	
248	75	205	
252	69	206	
258	78	209	
246	71	218	
250	87	207	
252	81	209	
250	75	204	
254	77	219	
249	66	217	
248	74	213	
250	80	230	
256	72	216	
257	74	207	
259	79	214	
249	66	214	
256	80	205	
254	84	208	
250	71	242	
253	76	214	
248	87	214	
259	80	206	
254	82	220	
253	77	212	
254	78	214	
258	68	207	
249	86	211	
256	81	210	
244	73	217	
252	75	209	
255	74	205	
255	81	215	
248	74	210	
245	75	211	
247	69	207	
245	69	211	
253	76	208	
249	76	228	
256	76	213	
246	75	214	
249	72	206	
245	81	217	
250	84	213	
248	77	225	
253	93	216	
248	61	211	
253	83	212	
258	77	211	
249	77	211	
257	82	209	
252	89	211	
260	87	202	
257	79	197	
259	98	209	
252	74	208	
254	71	207	
253	75	212	
247	71	203	
252	81	203	
250	86	220	
250	75	218	
250	78	219	
254	80	207	
252	78	212	
245	68	204	
259	88	208	
256	75	210	
253	92	224	
253	86	212	
250	85	220	
247	69	210	
253	72	210	
252	76	219	
245	86	207	
244	77	215	
257	83	216	
251	74	207	
245	75	205	
248	70	212	
255	94	210	
250	71	218	
248	81	223	
249	74	223	
252	73	222	
255	73	216	
260	83	207	
253	79	217	
251	81	235	
251	70	212	
256	75	200	
253	93	216	
243	74	211	
257	89	204	
254	66	205	
254	72	219	
245	80	218	
248	74	219	
253	73	211	
245	81	211	
249	64	204	
251	82	197	
257	84	208	
254	73	202	
255	75	206	
255	86	214	
249	73	219	
250	76	220	
241	76	220	
244	60	216	
254	72	211	
251	68	218	
250	78	230	
250	76	214	
243	63	227	
261	77	205	
256	85	216	
246	73	204	
246	77	226	
252	68	205	
253	76	220	
248	64	203	
256	89	209	
250	78	216	
255	84	209	
250	64	236	
255	74	211	
252	95	208	
254	76	227	
250	88	205	
253	70	214	
246	61	221	
250	71	217	
246	68	216	
244	70	202	
251	79	206	
252	83	220	
255	82	221	
245	80	207	
256	73	202	
257	76	209	
253	82	226	
247	65	215	
251	75	214	
249	61	213	
249	89	232	
250	84	216	
254	83	215	
241	78	228	
248	78	214	
255	85	216	
254	81	208	
254	79	209	
250	79	199	
248	85	215	
245	70	215	
256	79	216	
256	74	212	
251	73	200	
249	79	207	
248	80	222	
252	84	206	
246	70	201	
241	69	219	
252	81	227	
242	69	199	
249	77	223	
251	77	201	
258	84	212	
245	72	211	
247	78	221	
255	76	212	
251	74	219	
259	78	221	
249	75	209	
255	83	208	
247	77	220	
255	87	215	
253	89	200	
256	76	211	
247	74	221	
251	74	207	
250	84	209	
258	81	202	
255	92	205	
261	84	211	
257	88	214	
247	86	226	
254	76	214	
246	82	240	
252	71	214	
248	83	219	
248	70	218	
248	67	206	
251	84	220	
251	71	210	
255	81	218	
246	66	200	
249	77	214	
247	66	216	
252	75	212	
254	82	206	
252	82	213	
253	70	211	
246	79	219	
256	81	212	
253	74	218	
256	86	215	
248	72	220	
248	71	222	
253	78	210	
253	75	219	
236	79	224	
247	73	220	
243	79	216	
254	85	205	
254	90	214	
257	79	221	
257	94	206	
249	69	227	
256	80	212	
246	71	211	
249	67	219	
254	91	208	
250	78	222	
252	76	210	
251	72	220	
251	71	219	
259	84	213	
248	79	209	
251	87	217	
253	85	220	
257	76	203	
243	61	219	
248	70	208	
250	83	209	
256	72	216	
252	80	211	
252	77	217	
250	83	214	
244	64	208	
254	83	219	
256	75	207	
255	70	201	
249	76	207	
259	89	212	
255	81	203	
249	87	215	
249	82	231	
256	75	219	
256	72	215	
258	79	204	
254	84	208	
242	65	207	
253	87	225	
253	77	209	
248	62	219	
247	71	214	
249	75	214	
258	87	211	
250	65	203	
245	70	218	
254	78	232	
260	77	207	
242	67	224	
251	68	207	
251	70	203	
246	68	228	
246	82	213	
254	76	221	
244	77	209	
260	82	218	
256	71	215	
249	76	216	
247	66	203	
254	75	205	
246	67	216	
255	73	210	
242	74	216	
250	85	219	
249	75	214	
254	76	203	
252	84	220	
253	74	203	
254	80	210	
258	84	208	
243	74	214	
247	65	218	
253	76	208	
243	75	202	
258	87	212	
249	84	224	
247	72	222	
251	69	217	
247	82	223	
255	75	206	
240	63	224	
