1335	9282	25084	
1382	9165	25090	
1339	9298	25023	
1359	9184	24963	
1392	9121	25044	
1350	9015	25114	
1334	9190	24957	
1339	9307	25142	
1387	9140	24983	
1389	9325	24927	
1387	9215	24950	
1382	9203	24974	
1348	9223	25039	
1361	9122	25080	
1438	9198	25045	
1333	9215	25004	
1296	9230	24889	
1362	9211	25008	
1343	9223	25059	
1338	9159	25080	
1342	9248	25101	
1337	9270	25038	
1438	9163	25132	
1378	9283	24909	
1367	9080	25076	
1374	9262	24989	
1366	9029	25124	
1306	9265	24864	
1350	9145	25136	
1269	9133	25117	
1272	9249	25012	
1320	9299	24873	
1338	9028	25166	
1378	9237	25018	
1350	9220	25027	
1356	9114	25169	
1376	9112	25042	
1385	9170	25080	
1338	9115	25221	
1412	9273	25046	
1397	9124	25183	
1325	9226	25031	
1377	9088	25073	
1362	9231	24866	
1346	9183	25046	
1283	9232	24992	
1374	9236	25004	
1333	9227	24943	
1295	9222	25054	
1426	9265	24995	
1372	9161	25074	
1371	9147	24991	
1347	9111	25153	
1395	9161	24933	
1387	9234	25018	
1332	9109	25238	
1335	9134	25055	
1314	9219	25045	
1264	9076	25216	
1361	9238	24972	
1328	9325	24851	
1391	9208	24919	
1300	9281	25048	
1294	9247	25062	
1352	9287	24982	
1318	9291	25027	
1367	9170	25041	
1299	9175	25132	
1393	9156	24997	
1308	9226	25008	
1333	9010	25226	
1432	9242	24989	
1375	9196	24983	
1374	9245	24995	
1346	9165	25024	
1330	9223	25003	
1393	9228	25090	
1376	9146	24994	
1289	9256	25038	
1349	9401	24915	
1347	9282	24941	
1419	9244	24842	
1271	9175	25151	
1324	9270	24893	
1294	9203	25217	
1402	9173	25153	
1268	9061	25121	
1372	9226	24995	
1307	9046	25240	
1400	9281	25093	
1364	9199	25042	
1346	9178	25079	
1348	9181	24918	
1385	9025	25122	
1320	9104	25169	
1406	9194	25166	
1367	9186	25110	
1332	9070	25097	
1332	9105	25060	
1365	9270	25011	
1306	9200	25108	
1349	9205	25075	
1287	9137	25204	
1334	9144	25084	
1325	9124	25138	
1347	9145	25127	
1370	9295	24997	
1331	9266	25155	
1406	9357	24835	
1393	9272	24980	
1364	9268	24907	
1338	9051	25208	
1395	9020	25150	
1326	9209	25010	
1392	9209	25049	
1314	9327	24954	
1413	9234	24985	
1273	9180	25028	
1385	9110	25044	
1411	9230	24939	
1427	9097	25108	
1407	9061	25077	
1383	9210	25022	
1352	9133	25030	
1377	9335	25019	
1431	9257	24908	
1327	9172	25169	
1355	9114	25034	
1395	9229	25012	
1375	9234	25003	
1335	9193	25130	
1485	9111	24981	
1406	9105	25090	
1380	9283	25043	
1300	9037	25215	
1377	9332	24988	
1362	9247	25005	
1375	9191	25055	
1345	9271	25001	
1368	9281	24957	
1362	9165	25056	
1308	9218	25092	
1451	9222	25033	
1351	9267	25002	
1370	9176	25110	
1438	9124	25123	
1366	9262	24968	
1351	9073	25149	
1311	9332	25105	
1354	9223	25007	
1316	9104	25104	
1414	9062	25153	
1454	9302	24946	
1382	9121	25121	
1335	9307	24983	
1387	9299	24873	
1313	9117	25232	
1363	9204	24868	
1373	9069	25172	
1429	9205	25085	
1370	9057	25118	
1376	9195	25048	
1349	9148	25071	
1358	9182	25105	
1446	9047	25120	
1373	9206	24988	
1419	9086	25068	
1391	9130	25155	
1374	9312	24949	
1273	9189	25033	
1352	9170	25065	
1363	9170	25035	
1320	9200	25120	
1435	9151	25040	
1374	9204	24965	
1384	9153	25152	
1355	9265	25056	
1372	9383	24868	
1363	9183	24980	
1300	9058	25115	
1356	9161	25168	
1322	9169	25114	
1360	9136	25129	
1352	9025	25242	
1316	9346	25013	
1393	9077	25220	
1332	9193	24937	
1356	9358	24813	
1293	9155	25029	
1336	9294	25007	
1283	9075	25182	
1354	9260	25065	
1352	9009	25139	
1321	9310	25054	
1330	9217	24966	
1405	9261	25084	
1354	9213	25059	
1450	9099	25143	
1244	9190	25032	
1362	9221	24989	
1339	9194	25085	
1322	9255	24933	
1392	9056	25158	
1374	9180	24981	
1330	9320	24941	
1322	9256	24979	
1350	9200	25067	
1340	9193	25012	
1281	9285	25051	
1318	9143	25011	
1362	9087	25115	
1377	9113	25116	
1373	9160	25072	
1347	9251	24897	
1383	9364	24949	
1345	9236	25087	
1404	9167	25179	
1311	9191	25193	
1302	9221	25021	
1371	9151	25081	
1359	9135	25103	
1333	9182	25189	
1331	9140	24968	
1347	9266	24973	
1368	9163	25033	
1384	9096	25158	
1347	9150	25057	
1428	9207	25076	
1395	9257	25105	
1289	9101	25126	
1348	9109	25165	
1351	9324	24895	
1331	9257	25053	
1381	9132	25045	
1365	9170	25036	
1346	9211	25024	
1282	9176	25128	
1341	9220	25012	
1425	9162	25024	
1423	9140	25048	
1400	9090	25111	
1275	9279	25051	
1321	9198	25026	
1391	9099	25102	
1378	9089	25167	
1343	9227	25044	
1362	9288	24929	
1337	9148	24988	
1434	9210	24951	
1244	9228	25123	
1425	9147	25131	
1262	9251	25097	
1360	9094	25119	
1363	9129	25087	
1363	9172	25241	
1472	9229	25047	
1422	9240	25008	
1361	9204	24995	
1276	9212	24948	
1379	9204	25078	
1360	9275	25089	
1389	9272	25051	
1379	9240	25022	
1316	9197	25081	
1375	9199	25119	
1309	9048	25194	
1348	9193	25049	
1321	9026	25232	
1281	9167	25141	
1374	9195	25151	
1398	9112	25214	
1351	9130	25160	
1310	9252	25097	
1437	9224	25018	
1414	9312	24924	
1458	9216	25071	
1353	9210	25093	
1328	9077	25201	
1332	9340	24976	
1276	9212	24988	
1293	9295	24989	
1394	9285	24964	
1294	9283	25030	
1435	9179	24949	
1434	9180	25065	
1342	9321	24907	
1301	9061	25129	
1388	9328	24876	
1473	9376	24931	
1341	9172	25039	
1366	9165	25044	
1299	9191	24923	
1355	9348	25051	
1364	9396	24987	
1302	9253	25093	
1351	9334	24911	
1305	9251	25108	
1344	9029	25126	
1261	9200	25070	
1349	9067	25167	
1322	9195	25098	
1310	9355	24844	
1393	9227	24930	
1380	9192	25020	
1295	9253	24955	
1343	9176	25064	
1423	9207	24953	
1305	9104	25211	
1434	9321	24862	
1359	9247	24931	
1313	9272	24971	
1354	9049	25202	
1371	9352	24932	
1398	9198	25226	
1405	9152	25022	
1380	9163	25021	
1286	9179	25020	
1340	9239	25006	
1414	9081	25145	
1309	9165	24956	
1302	9118	25140	
1355	9214	25045	
1344	9280	25055	
1325	9315	24931	
1316	9464	24742	
1423	9272	24924	
1328	9218	24941	
1316	9316	24972	
1380	9181	25009	
1362	9186	25068	
1437	9312	25032	
1357	9215	24964	
1400	9112	25067	
1376	9104	25113	
1360	9218	24995	
1313	9054	25155	
1306	9307	24935	
1393	9194	25038	
1346	9191	25013	
1393	9086	25098	
1342	9253	25066	
1388	9216	24982	
1428	9246	24986	
1272	9147	24998	
1317	9271	24989	
1336	9289	25011	
1450	9115	25038	
1312	9148	25076	
1290	9251	25028	
1318	9173	24970	
1371	9230	24993	
1373	9123	25062	
1386	9221	24957	
1398	9241	24896	
1341	9105	25181	
1282	9254	25002	
1314	9195	25092	
1334	9206	25021	
1430	9181	25093	
1302	9331	25036	
1383	9234	25099	
1359	9086	25138	
1297	9025	25183	
1350	9146	25032	
1397	9114	25189	
1413	9054	25063	
1327	9249	24949	
1372	9136	25007	
1337	9273	25011	
1374	9269	25018	
1331	9188	25135	
1256	9157	25121	
1314	9222	24976	
1501	9322	24829	
1309	9088	25093	
1401	9094	25129	
1349	9222	25134	
1274	9116	25106	
1331	9164	24988	
1401	9209	25057	
1385	9191	24922	
1357	9155	25113	
1360	9235	25052	
1365	9073	25207	
1371	9219	25110	
1340	9375	24944	
1321	9157	25148	
1428	9146	25082	
1318	9340	24913	
1383	9248	24885	
1339	9211	25079	
1329	9239	25085	
1347	9216	25053	
1336	9009	25096	
1311	9243	24909	
1394	9323	24954	
1316	9197	25101	
1344	9191	25077	
1353	9136	25016	
1377	9094	25058	
1331	9318	24956	
1292	9300	24965	
1295	9185	25046	
1296	9184	25087	
1316	9180	24990	
1301	9118	25223	
1371	9182	25040	
1369	9054	25146	
1440	9245	25004	
1423	9186	25124	
1468	9258	24937	
1396	9366	24914	
1384	9131	25123	
1425	9215	25033	
1387	9185	24989	
1330	9185	24991	
1325	9267	25063	
1366	9208	24997	
1277	9232	24995	
1335	9301	24968	
1416	9142	25079	
1283	9140	25025	
1328	9245	25154	
1354	9207	24968	
1372	9149	25103	
1403	9296	24763	
1397	9201	25127	
1347	9191	24963	
1365	9237	24969	
1326	9161	25060	
1307	9279	24985	
1348	9205	24921	
1337	9202	25084	
1370	9293	24986	
1376	9133	25014	
1383	9217	25036	
1321	9184	25145	
1366	9100	25071	
1382	9177	25074	
1371	9182	25080	
1365	9208	25013	
1396	9206	25064	
1398	9161	25062	
1333	9193	25009	
1320	9282	24888	
1331	9305	24918	
1388	9080	25074	
1276	9295	25009	
1357	9163	24981	
1336	9128	25196	
1338	9279	25067	
1329	9344	24950	
1254	9008	25171	
1328	9158	24980	
1282	9239	24901	
1398	9184	25054	
1377	9124	25110	
1329	9080	25170	
1332	9175	25066	
1345	9168	25160	
1409	9183	25057	
1388	9256	25013	
1364	9285	25023	
1456	9215	24929	
1319	9169	25072	
1343	9242	25164	
1323	9091	25133	
1368	9153	25140	
1398	9175	25064	
1407	9217	24940	
1424	9147	25023	
1382	9260	24925	
1344	9174	25091	
1293	9213	25101	
1351	9212	24992	
1395	9401	24739	
1351	9309	24943	
1312	9213	25052	
1409	9215	24914	
1408	9169	24991	
1361	9348	24839	
1424	9244	25010	
1374	9208	25060	
1313	9248	25026	
1390	9198	25017	
1387	9261	24846	
1403	9048	25124	
1335	9242	25025	
1354	9285	24997	
1386	9196	24978	
1410	9160	25107	
1343	9171	25027	
1319	9214	25135	
1370	9199	25096	
1365	9235	25072	
1368	9140	25072	
1365	9243	24999	
1374	9186	25004	
1370	9230	24995	
1403	9155	24975	
1411	9151	25034	
1382	9176	25098	
1366	9225	25060	
1320	9055	25167	
1337	9286	25032	
1369	9244	24982	
1347	9314	24927	
1353	9222	25024	
1324	9174	25166	
1344	9211	25022	
1377	9209	25028	
1306	9234	25048	
1399	9192	25014	
1368	9307	24897	
1301	9284	25044	
1309	9266	24985	
1314	9116	25101	
1353	9140	25095	
1319	9117	25103	
1399	9247	24978	
1393	9316	24990	
1380	8992	25218	
1365	9358	24866	
1276	9408	25009	
1381	9131	25095	
1360	9074	25330	
1345	9237	24958	
1271	9218	25074	
1379	9258	24935	
1314	9121	25069	
1287	9334	25047	
1382	9130	25061	
1282	9113	25084	
1349	9269	24899	
1336	9147	25025	
1374	9106	25110	
1376	9034	25233	
1375	9112	25120	
1361	9019	25329	
1320	9199	25107	
1322	9240	24980	
1387	9160	25149	
1300	9168	25130	
1344	9343	24839	
1306	9147	25266	
1324	9146	25088	
1303	9258	25061	
1327	9175	25111	
1369	9153	25109	
1310	9148	25197	
1316	9145	25071	
1310	9210	25144	
1344	9284	24978	
1379	9271	24968	
1326	9339	24960	
1348	9271	24948	
1302	9223	24982	
1338	9151	25067	
1368	9251	25033	
1396	8994	25285	
1400	9208	25059	
1306	9093	25142	
1283	9118	25252	
1419	9138	25040	
1330	9110	25007	
1378	9343	24921	
1431	9296	24905	
1302	9073	25142	
1398	9259	24902	
1404	9280	25088	
1379	9162	25007	
1352	9256	24897	
1366	9142	25059	
1340	9202	25061	
1432	9248	24974	
1332	9310	24889	
1309	9288	24948	
1348	9332	24928	
1317	9256	24975	
1390	9179	24951	
1406	9269	24994	
1290	9123	25013	
1359	9230	24970	
1403	9314	24867	
1395	9254	24899	
1382	9225	24942	
1376	9062	25100	
1317	9280	24934	
1396	9102	25155	
1354	9247	24929	
1361	9421	24820	
1303	9046	25296	
1403	9287	24943	
1415	9117	25029	
1376	9255	24921	
1335	9390	24904	
1279	9151	25091	
1305	9186	25216	
1352	9212	25105	
1403	9212	25056	
1377	9121	25140	
1385	9247	24908	
1292	9273	24900	
1369	9155	25032	
1347	9280	25035	
1355	9090	25111	
1377	9164	24959	
1264	9271	25045	
1380	9043	25186	
1327	9217	24957	
1338	9276	25002	
1327	9213	24964	
1320	9248	24994	
1313	9191	25053	
1298	9219	25130	
1249	9241	24969	
1309	9157	24948	
1358	9163	24986	
1360	9135	25042	
1325	9250	25031	
1348	9105	25150	
1326	9190	25047	
1402	9265	25014	
1332	9048	25122	
1298	8952	25217	
1413	9206	25118	
1402	8994	25188	
1444	9146	25071	
1311	9222	25089	
1356	9062	25188	
1320	9181	25090	
1318	9085	25201	
1303	9292	24876	
1332	9278	25012	
1356	9010	24971	
1346	9168	24978	
1305	9232	25068	
1295	9204	25070	
1321	9220	25131	
1321	9230	24948	
1358	9146	25098	
1433	9187	25003	
1314	9263	24973	
1318	9132	25078	
1325	9138	25235	
1360	9142	25029	
1357	9108	25096	
1316	9082	25092	
1406	9228	25055	
1312	9253	25130	
1346	9104	25073	
1345	9153	25016	
1282	9312	24971	
1419	9114	25098	
1371	9151	25090	
1371	9116	24844	
1397	9117	25029	
1322	9065	25154	
1305	9225	25150	
1444	9196	25033	
1382	9135	25045	
1340	9105	25178	
1281	9222	25017	
1359	9201	25014	
1309	9182	25032	
1288	9129	25155	
1414	9133	25051	
1361	9285	25018	
1377	9220	25066	
1447	9178	24991	
1322	9060	25165	
1378	9174	25133	
1364	9180	25010	
1372	9103	25019	
1350	9158	25101	
1372	9207	25036	
1398	9112	25078	
1346	9160	25035	
1408	9222	24936	
1368	9076	25234	
1272	9268	25064	
1366	9137	25112	
1347	9122	25074	
1353	9086	25021	
1382	9190	24941	
1318	9209	25045	
1413	9217	25005	
1406	9119	25030	
1272	9218	25020	
1369	9403	24848	
1294	9100	25163	
1315	9284	25064	
1232	9286	25013	
1310	9311	25020	
1364	9201	25092	
1398	9116	25152	
1402	9185	25055	
1342	9074	25168	
1323	9226	25005	
1281	9272	25136	
1360	9307	24912	
1375	9275	24953	
1298	9214	25070	
1385	9273	24875	
1361	9132	24988	
1406	9221	24995	
1366	9306	24919	
1390	9172	25240	
1300	9198	25135	
1347	9093	25103	
1338	9152	25165	
1315	9251	24965	
1338	9140	25097	
1392	9209	24999	
1338	9215	25054	
1308	9243	25049	
1376	9105	25063	
1419	9132	25141	
1321	9311	25026	
1306	9274	25046	
1355	9106	24989	
1271	9345	24870	
1352	9162	25164	
1359	9267	24920	
1389	9137	25056	
1334	9274	25014	
1328	9320	25049	
1348	9327	24989	
1323	9061	25069	
1372	9113	25095	
1375	9298	24938	
1401	9089	25075	
1366	9161	25106	
1422	9195	25023	
1318	9189	25046	
1410	9164	25025	
1418	9320	24905	
1253	9323	25026	
1373	9343	24862	
1460	9044	25102	
1403	9177	24979	
1408	9138	25017	
1254	9280	25036	
1318	9243	25070	
1315	9134	25099	
1323	9109	25119	
1398	8997	25028	
1328	9354	25001	
1355	9303	24922	
1414	9175	25075	
1430	9118	25089	
1338	9124	25099	
1420	9103	25021	
1397	9208	25017	
1406	9154	25007	
1350	9250	24951	
1334	9181	25182	
1320	8947	25333	
1389	9198	24951	
1387	9253	24957	
1330	9355	24833	
1358	9285	24891	
1371	9227	24906	
1299	9212	25037	
1365	9362	25027	
1318	9217	25030	
1358	9292	25067	
1332	9248	25042	
1403	9248	25061	
1388	9225	25011	
1317	9250	24927	
1368	9088	25162	
1386	9131	25124	
1393	9205	24980	
1398	9331	24865	
1356	9120	25172	
1335	9142	25093	
1375	9150	25083	
1330	9106	25139	
1477	9108	24916	
1286	9174	25074	
1361	9246	24999	
1326	9210	25030	
1314	9134	25109	
1383	9269	24882	
1354	9204	24986	
1262	9175	25094	
1354	9142	25176	
1336	9266	25051	
1380	9309	24945	
1355	9182	25044	
1383	9291	24976	
1360	9307	24920	
1484	9213	24935	
1401	9325	24987	
1419	9300	24911	
1245	9160	25143	
1412	9156	25012	
1340	9117	25149	
1377	9152	25134	
1349	9069	25193	
1269	9098	25167	
1442	9412	24751	
1358	9203	24963	
1332	9138	25125	
1364	9150	25026	
1377	9263	24998	
1323	9159	25175	
1398	9109	25114	
1323	9355	24948	
1315	9195	25188	
1361	9217	24981	
1288	9410	24830	
1379	9318	25021	
1230	9194	24998	
1323	9211	25050	
1373	9089	25074	
1366	9180	25010	
1358	9221	25005	
1368	9280	24990	
1322	9231	25104	
1437	9200	24986	
1370	9092	25065	
1286	9281	25100	
1391	9124	25026	
1397	9252	24938	
1407	9353	24876	
1363	9328	25065	
1387	9203	24987	
1330	9209	25045	
1293	9164	25112	
1302	9167	25197	
1404	9207	24961	
1339	9106	25055	
1424	9226	24959	
1418	9090	25075	
1344	9196	25110	
1309	9286	24982	
1339	9125	25048	
1449	8980	25173	
1339	9126	25089	
1323	9118	25038	
1354	9328	24850	
1406	9204	25097	
1452	9133	25129	
1319	9119	25101	
1337	9140	24982	
1347	9293	24989	
1352	9225	25015	
1315	9270	24917	
1349	9287	24969	
1326	9196	24991	
1322	9254	24987	
1403	9154	25002	
1377	9149	25103	
1454	9318	24862	
1352	9268	24984	
1368	9214	25045	
1313	9262	24966	
1398	9215	24884	
1267	9282	24985	
1356	9159	24936	
1328	9272	24978	
1386	9113	25049	
1364	9189	25004	
1384	9246	25053	
1303	9299	24952	
1294	9201	25065	
1335	9079	25142	
1392	9235	24958	
1379	9198	24901	
1332	9269	25026	
1365	9208	25045	
1333	9137	25125	
1315	9100	25213	
1282	9428	24972	
1389	9248	24979	
1325	9199	25073	
1327	9311	24884	
1323	9267	25011	
1322	9106	25128	
1355	9306	25017	
1371	9170	24976	
1331	9148	25163	
1345	9264	24944	
1436	9073	25103	
1382	9052	25090	
1352	9136	25073	
1330	9281	24869	
1356	9241	24972	
1375	9181	24975	
1352	9241	24928	
1382	9128	25111	
1348	9234	24909	
1368	9194	25038	
1426	9231	24939	
1320	9223	25039	
1346	9207	24965	
1341	9256	24929	
1334	9118	25139	
1321	9280	24951	
1249	9207	25046	
1327	9238	24963	
1382	9187	25079	
1304	9239	25061	
1390	9151	25028	
1359	9170	25034	
1272	9228	24977	
1365	9192	25085	
1431	9124	25098	
1373	9173	25027	
1467	9236	25031	
1356	9298	25016	
1346	9118	25211	
1329	9025	25153	
1323	9244	25024	
1345	9235	25017	
1313	9347	24954	
1359	9109	25166	
1416	9207	25001	
1437	9015	25211	
1379	9119	25146	
1353	9149	25037	
1326	9202	25006	
1391	9012	25114	
1352	9021	25330	
1373	9150	25171	
1366	9167	25090	
1268	9271	24965	
1317	9335	24843	
1377	9061	25268	
1338	9254	25077	
1355	9350	24963	
1327	9164	25113	
1344	9281	25053	
1358	9213	25058	
1303	9197	25095	
1436	9184	24953	
1348	9128	25119	
1386	9206	25015	
1322	9263	25051	
1371	9258	25046	
1414	9122	25014	
1365	9263	24892	
1402	9079	25070	
1391	9282	24902	
1304	9149	25104	
1357	9120	25185	
1336	9275	24955	
1299	9297	25001	
1510	9225	25027	
1341	9291	24945	
1392	9156	25154	
1331	8958	25289	
1430	9097	25015	
1329	9228	25046	
1368	9140	25070	
1283	9181	25131	
1437	9253	24895	
1330	9192	25136	
1328	9171	25239	
1413	9160	25165	
1423	9202	25001	
1400	9188	25005	
1307	9291	25053	
1302	9171	25134	
1343	9251	24977	
1322	9251	25021	
1338	9344	24925	
1378	9080	25109	
1316	9269	25024	
1467	9258	24960	
1367	9257	25076	
1359	9226	25046	
1303	9185	25110	
1386	9027	25170	
1380	9213	24982	
1384	9339	24972	
1411	9244	24903	
1397	9122	25172	
1350	9152	25060	
1326	9235	25109	
1365	9374	24927	
1392	9060	25119	
1322	9108	25157	
1377	9210	24985	
1365	9167	25157	
1354	8927	25345	
1327	9346	24936	
1331	9181	25019	
1434	9232	25010	
1284	9082	25204	
1367	9232	25004	
1307	9202	24936	
1311	9161	25052	
1365	9359	24944	
1353	9233	25103	
1374	9187	24966	
1296	9120	25112	
1365	9084	25153	
1365	9158	25149	
1438	9184	25039	
1342	9179	25030	
1298	9195	25104	
1413	9091	25110	
1368	9165	25021	
1292	9158	25156	
1374	9179	24939	
1364	9086	25218	
1366	9323	24923	
1408	9083	25239	
1284	9223	25089	
1386	9298	24954	
1354	9239	24994	
1349	9140	25040	
1354	9088	25174	
1373	9234	25046	
1380	9257	25059	
1384	9167	25058	
1318	9333	24938	
1402	9173	24971	
1388	9212	25052	
1421	9119	25094	
1409	9182	24970	
1348	9196	24933	
1322	9193	25116	
1459	9060	25103	
1336	9289	25074	
1363	9272	24909	
1313	9298	25014	
1402	9161	24988	
1339	9073	25186	
1360	9109	25081	
1402	9216	24895	
1366	9265	24915	
1350	9150	25038	
1396	9087	25045	
1368	9183	25225	
1303	9265	25029	
1422	9173	25006	
1354	9232	25010	
1393	9157	25093	
1411	9164	25091	
1324	9238	24930	
1355	9038	25287	
1279	9055	25241	
1394	9171	24911	
1312	9192	25118	
1320	9259	24959	
1356	9215	24985	
1290	9205	25110	
1406	9112	25145	
1340	9148	25061	
1398	9062	25201	
1359	9221	25106	
1358	9085	25180	
1340	9139	24918	
1347	9248	25047	
1405	9135	25102	
1385	9135	25119	
1382	9294	25054	
1377	9064	25122	
1319	9142	25082	
1305	9139	25053	
1293	9288	24977	
1292	9126	25189	
1416	9129	25101	
1309	9098	25140	
1417	9203	24944	
1446	9128	25077	
1350	9213	25120	
1367	9256	24969	
1393	9080	25130	
1347	9163	25042	
1344	9244	25093	
1361	9242	25091	
1385	9139	25025	
1325	9080	25201	
1374	9072	25051	
1327	9303	24906	
1379	9142	25097	
1468	9150	25037	
1382	9268	24934	
1388	9148	25078	
1451	9108	25129	
1346	9217	24950	
1337	9046	25179	
1353	9172	25102	
1412	9296	24948	
1446	9130	25054	
1362	9194	25028	
1391	9227	25081	
1363	9269	24972	
1298	9236	25080	
1398	9009	25297	
1366	9105	25162	
1446	9193	25036	
1303	9055	25217	
1318	9233	24995	
1378	9255	25007	
1402	9192	25034	
1374	9135	25100	
1348	9112	25215	
1365	9318	25019	
1292	9156	25137	
1341	9315	24947	
1312	9233	25037	
1432	9096	25121	
1293	9102	25137	
1429	9082	24996	
1402	9182	25050	
1324	9307	24864	
1313	9200	25024	
1315	9122	24991	
1406	9212	25139	
1368	9085	25086	
1370	9327	25041	
1364	9147	25018	
1291	9276	25065	
1441	9367	24894	
1407	9096	25150	
1353	9154	25052	
1374	9166	24959	
1298	9163	25084	
1316	9305	24958	
1299	9289	25075	
1343	9117	25056	
1351	9293	25024	
1352	9373	24943	
1322	9199	25110	
1391	9248	24940	
1347	9215	24998	
1352	9178	25012	
1297	9156	25110	
1355	9173	24953	
1399	9109	25015	
1317	9187	25060	
1382	9107	25131	
1315	9142	25173	
1305	9173	25055	
1336	9172	25045	
1351	9213	25067	
1339	9165	24979	
1338	9337	24889	
1358	9330	24894	
1372	9283	25201	
1257	9302	25041	
1350	9236	25007	
1357	9094	25068	
1306	9193	25013	
1408	9157	25026	
1381	9362	24859	
1282	9481	24801	
1329	9150	25110	
1254	9360	24920	
1305	9157	25056	
1383	9184	25134	
1362	9221	25106	
1377	9100	25142	
1304	9137	25079	
1367	9283	25044	
1313	9361	24866	
1346	9081	25210	
1282	9196	25114	
1358	9210	24928	
1371	9190	25018	
1292	9339	24901	
1422	9230	24875	
1322	9298	25036	
1413	8996	25168	
1313	9218	24943	
1339	9011	25156	
1390	9060	25093	
1356	9246	25018	
1381	9174	25111	
1453	9132	25198	
1354	9310	24814	
1378	9306	24994	
1339	9244	24970	
1370	9168	24988	
1509	9036	25160	
1367	9083	25191	
1329	9112	25118	
1337	9174	24964	
1356	9294	25012	
1324	9272	24968	
1317	9153	25059	
1332	9046	25231	
1240	9117	25255	
1321	9113	25259	
1315	9180	25038	
1340	9013	25206	
1277	9417	24882	
1460	9323	24908	
1324	9113	25139	
1393	9120	25061	
1341	9189	24986	
1374	9179	24940	
1377	9050	25151	
1358	9008	25188	
1381	9208	24983	
1310	9175	25027	
1390	9200	24939	
1368	9136	25094	
1346	9113	25045	
1338	9162	25053	
1304	9121	25124	
1353	9336	24877	
1409	9162	25076	
1348	9100	25072	
1375	9122	24983	
1347	9228	25033	
1366	9222	25037	
1288	9061	25191	
1349	9348	24881	
1342	9264	24979	
1345	9190	25080	
1373	9106	25207	
1410	9199	25030	
1375	9164	25004	
1248	9106	25138	
1325	9225	25066	
1353	9305	24969	
1341	9148	24932	
1372	9143	25033	
1331	9264	24988	
1402	9202	25112	
1337	9122	24997	
1334	9042	25217	
1327	9142	25117	
1346	9073	25072	
1290	9101	25163	
1365	9127	25127	
1442	9194	24913	
1434	9167	25021	
1338	9230	24935	
1299	9196	25139	
1363	9293	24882	
1339	9252	25034	
1373	9221	25088	
1331	9081	25168	
1392	9290	25000	
1327	9153	25119	
1312	9122	25105	
1313	9125	25080	
1299	9207	25180	
1352	9072	25254	
1313	9302	25032	
1299	9154	25041	
1384	9102	24995	
1344	9071	25184	
1312	9271	24962	
1353	9192	24978	
1396	9340	24937	
1377	9352	24883	
1377	9268	24871	
1361	9284	24936	
1396	9249	24966	
1384	9128	25159	
1357	9259	24990	
1333	9163	25051	
1367	9342	24898	
1308	9158	25226	
1304	9080	25078	
1338	9150	25055	
1345	9204	25060	
1399	9241	24927	
1289	9169	25187	
1367	9089	25181	
1302	9319	24999	
1345	9126	25206	
1387	9200	25041	
1379	9309	24848	
1409	9136	25092	
1319	9091	25122	
1407	9161	25063	
1344	9172	25128	
1354	9127	25146	
1372	9222	25053	
1327	9201	24953	
1397	9316	25006	
1409	9196	25094	
1338	9145	24996	
1335	9278	25011	
1291	9351	24991	
1257	9179	25158	
1372	9152	25027	
1363	9016	25176	
1402	9259	24992	
1398	9178	25071	
1418	9235	24922	
1381	9195	25145	
1306	9282	24866	
1420	9261	25024	
1323	9191	25074	
1375	9279	24975	
1384	9117	25004	
1413	9194	24996	
1352	9113	25142	
1420	9112	25153	
1415	9096	25049	
1372	9276	24889	
1415	9184	24932	
1384	9140	25118	
1322	9195	25242	
1384	9226	25049	
1385	9294	24941	
1448	9204	25108	
1401	9090	25126	
1328	9179	25187	
1370	9231	25096	
1364	9176	25044	
1418	9198	25068	
1324	9308	24951	
1322	9196	25079	
1368	9096	25129	
1408	9077	25188	
1399	9191	25102	
1360	9204	24969	
1367	9156	25061	
1288	9223	25140	
1325	9212	24930	
1318	9140	25096	
1324	9080	25198	
1342	9233	24977	
1320	9106	25006	
1386	9263	24879	
1325	9296	25109	
1356	9166	24974	
1400	9109	25133	
1324	9183	25046	
1315	9189	24973	
1426	9112	25143	
1348	9326	25049	
1283	9094	25187	
1296	9193	25009	
1339	9427	24873	
1353	9269	25047	
1301	9243	24967	
1339	9185	25032	
1377	9165	25144	
1383	9425	24974	
1360	9248	24936	
1348	9128	25022	
1381	9133	24968	
1353	9131	25092	
1347	9227	24990	
1391	9152	25127	
1384	9392	24764	
1329	9255	24985	
1302	9227	25029	
1375	9288	24882	
1373	9115	25152	
1376	9262	25064	
1302	9175	25059	
1264	9225	24999	
1301	9254	24993	
1353	9391	24753	
1351	9208	25108	
1345	9041	25132	
1426	9095	25124	
1344	9246	24967	
1405	9311	24970	
1416	9231	24966	
1328	9282	25086	
1320	9247	24936	
1422	9249	24958	
1259	9150	25146	
1358	9260	25018	
1440	9065	25126	
1400	9241	24969	
1445	9104	25129	
1385	9145	25044	
1373	9116	25108	
1350	9192	25016	
1371	9187	25043	
1322	9170	25006	
1361	9104	25108	
1332	9347	24977	
1346	9330	24973	
1346	9109	25154	
1363	9102	25044	
1383	9258	24953	
1337	9132	25122	
1284	9185	25129	
1335	9233	25071	
1391	9150	25102	
1393	9143	25015	
1362	9250	25006	
1466	9224	24955	
1365	9271	24959	
1369	9285	25042	
1397	9216	25057	
1340	9116	25107	
1385	9189	24970	
1347	9267	25081	
1341	9131	25150	
1328	9178	25067	
1252	9198	25041	
1303	9152	25203	
1389	9210	24931	
1360	9184	25112	
1354	9154	25028	
1448	9160	25035	
1390	9180	24935	
1370	9304	24852	
1367	9265	25068	
1409	9008	25169	
1383	9090	25125	
1398	9124	25042	
1352	9185	25038	
1394	9122	25248	
1377	9164	25062	
1399	9205	25062	
1377	9256	24932	
1374	9249	24966	
1305	9323	24999	
1290	9239	25007	
1334	9229	25058	
1342	9168	25059	
1327	9260	24996	
1375	9273	24982	
1288	9189	24998	
1332	9293	24963	
1356	9167	25001	
1396	9214	25022	
1411	9301	24970	
1397	9261	25043	
1425	9152	25033	
1307	9307	25028	
1372	9057	25016	
1401	9143	25055	
1413	9292	25056	
1329	9307	24902	
1320	9146	25053	
1449	9230	24851	
1319	9194	25232	
1314	9129	25124	
1371	9304	24927	
1377	9094	25135	
1314	9046	25163	
1353	9245	24986	
1382	9058	25148	
1357	9277	24945	
1443	9053	25218	
1313	9098	25206	
1324	9182	25085	
1366	9178	25001	
1343	9069	25171	
1306	9131	25138	
1403	9237	25036	
1356	9192	25160	
1389	9185	25116	
1340	9207	25102	
1269	9134	25093	
1361	9148	24949	
1361	9292	25068	
1353	9259	24904	
1313	9198	25070	
1271	9275	25058	
1317	9183	25011	
1461	9205	25001	
1422	9064	25149	
1418	8978	25143	
1426	9198	24918	
1393	9125	25068	
1388	9208	24937	
1361	9157	25037	
1345	9120	25111	
1426	9244	24921	
1382	9305	24980	
1334	9234	25014	
1386	9259	24872	
1333	9172	25077	
1344	9217	24975	
1348	9194	25107	
1349	9269	25044	
1389	9188	25106	
1319	9309	24982	
1283	9194	25102	
1412	9132	25076	
1326	9241	25007	
1395	9110	25140	
1427	9240	24908	
1361	9186	24990	
1310	9200	25118	
1316	9240	25039	
1376	9303	25016	
1327	9152	24981	
1237	9180	25086	
1289	9433	24872	
1316	9240	25025	
1359	9137	24970	
1369	9108	25156	
1392	9152	25001	
1326	9251	25003	
1333	9232	24988	
1376	9378	25013	
1345	9257	24989	
1363	9261	24993	
1352	9327	24863	
1337	9111	25089	
1332	9214	24922	
1342	9235	25024	
1299	9262	25096	
1401	9121	25156	
1384	9066	25070	
1351	9023	25286	
1401	9220	24951	
1368	9286	24936	
1314	9267	24998	
1416	9235	25054	
1280	9197	25133	
1374	9321	24936	
1401	9139	24995	
1485	9081	25143	
1331	9182	25061	
1347	9148	25018	
1368	9171	24964	
1386	9213	24954	
1372	9119	25087	
1315	9163	24960	
1349	9093	25276	
1344	9070	25147	
1360	9258	24986	
1298	9073	25245	
1462	9071	25021	
1230	9176	25161	
1369	9021	25313	
1326	9125	25136	
1318	9278	24966	
1301	9239	25102	
1328	9273	24960	
1333	9260	24963	
1341	9182	25064	
1369	9247	25017	
1402	9070	25216	
1304	9166	25075	
1324	9301	24984	
1361	9274	24886	
1430	9225	24963	
1295	9247	25094	
1365	9310	24984	
1384	9113	25015	
1351	9038	25200	
1446	9293	24938	
1282	9320	24964	
1392	9274	24899	
1320	9144	25069	
1372	9186	25048	
1339	9164	25007	
1367	9201	25021	
1356	9231	25067	
1316	9434	24845	
1365	9213	24910	
1362	9083	25191	
1349	9127	25088	
1389	9138	25024	
1319	9088	25228	
1441	9132	25126	
1384	9248	24949	
1335	9307	24956	
1290	9118	25161	
1350	9249	25083	
1375	9209	24960	
1416	9177	25033	
1330	9048	25137	
1420	9135	25009	
1336	9229	24988	
1331	9084	25187	
1287	9163	25027	
1304	9268	24940	
1301	9193	25046	
1351	9133	25072	
1427	9060	25052	
1395	9184	24992	
1311	9306	25012	
1351	9291	25086	
1366	9091	25174	
1323	9348	24949	
1442	9296	24852	
1318	9143	25074	
1337	9229	25015	
1386	9267	24922	
1332	9190	24964	
1355	9194	25020	
1341	9187	25030	
1460	9350	24823	
1326	9181	25006	
1352	9187	25120	
1305	9240	24948	
1379	9103	25017	
1366	9172	25111	
1368	9145	25196	
1358	9073	25348	
1377	9125	25018	
1355	9098	25159	
1323	9072	24960	
1331	9222	25042	
1306	9193	25055	
1379	9143	24960	
1355	9329	24846	
1370	9052	25122	
1383	9249	24971	
1305	9010	25291	
1401	9251	25072	
1376	9248	25049	
1344	9286	25023	
1384	9104	25193	
1354	9084	25071	
1397	9125	25030	
1373	9207	25083	
1289	9224	25067	
1261	9068	25095	
1357	9106	25175	
1306	9128	25103	
1407	9314	24973	
1385	9177	24959	
1329	9103	24975	
1307	9108	25010	
1389	9143	25068	
1405	9097	25050	
1353	9254	25007	
1404	9341	24922	
1343	9277	25005	
1348	9097	25245	
1377	9059	25106	
1363	9306	24824	
1473	9148	25055	
1325	9205	25075	
1343	9336	24965	
1385	9125	25154	
1445	9016	25021	
1416	9045	25116	
1300	9348	24981	
1381	9200	25057	
1374	9193	24998	
1362	9054	25159	
1456	9282	24827	
1308	9169	25101	
1335	9228	25064	
1355	9256	24968	
1329	9198	24959	
1237	9150	25128	
1386	9281	25072	
1331	9330	24938	
1312	8976	25186	
1347	9075	25180	
1250	9174	25090	
1303	9244	25012	
1379	9191	24997	
1367	9153	25122	
1329	9168	24982	
1350	9081	25105	
1319	9318	25039	
1286	9238	25044	
1404	9146	24995	
1402	9288	24857	
1397	9115	25034	
1471	9095	25093	
1324	9233	25138	
1401	9233	24978	
1322	9191	25153	
1374	9202	24987	
1497	9389	24887	
1364	9153	25186	
1386	9128	25072	
1361	9007	25197	
1352	9236	24972	
1397	9138	25041	
1354	9391	24916	
1347	9205	24966	
1333	9236	24995	
1384	9313	24932	
1327	9110	25254	
1354	9233	24969	
1379	9129	25127	
1362	9210	25032	
1384	9221	24996	
1392	9127	25114	
1318	9184	25112	
1295	9110	25112	
1416	9237	25037	
1372	9184	25068	
1386	9121	25029	
1321	9181	24981	
1237	9119	25129	
1338	9373	24952	
1372	9228	24923	
1437	9077	25123	
1337	9193	25011	
1283	9232	25034	
1385	9252	25034	
1310	9139	25136	
1332	9106	25209	
1372	9211	24987	
1322	9263	25176	
1416	9275	25017	
1372	9231	25033	
1381	9172	25017	
1296	9213	25046	
1285	9058	25215	
1389	9204	24991	
1373	9016	25020	
1373	9243	25073	
1394	9087	25138	
1353	9075	25071	
1379	9415	24732	
1406	9168	25245	
1385	9059	25187	
1367	9022	25187	
1293	9203	25052	
1344	9224	24989	
1389	9308	25023	
1453	9343	24902	
1389	9156	25088	
1374	9112	25059	
1434	9183	24989	
1367	9234	24978	
1373	9124	25091	
1387	9097	25079	
1311	9230	25081	
1392	9066	25221	
1373	9377	24815	
1331	9147	25189	
1260	9290	25023	
1334	9211	25059	
1382	9131	25102	
1372	9104	25172	
1382	9299	24919	
1412	9094	24969	
1397	9191	24991	
1377	9259	24937	
1377	9133	25088	
1299	9318	24943	
1377	9275	24835	
1388	9142	25070	
1288	9197	25023	
1350	9273	24950	
1358	9190	25021	
1308	9269	24988	
1381	9303	25024	
1410	9116	25041	
1400	9087	25132	
1380	9118	25122	
1370	9184	25055	
1375	9151	25043	
1352	9195	25069	
1345	9245	25025	
1332	9328	25014	
1342	9244	25109	
1302	9321	24972	
1304	9220	25023	
1419	9250	25005	
1323	9191	25096	
1319	9363	24970	
1306	9265	25012	
1373	9112	25059	
1433	9226	25055	
1391	9221	25088	
1383	9281	24939	
1266	9368	24964	
1327	9308	24997	
1347	9269	24967	
1393	9195	25051	
1288	9217	24966	
1397	9222	25014	
1379	9121	25025	
1385	9130	25205	
1421	9184	25047	
1379	9031	25222	
1277	9376	24910	
1375	9232	24986	
1351	9118	25074	
1423	9133	25164	
1317	9124	25104	
1393	9181	24979	
1376	9110	25030	
1342	9086	25108	
1388	9177	25053	
1340	9208	25061	
1410	9234	24932	
1340	9227	25087	
1343	9191	25115	
1371	9228	24972	
1378	9186	25002	
1337	9152	25126	
1421	9042	25176	
1291	9228	24928	
1314	9250	25125	
1269	9356	24937	
1281	9239	24961	
1317	9084	25170	
1369	9321	24897	
1277	9327	24914	
1326	9247	25016	
1374	9275	24862	
1333	9202	25177	
1350	9253	25003	
1343	9219	25172	
1302	9139	25177	
1329	9175	25057	
1303	9179	25058	
1384	9022	25155	
1405	9303	24822	
1347	9306	24986	
1282	9277	25070	
1406	9196	25027	
1275	9171	25085	
1336	9206	24993	
1376	9225	25046	
1352	9080	25064	
1338	9301	24973	
1437	9149	25085	
1309	9164	25084	
1354	9141	25232	
1354	9218	25139	
1375	9122	25166	
1337	9062	25224	
1397	9194	25095	
1402	9197	25021	
1382	9008	25126	
1317	9426	24978	
1337	9318	24967	
1370	9182	25091	
1397	9168	24944	
1346	9272	24860	
1345	9240	24959	
1308	9115	25133	
1383	9212	24954	
1308	9320	24892	
1335	9243	25012	
1416	9234	24960	
1335	9155	25122	
1389	9146	25054	
1383	9118	25250	
1353	9211	24963	
1396	9175	25163	
1419	9134	25066	
1376	9141	25050	
1398	9046	25046	
1396	9167	25060	
1366	9095	25167	
1338	9119	25081	
1372	9206	25178	
1359	9200	25120	
1289	9301	24983	
1352	9174	25123	
1350	9246	24900	
1232	9165	25116	
1328	9323	24956	
1392	9219	25099	
1298	9217	25042	
1338	9244	24907	
1259	9209	25034	
1352	9167	25025	
1323	9108	25099	
1271	9399	24967	
1346	9130	25165	
1305	9258	25101	
1284	9238	24971	
1358	9305	24921	
1382	9103	25134	
1420	9158	25122	
1297	9311	24923	
1397	9119	25077	
1417	9148	24994	
1322	9175	25150	
1327	9180	25076	
1323	9040	25108	
1329	9201	25000	
1360	9121	25035	
1358	9167	25060	
1233	8956	25231	
1322	9205	24950	
1397	9162	24990	
1314	9233	25057	
1428	9047	25160	
1303	9319	24942	
1252	9319	24909	
1348	9111	25048	
1340	9058	25109	
1448	9182	24906	
1272	9014	25019	
1360	9318	24945	
1364	9218	25005	
1374	9220	25007	
1391	9075	25095	
1270	9082	25208	
1467	9094	25167	
1359	9077	25153	
1320	9221	24936	
1410	9208	24906	
1380	9248	24969	
1321	9403	24962	
1438	9086	25016	
1278	9180	25075	
1343	9351	24970	
1375	9131	25045	
1338	9296	25058	
1418	9187	25134	
1326	9216	25043	
1381	9236	24936	
1217	9291	25005	
1378	9263	24923	
1330	9160	25054	
1339	9132	25078	
1287	9239	24864	
1313	9222	25050	
1420	9198	25058	
1334	9188	25063	
1418	9119	25170	
1323	9221	24986	
1396	9244	24870	
1323	9131	25130	
1395	9202	24966	
1415	9091	25061	
1376	9179	25025	
1343	9121	25082	
1307	9230	24996	
1394	9324	24827	
1360	9058	25220	
1266	9370	24938	
1393	9170	25122	
1282	9222	24913	
1411	9242	24909	
1343	9241	24976	
1373	9260	25068	
1419	9186	25059	
1307	9191	25184	
1364	9272	25001	
1319	9294	24951	
1350	9081	25123	
1372	8998	25223	
1400	9176	24985	
1318	9055	25321	
1343	9197	25114	
1285	9062	25169	
1284	9270	24963	
1397	9308	24916	
1387	9040	25138	
1313	9206	25044	
1349	9218	24981	
1348	9350	24809	
1330	9294	24920	
1374	9255	25015	
1386	9366	24933	
1353	9122	24965	
1391	9296	25073	
1359	9274	24953	
1433	9207	24924	
1370	9123	25175	
1328	9302	25065	
1338	9244	24914	
1385	9146	25090	
1296	9153	25145	
1386	8977	25157	
1385	9306	24796	
1383	9136	25124	
1333	9274	25056	
1260	9375	24906	
1360	9241	25038	
1383	9172	25077	
1350	9199	24957	
1323	9253	24963	
1343	9085	25196	
1372	9144	25042	
1337	9235	25080	
1322	9181	25150	
1426	9156	25041	
1356	9240	24884	
1454	9084	25124	
1338	9052	25236	
1350	9212	25069	
1356	9170	25087	
1362	9280	25027	
1389	9133	25114	
1349	9262	24899	
1403	9114	25038	
1329	9202	25047	
1327	9285	24898	
1367	9199	24980	
1271	9263	24989	
1447	9288	24903	
1446	9183	24944	
1336	9144	25098	
1373	9233	24933	
1338	9254	24961	
1305	9156	25152	
1369	9305	25005	
1291	9195	25119	
1414	9313	25097	
1363	9137	25098	
1409	9294	24947	
1324	9201	25039	
1287	9269	25041	
1355	9126	25184	
1330	9274	25026	
1362	9163	24901	
1396	9174	25214	
1385	9271	24946	
1324	9149	25154	
1335	9270	24921	
1301	9129	25159	
1337	9238	24968	
1264	9176	25050	
1381	9211	25047	
1324	9194	25220	
1311	9225	25085	
1371	9130	25011	
1402	9085	25119	
1329	9167	25139	
1365	9220	25037	
1375	9152	25143	
1372	9250	24930	
1330	9161	25032	
1364	9241	25108	
1384	9139	25057	
1336	9073	25252	
1392	9143	24960	
1365	9195	25086	
1338	9139	25007	
1307	9233	25065	
1299	9206	25055	
1377	9106	25162	
1373	9178	25061	
1313	9205	25136	
1436	9207	25046	
1329	9255	24956	
1387	9158	25164	
1384	9129	25211	
1352	9394	24909	
1291	9340	25053	
1407	9163	25021	
1312	9246	25123	
1286	9121	25105	
1358	9090	25056	
1381	9177	25079	
1422	9146	25058	
1379	9244	24961	
1284	9162	25137	
1390	9221	25033	
1332	9228	24898	
1300	9269	24984	
1350	9281	24908	
1368	9146	25138	
1314	8930	25304	
1310	9251	25070	
1363	9313	25055	
1374	9192	24987	
1325	9174	25094	
1389	9276	24900	
1381	9184	25079	
1359	9116	25206	
1305	9079	25113	
1354	9237	25064	
1327	9238	25092	
1295	9171	25152	
1300	9382	24703	
1314	9192	25256	
1382	9204	25003	
1359	9219	25001	
1303	8989	25154	
1464	9172	25061	
1319	9150	25234	
1372	9104	25158	
1405	9182	25001	
1339	9319	24997	
1412	9177	24992	
1331	9275	25078	
1458	9172	24972	
1354	9111	25168	
1294	9220	25036	
1300	9134	25163	
1391	9274	24906	
1383	9313	24809	
1405	9156	25124	
1278	9237	24963	
1334	9271	24891	
1320	9312	24930	
1398	9077	25121	
1370	8974	25220	
1346	9325	24988	
1401	9161	25053	
1370	9168	25033	
1417	9165	25030	
1368	9163	25191	
1362	9204	25120	
1358	9265	24968	
1279	9273	25059	
1355	9144	25142	
1383	9191	24988	
1330	9220	25142	
1398	9212	25066	
1295	9030	25364	
1376	9288	25015	
1333	9083	25255	
1337	9155	25151	
1320	9069	25076	
1333	9204	25188	
1321	9227	25071	
1327	9202	25087	
1336	9186	25035	
1315	8959	25206	
1372	9376	24872	
1308	9206	25092	
1339	9177	25032	
1324	9125	25049	
1311	9275	24999	
1326	9137	25025	
1419	9129	25015	
1388	9277	24997	
1349	9404	24810	
1360	9165	24964	
1343	9277	24977	
1261	9240	25103	
1328	9229	24995	
1411	9265	24920	
1311	9107	25159	
1381	9279	24981	
1315	9097	25131	
1325	9230	25027	
1386	9086	25041	
1366	9229	24994	
1326	9179	25206	
1356	9141	25128	
1435	9068	25122	
1372	9315	24880	
1292	9046	25233	
1388	9267	25057	
1432	9177	25105	
1350	9173	25033	
1360	9382	24822	
1301	9178	25025	
1390	9212	25000	
1358	9161	25028	
1418	9005	25176	
1388	9254	25034	
1382	9306	24926	
1355	9238	25026	
1399	9182	25021	
1335	9205	25031	
1311	9214	25123	
1361	9239	24975	
1302	9091	25258	
1372	9246	25033	
1359	9104	25091	
1328	9118	25122	
1295	9313	24960	
1361	9113	25127	
1288	9120	25097	
1345	9197	25069	
1355	9141	25225	
1319	9217	25016	
1351	9246	24954	
1408	9166	25140	
1411	9134	25063	
1383	9331	24838	
1369	9210	25086	
1341	9274	24997	
1359	9141	25015	
1321	9142	24975	
1289	9226	25118	
1336	9271	24982	
1333	9109	25185	
1257	9255	24988	
1327	9358	24933	
1406	9169	25015	
1347	9075	25191	
1358	9231	24998	
1410	9123	25096	
1335	9313	24973	
1380	9188	25039	
1345	9204	25068	
1390	9239	24980	
1453	9163	25034	
1293	9250	24988	
1325	9220	25038	
1309	9161	25071	
1355	9266	24884	
1367	9225	25021	
1338	8972	25247	
1363	9006	25196	
1431	9302	24970	
1405	9060	25153	
1386	9243	24971	
1391	9178	25130	
1387	9165	25052	
1362	9220	25045	
1438	9202	25053	
1318	9151	25043	
1382	9293	24923	
1397	9114	25161	
1360	9197	24973	
1359	9105	25091	
1366	9284	25076	
1302	9165	25133	
1355	9111	25062	
1351	9271	25038	
1294	9237	25056	
1367	9314	24982	
1348	9205	25225	
1312	9163	25139	
1381	9244	24969	
1370	9114	25042	
1354	9307	24923	
1409	9100	25061	
1338	9212	25124	
1336	9234	25105	
1383	9035	25277	
1393	9306	24884	
1317	9128	25123	
1377	9226	24954	
1348	9217	24994	
1375	9102	25238	
1330	9191	25105	
1343	9170	25108	
1287	9171	25039	
1408	9121	25132	
1337	9183	25034	
1261	9185	25156	
1350	9196	25000	
1308	9258	25173	
1349	9111	25110	
1335	9160	25149	
1374	9295	24985	
1388	9210	24944	
1343	9151	24989	
1299	9293	24996	
1408	9188	24890	
1451	9204	24919	
1250	9225	25040	
1431	9173	24979	
1349	9167	25060	
1354	9175	24986	
1369	9274	24952	
1373	9278	25019	
1341	9298	24933	
1314	9377	24985	
1370	9200	25095	
1418	9081	25050	
1393	9075	25183	
1424	9221	25006	
1327	9315	24959	
1394	9262	24894	
1319	9155	25097	
1374	9231	24957	
1357	9273	25016	
1384	9195	25071	
1338	9098	25172	
1327	9271	24960	
1333	9156	25052	
1423	9137	25030	
1353	9250	25021	
1373	9092	25069	
1338	9199	25146	
1447	9075	25153	
1334	9138	25232	
1291	9266	25101	
1365	9190	25154	
1386	9123	24967	
1404	9170	25087	
1386	9155	25066	
1461	9103	25004	
1299	9150	25014	
1377	9178	25124	
1336	9211	24946	
1399	9325	24970	
1380	9231	24943	
1309	9263	25166	
1307	9114	25106	
1456	9168	25023	
1336	9140	25033	
1416	9146	25068	
1337	9087	25070	
1366	9133	25041	
1387	9235	24974	
1350	9069	25095	
1433	9285	25035	
1389	9178	25029	
1324	9302	25015	
1372	9158	25021	
1328	9344	24823	
1386	9167	24983	
1430	9151	24919	
1441	9138	24948	
1344	9187	25112	
1332	9151	25083	
1332	9196	25015	
1411	9151	24996	
1324	9133	25026	
1333	9342	24891	
1372	9203	24967	
1336	9068	25115	
1391	9105	25145	
1324	9179	25105	
1361	9167	25083	
1290	9049	25259	
1357	9201	24994	
1404	9134	25082	
1340	9149	25101	
1361	9122	25061	
1378	9116	25161	
1301	9127	24984	
1363	9055	25107	
1337	9242	24919	
1341	9100	25169	
1311	9267	25016	
1418	9132	25058	
1367	9218	25026	
1311	9369	24789	
1396	9014	25191	
1359	9194	25025	
1368	9257	25031	
1349	9107	25045	
1343	9093	25072	
1334	9085	25093	
1374	9156	24870	
1448	9061	25145	
1319	9360	24895	
1347	9328	24982	
1335	9202	25062	
1338	9105	25155	
1352	9129	25134	
1379	9213	24961	
1428	9095	25161	
1340	9166	25138	
1337	9095	25129	
1357	9093	25169	
1325	9111	25066	
1301	9118	25149	
1398	9276	24875	
1322	9212	25059	
1376	9181	25119	
1327	9106	25044	
1354	9230	24959	
1312	9301	24908	
1358	9141	25079	
1408	9140	25057	
1370	9192	24943	
1319	9183	25107	
1395	9193	25072	
1381	9342	24907	
1331	9343	24857	
1418	9001	25097	
1348	9232	25036	
1309	9351	24865	
1359	9236	24993	
1327	9247	24947	
1361	9104	25147	
1288	9119	25164	
1368	9223	25083	
1369	9181	24973	
1396	9028	25209	
1353	9115	25175	
1289	9222	25101	
1408	9015	25190	
1405	9141	25122	
1302	9261	24955	
1310	9372	24911	
1442	9240	24963	
1358	9193	25051	
1399	9138	25063	
1411	9072	25080	
1368	9159	25012	
1344	9236	24893	
1347	9167	25000	
1335	9218	25067	
1309	9230	25084	
1377	9247	24860	
1340	9225	24957	
1344	9187	25020	
1328	9064	25144	
1318	9258	24884	
1368	9259	25047	
1368	9203	25016	
1375	9078	25148	
1495	9233	24885	
1364	9201	24990	
1387	9295	24874	
1425	9322	24946	
1314	9279	24963	
1320	9281	24997	
1379	9090	25122	
1379	9111	25077	
1347	9322	24893	
1331	9260	25096	
1389	9379	24944	
1405	9176	24957	
1430	9216	24930	
1330	9161	25008	
1323	9130	25074	
1325	9207	25112	
1345	9244	24975	
1431	9185	24978	
1410	9131	24987	
1361	9313	24935	
1268	9278	24944	
1313	9276	25009	
1371	9103	25136	
1347	9069	25135	
1389	9117	25091	
1363	9149	24971	
1330	9292	25054	
1371	9089	25173	
1350	9218	24923	
1334	9184	25092	
1389	9326	24939	
1317	9251	25068	
1314	9233	24905	
1417	9065	25079	
1276	9318	24981	
1305	9292	25108	
1359	9227	25004	
1338	9344	24850	
1397	9153	25044	
1349	9101	25129	
1404	9204	25016	
1430	9143	24986	
1372	9103	25028	
1321	9251	24922	
1414	9271	25040	
1319	9263	25011	
1451	9359	24923	
1398	9091	25164	
1323	9279	24943	
1357	9081	25176	
1341	9117	25093	
1360	9264	24960	
1309	9246	25135	
1341	9241	25064	
1397	9075	25085	
1439	9187	25041	
1338	9196	24929	
1375	9204	25033	
1365	9335	24890	
1303	9081	25228	
1408	9017	25116	
1364	9084	25123	
1345	9185	25058	
1342	9213	25028	
1282	9302	24914	
1387	9137	25029	
1384	9144	25083	
1414	9070	25098	
1389	9182	24937	
1351	9146	25155	
1341	9184	25045	
1293	9127	25100	
1402	9167	24975	
1394	9142	25112	
1377	9229	24979	
1377	9036	25037	
1277	9152	25020	
1371	9226	24994	
1320	9305	25017	
1373	8903	25206	
1306	9062	25055	
1328	9242	24981	
1366	9343	24914	
1386	9141	24987	
1313	9022	25252	
1390	9189	25000	
1370	9151	25075	
1378	9212	25072	
1317	9316	24919	
1396	9292	24918	
1316	9129	25037	
1345	9267	24970	
1376	9275	24969	
1327	9293	24908	
1364	9053	25111	
1452	9180	25181	
1307	9124	25087	
1388	9368	25062	
1326	9284	24887	
1352	9255	25062	
1392	9176	25015	
1400	9288	24968	
1357	9144	25139	
1355	9123	25058	
1383	9289	24915	
1341	9172	25076	
1394	9142	25116	
1367	9248	25034	
1413	9298	24886	
1271	9047	25204	
1360	9078	25267	
1344	9094	25197	
1399	9330	24964	
1326	9187	25037	
1335	9207	25140	
1365	9405	24916	
1356	9299	25012	
1342	9205	24969	
1338	9217	25069	
1389	9118	25166	
1327	9124	25119	
1355	9142	25070	
1347	9256	25013	
1348	9379	24825	
1380	9225	24907	
1370	9185	24935	
1341	9152	25164	
1332	9311	24924	
1358	9183	25019	
1378	9344	24980	
1376	9092	25121	
1407	9204	25070	
1365	9062	25137	
1316	9251	24958	
1374	9109	25076	
1387	9189	25054	
1290	9089	25104	
1302	9136	24950	
1398	9227	25026	
1379	9234	25029	
1364	9245	24902	
1331	9220	25079	
1365	9183	25027	
1340	9059	25197	
1337	9204	25082	
1406	9152	24998	
1327	9252	25079	
1349	9120	25194	
1381	9144	25049	
1383	9013	25268	
1345	9352	24931	
1386	9498	24903	
1383	9006	25211	
1362	9052	25217	
1381	9161	25082	
1342	9271	24991	
1350	9113	25190	
1334	8971	25295	
1407	9053	25097	
1370	9101	25066	
1337	9259	24911	
1365	9324	25008	
1361	9303	24971	
1408	9136	25018	
1372	9260	24928	
1325	9211	24987	
1326	9242	25003	
1348	9127	25168	
1351	9279	25000	
1345	9298	24854	
1336	9235	25128	
1375	9113	25137	
1354	9049	25208	
1366	9019	25101	
1371	9257	24999	
1312	9225	25021	
1440	9157	25102	
1349	9385	24835	
1280	9205	25112	
1490	9141	24971	
1363	9347	24851	
1364	9164	25083	
1343	9252	24987	
1246	9029	25275	
1309	9188	25126	
1394	9077	25054	
1357	9200	24977	
1263	9251	25051	
1370	9321	24921	
1327	9175	25117	
1337	9263	25018	
1320	9354	24972	
1355	9220	25007	
1399	9272	24955	
1289	9260	25026	
1399	9382	24911	
1403	9149	25026	
1274	9217	25037	
1294	9141	25096	
1417	9090	25005	
1346	9226	25035	
1293	9095	25113	
1374	9222	25048	
1370	9160	25154	
1321	9330	24905	
1358	9168	25056	
1412	9202	25003	
1429	9196	25059	
1334	9116	25174	
1319	9292	24939	
1336	9215	25032	
1309	9235	24993	
1376	9275	24885	
1379	9103	25131	
1311	9183	25153	
1336	9170	25098	
1457	9140	25073	
1334	9293	24981	
1352	9342	24823	
1425	8862	25161	
1315	9136	25110	
1366	9123	25074	
1372	9063	25138	
1262	9092	25144	
1372	9163	25107	
1386	9163	24997	
1393	9139	25120	
1362	9107	25125	
1270	9209	25123	
1293	9121	25134	
1365	9094	25182	
1348	9287	24945	
1329	9060	25172	
1390	9122	25033	
1377	9218	24973	
1401	9129	25074	
1360	9234	25023	
1439	9105	25041	
1338	9334	24917	
1337	9022	25147	
1314	9286	24935	
1421	9269	25011	
1361	8957	25164	
1400	9032	25185	
1364	9235	24971	
1338	9042	25161	
1333	9277	24954	
1426	9260	24860	
1414	9132	25051	
1400	9438	24832	
1333	9170	25109	
1317	9159	25156	
1349	9105	25189	
1312	9248	24928	
1350	9179	25089	
1340	9016	25186	
1324	9188	24992	
1332	9128	25231	
1305	9260	25038	
1375	9202	25020	
1314	9170	25011	
1338	9165	25080	
1389	9301	25048	
1282	9237	25129	
1296	9042	25269	
1435	9240	25037	
1370	9102	25104	
1373	9161	25134	
1337	9257	24945	
1354	9304	24975	
1334	9253	25028	
1340	9100	25010	
1331	9162	25045	
1349	9326	24957	
1386	9066	25099	
1351	9164	25050	
1300	9259	25092	
1404	9387	24749	
1298	9214	24903	
1344	9214	24911	
1442	9014	25055	
1362	9177	24996	
1368	9142	25095	
1359	9234	25101	
1337	9144	25062	
1330	9270	24989	
1356	9068	25077	
1403	9213	24913	
1398	9190	25061	
1340	9300	24999	
1349	9182	25115	
1310	9087	25107	
1342	9027	25254	
1385	9136	25124	
1428	9306	24915	
1340	9322	24823	
1289	9162	25081	
1353	9080	25203	
1515	9169	24995	
1321	9153	24994	
1425	9176	25094	
1381	9203	25044	
1358	9227	24980	
1381	9078	25094	
1358	9014	25174	
1373	9125	24982	
1304	9104	25061	
1341	9260	25055	
1330	9250	24962	
1445	9192	25102	
1310	9176	24992	
1301	9229	25046	
1331	9196	25011	
1387	9452	24794	
1372	9070	25119	
1379	9204	24986	
1287	9104	25180	
1370	9042	25245	
1294	9095	25093	
1364	9219	25020	
1233	9311	24994	
1324	9209	25131	
1391	9325	24936	
1332	9308	25055	
1394	8960	25193	
1349	9134	25083	
1355	9202	25034	
1313	9139	25199	
1330	9239	24981	
1459	9058	25146	
1326	9213	25039	
1293	9128	25035	
1498	9184	24965	
1367	9206	25048	
1428	9285	24893	
1378	9201	24927	
1375	9321	24866	
1402	9155	24980	
1356	9226	25076	
1364	8999	25228	
1298	9273	25134	
1400	9234	24982	
1351	9107	25126	
1268	9123	25168	
1370	9205	25028	
1337	9036	25191	
1413	9000	25097	
1382	9170	24994	
1251	9186	25088	
1337	9170	25122	
1342	9262	25042	
1329	9091	25111	
1393	9230	25003	
1342	9255	24964	
1425	9043	25222	
1419	9270	24964	
1288	9196	25052	
1339	9253	25026	
1334	9296	24990	
1370	9193	24971	
1300	9250	25013	
1348	9210	25087	
1459	9187	24980	
1369	9296	25044	
1335	9100	25059	
1375	9171	25057	
1337	9203	25040	
1329	9054	25057	
1292	9042	25117	
1410	9217	24923	
1399	9263	25037	
1385	9164	25074	
1355	9272	24902	
1322	9144	25120	
1376	9181	25107	
1348	9155	25075	
1281	9316	24997	
1369	9198	25129	
1255	9148	25156	
1373	9081	25237	
1393	9127	25028	
1295	9267	24961	
1329	9069	25254	
1369	9240	25170	
1323	9220	24991	
1305	9194	24870	
1321	9242	24972	
1363	9127	25082	
1375	9318	24973	
1345	9270	24970	
1281	9276	24971	
1403	9233	24908	
1328	9159	24986	
1360	9245	25008	
1352	9272	25043	
1333	9353	24889	
1371	9099	25110	
1339	9124	25158	
1334	9092	24992	
1391	9185	25028	
1284	9283	24957	
1346	9380	24828	
1349	9143	25101	
1338	9291	24920	
1357	9098	25142	
1392	9141	25054	
1450	9097	25121	
1331	9140	25196	
1312	9235	25025	
1394	9159	24960	
1389	9112	25077	
1377	9239	25082	
1401	9258	25083	
1368	9153	25093	
1395	9167	25041	
1322	9184	25133	
1230	9179	25080	
1346	9065	25190	
1418	9035	25185	
1366	9226	25071	
1327	8970	25255	
1325	9159	25138	
1378	9102	24996	
1375	9288	24973	
1395	9130	25080	
1375	9238	24968	
1361	9153	25012	
1428	9140	25024	
1356	9234	25009	
1392	9182	25066	
1296	9043	25167	
1285	9230	25048	
1396	9051	25195	
1353	9223	25048	
1277	9098	25241	
1319	9291	25006	
1334	9265	24978	
1369	9175	25016	
1364	9218	25071	
1258	9248	25071	
1366	9381	24829	
1358	9083	25167	
1364	9220	24974	
1341	9145	25228	
1322	9344	24968	
1379	9017	25053	
1340	9229	25056	
1310	9112	25154	
1373	9166	25056	
1363	9126	25070	
1289	9222	25075	
1333	9276	24943	
1311	9205	25000	
1356	9191	24983	
1317	9261	24911	
1393	9089	25135	
1405	9071	25134	
1380	9040	25214	
1293	9156	25240	
1362	9115	25095	
1421	9283	24922	
1337	9063	25259	
1365	9121	24987	
1338	9166	25106	
1324	9276	24843	
1382	9080	25168	
1382	9170	25064	
1413	9165	25122	
1325	9215	25119	
1374	9266	24900	
1372	9244	24972	
1281	9265	25061	
1366	9420	24856	
1396	9169	25003	
1351	9043	25236	
1287	9256	24979	
1343	9248	25058	
1357	9071	25240	
1374	9253	25061	
1364	9111	25163	
1366	9031	25139	
1401	9134	25075	
1357	9255	24951	
1325	9107	25249	
1321	9113	25122	
1404	9238	24985	
1351	9117	25037	
1332	9185	25054	
1389	9223	25099	
1330	9338	24887	
1379	9006	25154	
1405	9288	24948	
1419	9087	25138	
1255	9250	25050	
1356	9125	25097	
1431	9130	25118	
1321	9259	25022	
1313	9011	25199	
1402	9296	24949	
1380	9364	24901	
1366	9106	25224	
1249	9212	25155	
1377	9171	24950	
1326	9144	25155	
1341	9121	25102	
1343	9126	25166	
1365	9259	24968	
1412	9216	25079	
1417	9108	25141	
1397	9042	25170	
1423	9288	24927	
1301	9171	24998	
1367	9172	25058	
1337	9182	25060	
1301	9141	25161	
1367	9160	25035	
1377	9184	25194	
1422	9198	25000	
1381	8985	25157	
1373	9099	25119	
1373	9211	24945	
1363	9248	24888	
1398	9380	24891	
1400	9178	24941	
1387	9155	25202	
1333	9191	24969	
1407	9127	25217	
1398	9072	25113	
1294	9082	25211	
1381	9160	25032	
1432	9216	24910	
1267	9211	25065	
1386	9042	25124	
1390	9093	25049	
1324	9162	25095	
1309	9281	25100	
1371	9155	25103	
1347	9309	24890	
1340	9296	24787	
1326	9321	24879	
1370	9139	25197	
1455	9122	24973	
1429	9217	25014	
1322	9272	24852	
1361	9089	25163	
1371	9160	25113	
1365	9304	24939	
1407	9229	25035	
1451	9226	25042	
1350	9129	25130	
1387	9451	24689	
1408	9275	24916	
1382	9175	24976	
1281	9180	24977	
1331	9168	25142	
1357	9234	25011	
1326	9224	24951	
1316	9196	25115	
1331	9110	24995	
1329	9102	25079	
1253	9173	25189	
1407	9139	25080	
1352	9241	24932	
1369	9048	25099	
1346	9286	24973	
1403	9290	24903	
1373	9129	25144	
1429	9268	24912	
1387	9220	25022	
1347	9204	25030	
1355	9013	25215	
1424	9215	25037	
1290	9107	25172	
1324	9259	25091	
1301	9156	25110	
1335	9141	25139	
1378	9191	25038	
1359	9277	25060	
1387	9127	25079	
1335	9177	25144	
1385	9190	24956	
1354	9157	25151	
1406	9284	24996	
1355	9043	25159	
1301	9351	24998	
1395	9216	24965	
1346	9190	24960	
1323	9238	25021	
1318	9054	25133	
1370	9181	25079	
1300	9189	25042	
1344	9302	24948	
1298	9097	25144	
1380	9303	25023	
1330	9150	25136	
1325	9257	24909	
1336	9213	25158	
1319	9246	25022	
1323	9204	25128	
1270	9175	25085	
1413	9190	25038	
1344	9157	25082	
1338	9145	25005	
1374	9210	25013	
1314	9289	25053	
1316	9318	24925	
1388	9342	24951	
1350	9137	25055	
1346	9220	24953	
1238	9238	25055	
1329	9179	25059	
1315	9268	24949	
1395	9293	25019	
1348	9288	24923	
1357	9214	24958	
1315	9169	25033	
1252	9246	25149	
1416	9126	25109	
1398	9265	25023	
1360	9149	25091	
1392	9247	25028	
1290	9284	25018	
1360	9181	25130	
1366	9157	25115	
1338	9274	25004	
1345	9245	25033	
1397	9285	24937	
1400	9233	25040	
1351	9341	24898	
1398	9195	25089	
1289	9211	25161	
1347	9203	24998	
1406	9117	24956	
1341	9148	25151	
1337	9164	25071	
1437	9108	25183	
1465	9188	24945	
1354	9238	24985	
1354	9366	24844	
1402	9318	24876	
1306	9143	25166	
1357	9069	25107	
1351	9180	24947	
1292	9265	25118	
1360	9146	24966	
1396	9261	25019	
1339	9198	25007	
1353	9327	24928	
1321	9267	24975	
1359	9121	25082	
1337	9247	24968	
1409	9316	24890	
1380	9306	24958	
1384	9102	25125	
1366	9370	25012	
1310	9289	25087	
1401	9160	25014	
1361	9153	25104	
1313	9235	25139	
1334	9150	25174	
1408	9096	25117	
1356	9218	25079	
1222	9145	25158	
1338	9231	25021	
1352	9285	25034	
1359	9203	25022	
1289	9183	25172	
1361	9184	25038	
1332	9047	25183	
1294	9186	25091	
1337	9277	25064	
1383	9169	24997	
1397	9222	25086	
1368	9266	25025	
1361	9090	25057	
1338	9273	24902	
1408	9293	25006	
1353	9303	24940	
1382	9265	24807	
1359	9225	25077	
1325	9193	24992	
1334	9358	24992	
1332	9097	25101	
1245	9317	25004	
1376	9345	24817	
1394	9121	25077	
1354	9118	25128	
1391	9379	24775	
1357	9095	25194	
1378	9150	25087	
1348	9180	24987	
1318	9112	25021	
1312	9107	25193	
1314	9227	25072	
1368	9133	25098	
1323	9053	25111	
1341	9276	24966	
1409	9179	24983	
1395	9202	25026	
1381	9126	25067	
1410	9099	24986	
1342	9134	25024	
1321	9268	24963	
1320	9203	25108	
1450	9267	25025	
1325	9196	25014	
1385	9021	25278	
1418	9291	24959	
1328	9350	24893	
1386	9254	24965	
1393	9180	24945	
1295	9189	25036	
1331	9328	24845	
1327	9351	25000	
1379	9289	24939	
1338	9243	25057	
1369	9182	25013	
1253	9365	24989	
1386	9137	25181	
1461	9107	25079	
1409	9302	24916	
1411	9241	25043	
1435	9163	25025	
1383	9050	25096	
1272	9269	25000	
1327	9242	25052	
1472	9039	25170	
1361	9092	25251	
1374	9183	25085	
1338	9250	24957	
1362	9252	24991	
1420	9144	25082	
1437	9015	25148	
1415	9193	24979	
1315	9225	25025	
1327	9245	25050	
1320	9174	25085	
1362	9210	25071	
1335	9191	25037	
1394	9193	24975	
1413	9174	24993	
1415	9149	24940	
1394	9166	25183	
1279	9276	24969	
1389	9286	24899	
1426	9432	24826	
1385	9272	25004	
1371	9033	25139	
1416	9286	24943	
1392	9189	25064	
1369	9032	25284	
1313	9313	25010	
1346	9170	25140	
1362	9125	25121	
1383	9156	25096	
1355	9209	24964	
1359	9382	24848	
1328	9110	25119	
1427	9129	24895	
1445	9076	25154	
1374	9135	25172	
1406	9310	24933	
1370	9177	25000	
1372	9155	25059	
1319	9180	25115	
1370	9256	24927	
1327	9265	24953	
1381	9090	25149	
1330	9064	25208	
1449	9259	24797	
1346	9278	25015	
1383	9230	25039	
1383	9173	25065	
1395	9262	25074	
1355	9147	25188	
1274	9313	24883	
1365	9134	25126	
1330	9203	24968	
1326	9140	25005	
1343	9085	25196	
1410	9284	24978	
1303	9207	25026	
1350	9209	25083	
1391	9121	25165	
1449	9199	25003	
1344	9272	24975	
1275	9029	25235	
1347	9226	24993	
1345	9241	25056	
1363	9255	24944	
1280	9215	25057	
1386	9247	24896	
1431	9260	25080	
1362	9203	24996	
1336	9133	25165	
1350	9207	24979	
1303	9434	24900	
1309	9399	24942	
1345	9277	25073	
1302	9161	25150	
1399	9259	24973	
1380	9210	25119	
1369	9274	25018	
1350	9344	24914	
1356	9156	25077	
1339	9126	25054	
1397	9313	24798	
1393	9273	24945	
1362	9324	24902	
1364	9291	25052	
1354	9103	25185	
1356	9225	25120	
1382	9223	25075	
1403	9264	25026	
1373	9172	25031	
1376	9155	25114	
1294	9309	24857	
1294	9194	25094	
1394	9161	25069	
1323	9036	25209	
1382	9167	25059	
1405	9221	24849	
1352	9104	25192	
1334	9250	24960	
1260	9189	25052	
1372	9108	25169	
1349	9118	25097	
1325	9039	25254	
1399	9260	24976	
1353	9320	24945	
1316	9303	25027	
1431	9253	25102	
1314	9170	24990	
1389	9171	25197	
1305	9090	25087	
1370	9052	25080	
1443	9123	25026	
1340	9429	24762	
1338	9114	25089	
1311	8965	25242	
1346	9216	25034	
1291	9037	25193	
1424	9277	24981	
1313	9415	24952	
1378	9190	24918	
1463	9103	25125	
1303	9208	25083	
1357	9093	25041	
1415	9119	25128	
1382	9232	24962	
1343	9288	25078	
1381	9039	25270	
1453	9114	25020	
1374	9167	25092	
1351	9169	25095	
1241	9246	25046	
1412	9106	25173	
1282	9214	24964	
1405	9262	25026	
1321	9152	25283	
1397	9229	24989	
1371	9189	25058	
1230	9301	24993	
1407	9214	24955	
1348	9192	25080	
1335	9211	24954	
1331	9010	25234	
1399	9131	25146	
1362	9127	25063	
1345	9245	24900	
1406	9178	25149	
1308	9185	25110	
1452	9195	24951	
1393	9117	25141	
1336	9298	25009	
1327	9064	25241	
1335	9154	25100	
1322	9100	25182	
1443	9170	25041	
1301	9169	25061	
1355	9185	25102	
1305	9212	25089	
1248	9202	25052	
1409	9153	25068	
1460	9224	24960	
1344	9217	24946	
1398	9336	24964	
1377	9126	25206	
1329	9224	25066	
1366	9217	25011	
1384	9134	25131	
1316	9041	25174	
1354	9227	25039	
1369	9212	24993	
1308	9372	24881	
1333	9178	25115	
1366	9249	25017	
1304	9137	25090	
1257	9396	25028	
1304	9227	25013	
1376	9108	25187	
1359	9244	25032	
1356	9263	25038	
1356	9141	25113	
1430	9180	25061	
1444	9123	25035	
1437	9126	25101	
1351	9198	24904	
1289	9330	25096	
1393	9181	25041	
1387	9127	25045	
1365	9265	24932	
1354	9238	24984	
1330	9152	25003	
1412	9114	25160	
1353	9015	25138	
1400	9101	25076	
1347	9425	24878	
1399	9365	24906	
1336	9094	25085	
1290	9288	25020	
1373	9127	25049	
1286	9157	24930	
1364	9125	25192	
1372	9175	25056	
1381	9310	24824	
1341	9215	25013	
1471	9139	24976	
1407	9263	24968	
1323	9310	24889	
1367	9162	25107	
1359	9328	24841	
1352	9052	25137	
1392	9109	24995	
1411	9142	25064	
1319	9175	25052	
1326	9265	25028	
1386	9171	25110	
1368	9187	25091	
1430	9118	25094	
1328	9146	25099	
1306	9117	25102	
1359	9071	25089	
1317	9304	24954	
1422	9208	24980	
1374	9155	25087	
1342	9209	25051	
1469	9234	25041	
1356	9080	25137	
1313	9293	25001	
1345	9286	24928	
1320	9174	25102	
1329	9210	25034	
1405	9224	24991	
1427	9205	25046	
1343	9308	24989	
1321	9244	25057	
1384	9250	24937	
1401	9410	24975	
1371	9244	25007	
1339	9393	24901	
1379	9200	25040	
1389	9157	25026	
1391	9258	24922	
1352	9164	25160	
1376	9176	25070	
1352	9304	24983	
1369	9242	25057	
1325	9170	24931	
1337	9187	25103	
1308	9076	25233	
1456	9250	25010	
1271	9073	25178	
1314	9356	24864	
1372	9132	25093	
1368	9196	25026	
1291	9393	24936	
1344	9129	25069	
1338	9265	24989	
1323	9126	25054	
1368	9263	24969	
1426	9040	25092	
1370	9274	24961	
1371	9270	24884	
1323	9202	25007	
1349	9183	25048	
1306	9156	25083	
1396	9227	24923	
1304	9323	25059	
1381	9377	24830	
1270	9263	25094	
1358	9226	25049	
1321	9098	25152	
1354	9372	24920	
1289	9155	25037	
1307	9208	24999	
1380	9197	24960	
1343	9296	25019	
1340	9194	25048	
1318	9167	25095	
1305	9226	24941	
1371	9319	24840	
1351	9029	25144	
1322	9170	25142	
1296	9232	25086	
1388	9075	25212	
1337	9328	24942	
1322	9146	25056	
1294	9218	25025	
1361	9182	25112	
1339	9274	24956	
1400	9082	25042	
1309	9173	25137	
1368	9062	25165	
1332	9265	25068	
1432	9236	25065	
1380	9021	25216	
1336	9296	24989	
1378	9235	25032	
1372	9147	25033	
1386	9166	24920	
1327	9225	24964	
1308	9165	25013	
1322	9207	25101	
1320	9115	25068	
1315	9267	25153	
1376	9092	25150	
1377	9179	24996	
1274	9207	25084	
1350	9171	24919	
1416	9265	24952	
1329	9173	25012	
1324	9169	25119	
1283	9080	25173	
1401	9215	24979	
1321	9146	25067	
1354	9164	25097	
1371	9014	25155	
1381	9182	25060	
1297	9154	25098	
1324	9244	25076	
1330	9266	25005	
1337	9120	24978	
1327	9219	25079	
1310	9123	25024	
1316	9082	25131	
1322	9355	24925	
1328	9144	25134	
1337	9212	25096	
1323	9176	25023	
1361	9177	25011	
1328	9192	25012	
1391	9222	25071	
1372	9210	25003	
1310	9234	25020	
1314	9339	25040	
1230	9188	25150	
1301	9211	25083	
1386	9210	25009	
1405	9065	25050	
1326	9309	25075	
1373	9160	25051	
1389	9267	24908	
1363	9074	25133	
1441	9049	25243	
1368	9181	25061	
1395	9305	24831	
1363	9156	24988	
1366	9299	25023	
1394	9107	25103	
1305	9247	25050	
1369	9297	24813	
1357	9264	24983	
1324	9227	25003	
1389	9131	25081	
1384	9340	24940	
1361	9181	25147	
1382	9160	25056	
1392	9213	25010	
1363	9221	25059	
1377	9200	24974	
1440	9274	24869	
1292	9246	25140	
1325	9000	25323	
1387	9204	24952	
1320	9128	25006	
1301	9190	25111	
1377	9116	25250	
1382	9120	25094	
1357	9149	25091	
1323	9209	24985	
1354	9147	25169	
1288	9013	25234	
1429	9175	25081	
1285	9268	24955	
1325	9363	24981	
1357	9055	25217	
1297	9237	24975	
1380	9080	25169	
1309	9173	24981	
1358	9128	25131	
1282	9158	25130	
1419	9172	24951	
1339	9167	25013	
1379	9154	25062	
1338	9089	25101	
1413	9047	25092	
1307	8985	25223	
1366	9142	25166	
1369	9104	25106	
1355	9091	25059	
1301	9130	25069	
1380	9309	24900	
1288	9215	25035	
1376	9234	25144	
1406	9109	25104	
1381	9025	25253	
1363	9117	25110	
1365	9254	24960	
1369	9194	24982	
1360	9169	25040	
1341	9290	24937	
1393	9060	25113	
1329	9339	24916	
1316	9357	24891	
1389	9150	25084	
1397	9216	25005	
1365	9314	24924	
1295	9305	25094	
1359	9150	25036	
1346	9191	25045	
1267	9123	25074	
1442	9106	25034	
1335	9153	25039	
1383	9197	25003	
1336	9143	25106	
1312	9371	24909	
1330	9201	25072	
1278	9243	25061	
1383	9131	25156	
1346	9225	25005	
1383	9332	24827	
1343	9274	25008	
1344	9067	25166	
1324	9383	24867	
1342	9177	25074	
1357	9202	25106	
1281	9185	25136	
1366	9017	25143	
1377	9222	24944	
1385	9175	25040	
1289	9189	25161	
1423	9368	24936	
1448	9123	25148	
1417	9131	24990	
1402	9138	25131	
1379	9299	24987	
1372	9190	24888	
1336	9127	25209	
1411	9281	24884	
1435	9121	25131	
1388	9214	25133	
1404	9248	24995	
1369	9074	25032	
1350	9207	24985	
1396	9249	24996	
1343	9009	25303	
1329	9289	24997	
1277	9130	25134	
1340	9302	24981	
1344	9305	24927	
1365	9039	25208	
1422	9199	25053	
1363	9226	25022	
1394	9243	24934	
1334	9091	25249	
1387	9120	25078	
1341	9284	25016	
1340	9265	25082	
1382	9216	24977	
1364	9088	25183	
1283	9177	25042	
1385	9281	24995	
1409	9160	25088	
1371	9221	25043	
1270	9229	24980	
1339	9232	25043	
1410	9047	25018	
1435	9200	25004	
1345	9104	25132	
1284	9220	25004	
1350	9245	25006	
1398	9167	25037	
1293	9360	24952	
1347	9329	25101	
1334	9049	25183	
1397	9189	25022	
1428	9251	24932	
1393	9368	24894	
1422	9105	25057	
1348	9216	24964	
1346	9156	25060	
1336	9164	25164	
1338	9271	25027	
1409	9196	25062	
1438	9272	25014	
1323	9094	25204	
1332	9274	24995	
1354	9246	25122	
1484	9042	25021	
1332	9121	25119	
1295	9063	25231	
1417	9223	24973	
1327	9098	25143	
1302	9105	25068	
1420	8970	25217	
1390	9097	25010	
1379	9232	25070	
1345	9169	25122	
1359	9240	24930	
1327	9274	24919	
1311	9195	24924	
1400	9114	25146	
1333	9130	24899	
1345	9137	25084	
1330	9151	25247	
1366	9187	25050	
1325	9227	24986	
1315	9117	24993	
1345	9194	25078	
1284	9218	25043	
1401	9184	24897	
1323	9379	24984	
1293	9202	25089	
1387	9190	25124	
1265	9199	25021	
1353	9283	24868	
1340	9234	25004	
1400	9234	24904	
1351	9100	25051	
1324	9354	24864	
1334	8967	25255	
1371	9243	25078	
1397	9116	25092	
1258	9404	24910	
1341	8993	25186	
1334	9175	25169	
1377	9196	25044	
1350	9003	25247	
1382	9122	25185	
1393	9181	25177	
1421	9225	25101	
1340	9227	25058	
1326	9338	25035	
1359	9159	25185	
1337	9347	24821	
1361	9186	25012	
1364	9245	25070	
1341	9281	25027	
1356	9185	24986	
1353	9184	25078	
1337	9305	25082	
1391	9339	24802	
1375	9176	25081	
1382	9112	25013	
1350	9173	24976	
1346	9202	25061	
1264	9158	25083	
1346	9085	25225	
1343	9196	24954	
1422	9217	25002	
1307	9217	25068	
1389	9127	25142	
1376	9150	25097	
1270	9317	24935	
1294	9358	25028	
1345	9158	25031	
1300	9240	25057	
1401	9183	25089	
1383	9300	24782	
1264	9332	24841	
1280	9287	25023	
1340	9155	25005	
1396	9229	24922	
1350	9291	24899	
1448	9191	25082	
1301	9187	25069	
1412	9320	24961	
1411	9174	25034	
1371	9218	25064	
1363	9211	25009	
1378	9060	25077	
1390	9124	25101	
1343	9059	25159	
1348	9382	24788	
1417	9088	25024	
1323	9106	25050	
1351	9274	25117	
1424	9195	25148	
1388	9229	25051	
1346	9235	25083	
1282	9276	25010	
1357	9115	25169	
1307	9047	25247	
1301	9367	24953	
1384	9198	24924	
1310	9255	24978	
1393	9208	25180	
1442	9213	24958	
1378	9099	25176	
1404	9316	24939	
1347	9124	25180	
1382	9172	25058	
1332	9213	25004	
1268	9198	25082	
1358	9333	24886	
1380	9201	25039	
1387	9296	24847	
1365	9174	25089	
1396	9235	24863	
1287	9271	25022	
1361	9230	25049	
1321	9300	24983	
1322	9142	25037	
1371	9290	24932	
1308	9259	25069	
1384	8934	25193	
1387	9216	25037	
1373	9277	25025	
1393	9055	25146	
1356	9128	24989	
1353	9227	25000	
1400	9255	25081	
1370	9175	24919	
1308	9241	25100	
1360	9183	25105	
1307	9168	25002	
1332	9259	25064	
1358	9189	25043	
1345	9307	24913	
1362	9124	25103	
1364	9116	24998	
1351	9175	24937	
1322	9239	25135	
1310	9181	25031	
1389	9113	25112	
1373	9064	25186	
1430	9120	25083	
1366	9252	25007	
1326	9136	25153	
1379	9185	25007	
1396	9197	24949	
1349	9345	24982	
1363	9305	25013	
1278	9192	25216	
1438	9160	25059	
1332	9308	24966	
1321	9316	25003	
1382	9228	24998	
1380	9070	25008	
1338	9262	25068	
1258	9174	25077	
1348	9125	25059	
1399	9138	25085	
1273	9169	25172	
1409	9167	25054	
1327	9102	25165	
1339	9274	24916	
1411	9158	24968	
1383	9148	25090	
1362	9187	24983	
1290	9244	25046	
1398	9212	25072	
1318	9339	25065	
1416	9160	25089	
1305	9196	25023	
1331	9302	24979	
1407	9203	25040	
1359	9165	25111	
1309	9240	24915	
1261	9257	24975	
1367	9115	25178	
1423	9177	25009	
1345	9045	25189	
1353	9150	25084	
1358	9204	25003	
1420	9250	25060	
1366	9227	24948	
1343	9081	25208	
1344	9238	25063	
1359	9081	25201	
1424	9094	25117	
1359	9249	24980	
1286	9168	24969	
1380	9115	25117	
1373	9220	25003	
1406	9236	24962	
1313	9106	25063	
1314	9161	25115	
1349	9244	24966	
1338	9292	25015	
1417	9241	24937	
1318	9204	25001	
1348	9221	25009	
1333	9151	25152	
1357	9207	25089	
1354	9233	25040	
1344	9105	25183	
1312	9246	25041	
1432	9198	24968	
1312	9196	25040	
1373	9248	25005	
1312	9113	25060	
1330	9265	24961	
1352	9168	25140	
1333	9176	25078	
1269	9301	24967	
1322	9131	25138	
1404	9310	24888	
1359	9104	25095	
1352	9083	25073	
1289	9379	24882	
1373	9178	25028	
1340	9163	25064	
1357	9114	25006	
1350	9244	25011	
1343	9225	25019	
1351	9043	25205	
1406	9120	25028	
1311	9235	24985	
1391	9245	24878	
1346	9142	25170	
1332	9134	25182	
1357	9135	25044	
1348	9268	24781	
1368	9251	25009	
1364	9246	25047	
1335	9186	25102	
1424	9194	25044	
1384	9170	25023	
1401	9030	25113	
1407	9032	25179	
1391	9042	25135	
1351	9168	25070	
1312	9172	25137	
1359	9157	25109	
1346	9223	25025	
1382	9216	24942	
1350	9115	25136	
1417	9058	25155	
1349	9211	25059	
1293	9136	25018	
1344	9320	24887	
1372	9148	25188	
1324	9101	25217	
1380	9202	24879	
1327	9272	24912	
1380	9252	24953	
1366	9168	25079	
1331	9090	25232	
1348	9063	25166	
1377	9168	25088	
1401	9250	24896	
1346	9312	24894	
1432	9263	24914	
1356	9202	25016	
1304	9091	25017	
1357	9059	25270	
1335	9152	25075	
1286	9239	25118	
1352	9232	24996	
1339	9180	25134	
1376	9236	24974	
1448	9346	24812	
1337	9307	25054	
1326	9225	25104	
1313	9213	24940	
1260	9369	24973	
1303	9028	25107	
1381	9122	25007	
1354	9270	25014	
1315	9294	25111	
1343	9194	25051	
1348	9243	24975	
1383	9102	25055	
1395	9117	25041	
1353	9301	24964	
1336	9386	24957	
1340	9154	25014	
1339	9327	25013	
1393	9154	25012	
1369	9119	25087	
1355	9047	25092	
1366	9223	24866	
1441	9207	25099	
1279	9253	25022	
1355	9069	25075	
1361	9237	25031	
1368	9168	25039	
1294	9253	25009	
1292	9115	25133	
1295	9294	24879	
1277	9200	25088	
1465	9201	24969	
1380	9206	24968	
1409	9166	25013	
1354	9249	25004	
1393	9130	25105	
1386	9010	25248	
1405	9217	25028	
1372	9240	25046	
1395	9204	25106	
1294	9138	25111	
1406	9105	25139	
1389	9184	25179	
1282	9222	25193	
1309	9292	24961	
1373	9232	24997	
1349	9250	24964	
1360	9222	25056	
1350	9193	25105	
1344	9120	25167	
1348	9212	24962	
1363	9373	24989	
1315	9139	25074	
1283	9068	25164	
1296	9146	25108	
1361	9147	25103	
1355	9252	25129	
1308	9418	24970	
1416	9206	25076	
1333	9264	24979	
1358	9175	25160	
1355	9125	25160	
1369	9214	24949	
1316	9225	25017	
1372	9202	24965	
1379	9128	25043	
1384	9288	24957	
1348	9214	25098	
1351	9297	24906	
1405	9193	25048	
1363	9303	24954	
1365	9075	25139	
1318	9247	25040	
1398	9338	24776	
1343	9166	25122	
1379	9121	25163	
1271	9178	25025	
1369	9188	24953	
1327	9296	24961	
1376	8934	25404	
1367	9145	25064	
1375	9179	24994	
1318	9208	25011	
1373	9071	25109	
1321	9180	25170	
1287	9197	25161	
1381	9243	25068	
1299	9195	25114	
1402	9185	25131	
1445	9099	25028	
1356	9181	25163	
1361	9203	25064	
1384	9180	25044	
1357	9296	24911	
1335	9300	24956	
1354	9265	24951	
1365	9265	24908	
1329	9349	24908	
1319	9116	25141	
1416	9209	25066	
1332	9317	24977	
1332	9286	24927	
1343	9223	25064	
1435	9154	25010	
1393	9067	25014	
1434	9046	25066	
1382	9223	25070	
1329	9189	25243	
1364	9148	25021	
1370	9189	25079	
1280	9460	24867	
1365	9080	25125	
1395	9187	25066	
1364	9312	24912	
1339	9226	25029	
1327	9136	25287	
1319	9097	25206	
1373	9250	25101	
1438	9260	24952	
1351	9184	24980	
1290	9133	25197	
1328	9081	24938	
1377	9129	25119	
1461	9230	24917	
1307	9153	25079	
1327	9243	25028	
1335	9214	25012	
1367	9082	25104	
1359	9018	25232	
1377	9201	24947	
1286	9260	24882	
1310	9100	25120	
1398	9198	25061	
1402	9178	25002	
1423	9038	25146	
1345	9317	24985	
1306	9409	24843	
1384	9314	25018	
1343	9106	25160	
1361	9241	24990	
1307	9265	25070	
1371	9174	25021	
1312	9079	25038	
1347	9216	25113	
1337	9168	24926	
1415	9034	25132	
1334	9262	25102	
1334	9108	25036	
1350	9275	24975	
1333	9102	25164	
1395	9223	25051	
1327	9210	25046	
1292	9243	24945	
1413	9203	25012	
1332	9173	25018	
1382	9372	24951	
1360	9164	25061	
1378	9047	25194	
1318	9264	25059	
1390	9162	24939	
1320	9238	25122	
1377	9446	24816	
1361	9142	25116	
1357	9266	24959	
1392	9155	25070	
1319	9169	25087	
1385	9093	25103	
1346	9264	24948	
1336	9062	25312	
1374	9075	25108	
1283	9088	25173	
1338	9225	25002	
1372	9109	25151	
1351	9059	25106	
1360	9090	25058	
1295	9067	25139	
1346	9251	24991	
1318	9179	25053	
1332	9192	24965	
1366	9152	25005	
1330	9145	25194	
1386	9132	25018	
1364	9160	25125	
1360	9244	25053	
1389	9146	25067	
1301	9338	24929	
1299	9291	25085	
1295	9236	25019	
1370	9285	24898	
1312	9228	25022	
1283	9191	25072	
1362	9063	25064	
1313	9228	24973	
1377	9230	25046	
1289	9253	25051	
1430	9197	24962	
1305	9182	24941	
1319	9284	25106	
1352	9240	25044	
1370	9020	25209	
1282	9237	25037	
1390	9211	24956	
1296	9125	25128	
1375	9287	24909	
1417	9274	25061	
1398	9182	25021	
1302	9219	24927	
1343	9254	24899	
1328	9117	25161	
1359	9099	25070	
1319	9210	25010	
1356	9167	25056	
1363	9256	24825	
1320	9251	24951	
1277	9158	25141	
1247	9250	24958	
1319	9180	25071	
1371	9240	25106	
1408	9086	25081	
1353	9123	25020	
1388	9137	25001	
1370	9322	24988	
1361	9217	25008	
1309	9170	25053	
1355	9301	25045	
1392	9338	25014	
1432	9148	25024	
1341	9021	25133	
1302	9181	25094	
1333	9175	25068	
1406	9212	25115	
1344	9266	24953	
1423	9134	24996	
1397	9360	24837	
1288	9257	24990	
1358	9140	25107	
1435	9216	25095	
1387	9257	25146	
1414	9018	25178	
1408	9304	24875	
1371	9186	24915	
1382	9127	25204	
1362	9074	25179	
1372	9193	25071	
1332	9270	24952	
1388	9109	25130	
1317	9062	25176	
1294	9130	25152	
1361	9224	25017	
1385	9243	25015	
1361	9478	24862	
1282	9274	24973	
1302	9148	25134	
1422	9155	25075	
1346	9188	24988	
1330	9156	25047	
1389	9168	25110	
1388	9102	25030	
1381	9171	24977	
1346	9227	24929	
1338	9219	25058	
1396	9158	25106	
1376	9206	24971	
1326	9363	25001	
1305	9140	25087	
1323	9246	24957	
1392	9328	24936	
1374	8990	25185	
1324	9083	25136	
1385	9123	25037	
1306	9113	25158	
1398	9238	24941	
1373	9125	25110	
1334	9190	25139	
1420	9248	25026	
1395	9198	25005	
1277	9270	25071	
1442	9205	24970	
1365	9208	25063	
1404	9223	24817	
1281	9236	25116	
1298	9105	25043	
1293	9269	24951	
1388	9162	25193	
1310	9219	25038	
1295	9204	24959	
1329	9139	24917	
1366	9134	25043	
1326	9110	25119	
1348	9219	25106	
1339	9340	24927	
1376	9091	25231	
1267	9214	25061	
1374	9220	24930	
1302	8961	25172	
1359	9029	25218	
1316	9263	25071	
1358	9302	25038	
1380	9084	25055	
1314	9157	25006	
1393	9302	24933	
1309	9109	25125	
1369	9182	24952	
1303	9263	25108	
1313	9298	24881	
1419	9281	24795	
1374	9118	25141	
1388	9257	24871	
1407	9248	24878	
1324	9204	25021	
1354	9237	24970	
1351	9323	24969	
1362	9223	24976	
1326	9159	25218	
1432	9292	24927	
1371	9301	24881	
1438	9190	24953	
1331	9035	25318	
1399	9321	24915	
1422	9240	24969	
1360	9145	25127	
1343	9241	24937	
1364	9276	24975	
1294	9077	25206	
1377	9201	24945	
1380	9156	25105	
1381	9404	24742	
1269	9196	25057	
1296	9103	25086	
1339	9129	25064	
1420	9159	25061	
1380	9221	25088	
1388	9271	24992	
1326	9305	24966	
1482	9143	24981	
1365	9077	25003	
1405	9118	25005	
1359	9305	24980	
1472	9219	24927	
1359	9232	24976	
1381	9170	25067	
1439	9183	24941	
1337	9190	25022	
1336	9365	24882	
1338	9028	25168	
1442	9149	25002	
1326	9321	24960	
1335	9312	24926	
1364	9316	24990	
1484	9268	25022	
1370	9082	25162	
1416	9242	25055	
1257	9191	25036	
1446	9165	24932	
1348	9191	25096	
1335	9287	25050	
1310	9101	25078	
1271	9158	25140	
1360	9224	24926	
1313	9253	24935	
1394	9230	24991	
1364	9213	24975	
1258	9211	25095	
1474	9202	25091	
1318	9117	24990	
1414	9198	25062	
1338	9135	25154	
1332	9377	24799	
1349	9093	25190	
1345	9282	24933	
1452	9085	25074	
1294	9200	25181	
1345	9223	24905	
1385	9241	25060	
1339	9196	25058	
1332	9105	25150	
1308	9199	24997	
1347	9255	24985	
1419	9126	25120	
1337	9259	25018	
1395	9139	25092	
1462	9115	25109	
1340	9196	25123	
1323	9185	25072	
1437	9290	24914	
1442	9234	24910	
1317	9195	24901	
1424	9188	25091	
1372	9221	24979	
1339	9211	24992	
1420	9174	25029	
1358	9036	25162	
1387	9227	25010	
1389	9221	24936	
1346	9229	25039	
1389	9137	25158	
1370	9131	25122	
1402	9172	24984	
1398	9063	25155	
1292	9113	25084	
1350	9304	24925	
1395	9314	24837	
1355	9310	24982	
1381	9318	25013	
1327	9235	25038	
1382	9306	25051	
1380	9421	24809	
1318	9220	25097	
1348	9161	25198	
1390	9146	25124	
1351	9100	25079	
1331	9097	25145	
1372	9188	25052	
1309	9241	25156	
1331	9388	24875	
1339	9301	24754	
1360	9234	25093	
1330	9147	25127	
1386	9131	25136	
1446	9056	25117	
1287	9197	25144	
1334	9241	24921	
1325	9249	25037	
1304	9141	25128	
1378	9186	25041	
1366	9167	25113	
1398	9301	24891	
1365	9292	24904	
1402	9262	24919	
1415	9206	24911	
1394	9218	25006	
1341	9134	25020	
1319	9336	24935	
1353	9424	24866	
1382	9084	25082	
1382	9131	25175	
1376	9119	25128	
1337	9350	24859	
1363	9223	24982	
1390	8955	25285	
1332	9218	25068	
1404	9167	25142	
1389	8977	25041	
1315	9266	24932	
1301	9127	25145	
1390	9160	24981	
1394	9186	25048	
1392	9344	24885	
1319	9193	25094	
1362	9249	24958	
1390	9147	25077	
1280	9232	25084	
1411	9370	24821	
1370	9262	25033	
1356	9281	24917	
1363	9134	25183	
1347	9289	24934	
1337	9164	25017	
1342	9324	24908	
1356	9141	25121	
1374	9142	25096	
1326	9210	25078	
1397	9046	25152	
1409	9184	25020	
1367	9198	24993	
1384	9160	25003	
1397	9192	24965	
1265	9255	24966	
1410	9129	25116	
1265	9189	25108	
1432	9142	25057	
1280	9321	24911	
1373	9204	24970	
1276	9152	25052	
1328	9245	25038	
1339	9141	25132	
1344	9336	24959	
1312	9090	25194	
1368	9246	24876	
1352	9080	25211	
1364	9151	24972	
1328	9120	25041	
1393	9295	24935	
1315	9202	25031	
1308	9290	24875	
1443	9002	25157	
1280	9289	25123	
1421	9128	25024	
1243	9279	25047	
1333	9230	25067	
1408	9203	24993	
1442	9211	24961	
1395	9262	25171	
1323	9303	24982	
1402	9093	25113	
1366	9315	24937	
1338	9232	25081	
1361	9225	24958	
1290	9189	25068	
1308	9129	25058	
1333	9135	25053	
1327	9323	25026	
1317	9205	24991	
1403	9038	25059	
1339	9208	25040	
1427	9228	24851	
1356	9334	24840	
1326	9187	25067	
1362	9165	24995	
1335	9314	24975	
1380	9185	24970	
1312	9037	25218	
1412	9129	25067	
1378	9121	25026	
1375	9284	24969	
1335	9117	25173	
1346	9240	25062	
1364	9298	24951	
1335	9191	24950	
1401	9320	24951	
1351	9118	24911	
1371	9247	24998	
1379	9083	25146	
1469	9141	24995	
1310	9115	25088	
1379	9177	25056	
1420	9187	24991	
1381	9213	25006	
1302	9185	25162	
1377	9098	25059	
1388	9244	25021	
1319	9340	24919	
1398	9161	24977	
1345	9164	25061	
1350	9235	25086	
1352	9347	24950	
1336	9236	25101	
1309	9205	24991	
1388	9189	24970	
1370	9217	25142	
1232	9197	25083	
1421	9260	24971	
1308	9345	24996	
1333	9137	25210	
1364	9071	25091	
1313	9182	25135	
1359	9059	25101	
1313	9145	25113	
1411	9190	24940	
1310	9123	25107	
1330	9162	25119	
1397	9082	25113	
1432	9253	25029	
1352	9070	25158	
1331	9198	25164	
1359	9182	25028	
1403	9091	25124	
1290	9139	25098	
1279	9053	25164	
1374	9295	25077	
1283	9304	24920	
1385	9103	25024	
1383	9311	24964	
1434	9336	24873	
1326	9317	24992	
1443	9273	24978	
1389	9310	24927	
1372	9212	25005	
1397	9139	25081	
1292	9159	25044	
1467	9157	24976	
1361	9215	25041	
1319	9159	25102	
1366	9244	24947	
1350	9245	25005	
1331	9160	24997	
1306	9234	25125	
1354	9179	25129	
1325	9222	25040	
1301	9126	25156	
1347	9355	24913	
1333	9271	24960	
1332	9243	25010	
1301	9235	25057	
1370	9104	25098	
1344	9111	25162	
1279	9300	25002	
1325	9167	25143	
1306	9308	25049	
1352	9152	25039	
1402	9149	25061	
1380	9004	25077	
1443	9102	25094	
1376	9196	25057	
1386	9238	25017	
1408	9124	25114	
1437	9073	25162	
1265	9173	25120	
1329	9152	25159	
1263	9229	24972	
1344	9232	25144	
1283	9212	25124	
1431	9168	25074	
1371	9292	24895	
1442	9220	24957	
1302	9234	24881	
1408	9206	24941	
1405	9307	24912	
1385	9270	25085	
1427	9227	24960	
1311	9229	25027	
1324	9238	25066	
1343	9357	24938	
1351	9216	25004	
1272	9228	25092	
1346	9324	24953	
1404	9085	25196	
1393	9190	25014	
1367	9208	25021	
1351	9147	25141	
1328	9357	24911	
1360	9183	24984	
1320	9296	24794	
1387	9002	25197	
1326	9107	25104	
1330	9090	25055	
1384	9219	25045	
1409	9319	24839	
1337	9192	25076	
1359	9253	25043	
1431	9127	24987	
1371	9283	24957	
1325	9205	24992	
1379	9072	25145	
1362	9180	25010	
1427	9137	25072	
1430	9264	25043	
1307	9293	24938	
1341	9231	24974	
1335	9288	25048	
1329	9363	24936	
1336	9273	25008	
1336	9276	25031	
1320	9153	25200	
1382	9111	25181	
1398	9116	24997	
1391	9361	24893	
1365	9357	24868	
1352	9150	25137	
1389	9180	24982	
1368	9106	25092	
1354	9142	25102	
1415	9246	24987	
1364	9276	25058	
1358	9158	25026	
1330	9082	25210	
1420	9121	25165	
1324	9064	25237	
1323	9270	24993	
1248	9204	25019	
1361	9151	25049	
1374	9084	25106	
1360	9210	25089	
1382	9188	25037	
1329	9261	25052	
1378	9141	25210	
1381	8987	25322	
1287	9147	25085	
1393	9279	24835	
1363	9212	24951	
1359	9191	25069	
1358	9121	25053	
1359	9219	25075	
1437	9063	25112	
1301	9427	24867	
1329	9133	25141	
1360	9169	25022	
1447	9134	25030	
1377	9117	25133	
1377	9003	25149	
1429	9144	25123	
1317	9133	25127	
1370	9293	24963	
1369	9107	25034	
1390	9106	25106	
1397	9151	25034	
1367	9020	25137	
1328	9062	25046	
1370	9283	24970	
1333	9246	24964	
1351	9227	25065	
1300	9340	24948	
1341	9319	24988	
1376	9299	25056	
1322	9215	24996	
1389	9316	24917	
1354	9052	25166	
1403	9284	24944	
1328	9190	25014	
1276	9095	25124	
1361	9329	24914	
1364	9090	25265	
1335	9296	24956	
1362	9196	24965	
1284	9070	25282	
1403	9118	25016	
1348	9106	25171	
1371	9165	25127	
1325	9275	24974	
1395	9143	25136	
1390	9331	24933	
1367	8946	25215	
1450	9133	25172	
1309	9150	25165	
1328	9159	25153	
1217	9516	24825	
1324	9283	25016	
1356	9112	25149	
1337	9370	24879	
1428	9174	25044	
1304	9285	24896	
1343	9116	25110	
1217	9105	25108	
1381	9231	25146	
1339	9192	25039	
1319	9176	25177	
1343	9176	25035	
1294	9049	25208	
1308	9092	25090	
1303	9241	24990	
1346	9121	25028	
1324	9161	25183	
1323	9411	24941	
1349	9040	25189	
1378	9163	25006	
1368	9127	25077	
1395	9251	24895	
1352	9328	24962	
1282	9206	24971	
1361	9095	25054	
1414	9354	24806	
1358	9237	25047	
1293	9228	25060	
1381	9255	24893	
1404	9160	25141	
1367	9078	25154	
1292	9152	25005	
1336	9246	24997	
1302	9254	25062	
1399	9262	24966	
1366	9321	24867	
1337	9202	25027	
1310	9221	25107	
1320	9140	25026	
1336	9179	24971	
1304	9204	25131	
1310	9178	25083	
1327	9193	25123	
1312	9266	25015	
1432	9212	24859	
1312	9285	25042	
1377	9187	25042	
1288	9365	24945	
1472	9040	25141	
1342	9126	25120	
1245	9231	25024	
1331	9214	25068	
1346	9163	25096	
1319	9179	25045	
1306	9345	24967	
1335	9116	25225	
1339	9350	24999	
1338	9215	25005	
1371	9118	25127	
1395	9066	25122	
1405	9093	25108	
1335	9198	25011	
1394	9105	25051	
1350	9130	25159	
1390	9200	24984	
1383	9107	24916	
1297	9145	25134	
1282	9255	24869	
1356	9129	24942	
1345	9241	25037	
1340	9199	25003	
1372	9274	24991	
1397	9078	25107	
1386	9284	24886	
1363	9345	24795	
1340	9251	25089	
1359	9224	24991	
1328	9070	25228	
1373	9048	25200	
1419	9210	25023	
1240	9387	24904	
1447	9160	25080	
1374	9239	24968	
1409	9248	24982	
1423	9221	24888	
1315	9280	25075	
1411	9024	25182	
1307	9175	25083	
1365	9116	25086	
1302	9183	25020	
1323	9101	25167	
1366	8942	25177	
1331	9170	25101	
1357	9093	25131	
1384	9206	24956	
1349	9007	25157	
1436	9160	24983	
1420	9216	25072	
1339	9100	25059	
1377	9251	24868	
1314	9212	25041	
1309	9131	25220	
1332	9162	25168	
1343	9219	24995	
1354	9296	24965	
1416	9261	24914	
1330	9168	25147	
1391	9139	25144	
1419	9137	25175	
1407	9141	25081	
1405	9071	25139	
1320	9108	25115	
1388	9099	25048	
1356	9190	24973	
1355	9260	25053	
1372	9227	24948	
1283	9087	25130	
1335	9165	25061	
1351	9201	25003	
1387	9151	25061	
1445	9256	25028	
1356	9177	25084	
1320	9179	25183	
1408	9159	25057	
1314	9295	24971	
1394	9266	24934	
1385	9154	25185	
1259	9302	25050	
1347	9218	25060	
1318	9111	25211	
1356	9210	25065	
1378	9283	24915	
1447	9179	24891	
1322	9280	24999	
1373	9314	24913	
1460	9136	25038	
1327	9277	24941	
1305	9155	25074	
1294	9202	25088	
1373	9210	25025	
1301	9196	25076	
1322	9195	24894	
1341	9327	24960	
1297	9339	24949	
1325	9128	25022	
1410	9201	25016	
1335	9255	25065	
1308	9233	24987	
1370	9148	25123	
1320	9228	25063	
1337	9036	25087	
1360	9090	25119	
1397	9257	24914	
1346	9237	25005	
1262	9153	25061	
1295	9093	25121	
1303	9130	25004	
1373	9174	25103	
1313	9048	25176	
1376	9162	25213	
1261	9402	24893	
1406	9097	25011	
1322	9111	25189	
1314	9267	25019	
1298	9166	25113	
1354	9184	25017	
1354	9170	25113	
1318	9126	25048	
1381	9129	25148	
1354	9298	24893	
1385	9085	25116	
1395	9172	25051	
1319	9182	25163	
1361	9133	25067	
1316	9212	25019	
1340	9230	25004	
1352	9187	24995	
1375	9174	24988	
1376	9102	25126	
1356	9045	25062	
1325	9275	25032	
1344	9166	25049	
1357	9085	25144	
1259	9273	24980	
1374	9056	25222	
1381	9131	25161	
1319	9176	24987	
1365	9356	24784	
1369	9308	24914	
1361	9310	24993	
1364	9227	24959	
1380	9309	24970	
1461	9099	25046	
1327	9160	24982	
1424	9222	25014	
1312	9112	25075	
1348	9263	24920	
1377	9005	25248	
1335	9146	25056	
1386	8985	25236	
1379	9185	25067	
1338	9100	25210	
1322	9324	24907	
1333	9304	25059	
1354	9255	24897	
1426	9163	25116	
1387	9075	25145	
1349	9184	25060	
1347	9097	25144	
1402	9188	24961	
1383	9034	25220	
1304	9101	25191	
1326	9120	25223	
1388	9248	25123	
1350	9369	24922	
1373	9152	25156	
1341	9203	24901	
1337	9230	25017	
1327	9123	25139	
1408	9158	25118	
1312	9153	25141	
1383	9107	25075	
1299	9287	24970	
1340	9296	24979	
1262	9292	24907	
1393	9244	25025	
1334	8985	25180	
1317	9162	25127	
1366	9086	25147	
1357	9190	25058	
1369	9281	24995	
1453	9123	25031	
1365	9167	24962	
1336	9302	24918	
1332	9285	25077	
1365	9206	25016	
1372	9165	24946	
1411	9009	25185	
1352	9115	25130	
1344	9184	25166	
1325	9265	25017	
1298	9193	25187	
1408	9260	25005	
1417	9119	25083	
1352	9177	25119	
1371	9102	25125	
1310	9077	25042	
1307	9224	25094	
1332	9336	24943	
1316	9104	25152	
1417	9076	25008	
1302	9158	25090	
1379	9091	25066	
1386	9098	25067	
1356	9254	24958	
1383	9213	24896	
1335	9228	24991	
1338	9112	25194	
1399	9322	24969	
1344	9278	24944	
1303	9131	25049	
1353	9192	25127	
1340	9230	25067	
1377	9273	25024	
1354	9151	25121	
1401	9181	25136	
1366	9281	24883	
1381	9283	24877	
1336	9237	24970	
1361	9231	25060	
1369	9327	24840	
1391	9280	24901	
1345	9134	25076	
1388	9207	24958	
1322	9193	25122	
1370	9073	25145	
1316	8997	25236	
1338	9066	25267	
1390	9305	24830	
1285	9238	25047	
1331	9169	25024	
1372	9289	24980	
1431	9340	24807	
1360	9251	24930	
1435	9095	25077	
1389	9113	24998	
1340	9134	25179	
1307	9246	25049	
1366	9215	25031	
1369	9148	25053	
1334	9097	25234	
1316	9315	24963	
1424	9083	25086	
1322	9189	25114	
1438	9187	25037	
1325	9085	25184	
1348	9337	24909	
1346	9139	25067	
1438	9151	25026	
1328	9252	24897	
1415	9115	24991	
1419	9167	25023	
1405	9178	24923	
1353	9127	25066	
1424	9236	24978	
1298	9186	25077	
1321	9218	24967	
1231	9075	25180	
1367	9231	25003	
1372	9265	24972	
1430	9212	24882	
1282	9385	25009	
1258	9161	25164	
1417	9161	25017	
1315	9261	25161	
1412	9109	24945	
1390	9023	25224	
1376	9366	24926	
1301	9156	25053	
1391	9213	24994	
1343	9329	24973	
1408	9117	25005	
1309	9098	25146	
1286	9154	25064	
1366	9217	24994	
1392	9365	24775	
1327	9280	25110	
1371	9277	24984	
1369	9260	25027	
1343	9339	24962	
1413	9391	24825	
1390	9157	25076	
1370	9149	25212	
1338	9210	25092	
1393	9225	24992	
1327	9086	25238	
1327	9128	25120	
1335	9141	25142	
1312	9284	25109	
1352	9199	25008	
1318	9236	24971	
1408	9116	25044	
1387	9014	25175	
1339	9334	24893	
1279	9196	25051	
1431	9238	24964	
1380	9160	25000	
1264	9287	24997	
1357	9153	24999	
1312	9222	24946	
1295	9374	24783	
1358	9102	25117	
1292	9098	25146	
1336	9286	24843	
1381	9277	24982	
1396	9188	24958	
1298	9186	25089	
1353	9389	24821	
1346	9256	25021	
1409	9083	25063	
1380	9043	25082	
1370	9086	25179	
1402	9126	24956	
1277	9384	24945	
1343	9039	25268	
1361	9216	24979	
1319	9210	25018	
1368	9263	24864	
1362	9055	25201	
1333	9222	25071	
1337	9171	25073	
1348	9170	25117	
1286	9353	25070	
1396	9189	25135	
1325	9304	25007	
1395	9208	25055	
1305	9216	25029	
1478	9098	25017	
1309	9243	25061	
1345	9301	24978	
1367	9212	24978	
1314	9306	24838	
1283	9378	24936	
1282	9117	25049	
1338	9213	25099	
1394	9268	24984	
1339	9090	25124	
1363	9069	25168	
1426	9100	25012	
1402	9137	25135	
1371	9243	25014	
1395	9148	25031	
1356	9199	24992	
1329	9130	25135	
1403	9086	25034	
1347	9186	25078	
1358	9190	25059	
1362	9138	25120	
1326	9417	24862	
1318	9078	25159	
1455	9205	24951	
1352	9119	25073	
1330	9226	25004	
1382	9175	25073	
1414	9262	24926	
1424	9118	25098	
1363	9189	25105	
1244	9147	25048	
1329	9210	25081	
1307	9196	25025	
1315	9092	25172	
1313	9218	25085	
1370	9174	25140	
1405	9153	25007	
1372	9237	24965	
1359	9085	25196	
1333	9193	24897	
1377	9182	24917	
1384	9089	25226	
1363	9224	24966	
1367	9205	25049	
1328	9295	24978	
1355	9222	25031	
1388	9125	25089	
1322	9307	24937	
1354	9243	25006	
1305	9229	25084	
1342	9250	24891	
1350	9191	25076	
1321	9206	25051	
1405	9156	25242	
1357	9201	24991	
1443	9229	24993	
1402	9209	25061	
1397	9222	25041	
1392	9195	25018	
